1.7063462e-08
5.5463705e-09
1.8637298e-08
3.2675874e-08
3.2986122e-10
2.0351703e-09
1.8129324e-08
1.352682e-08
1.5862243e-08
5.910754e-09
3.137065e-07
2.8023493e-08
1.2503883e-08
4.4302948e-07
8.3170306e-08
2.1697423e-08
2.9708852e-07
4.24732e-09
3.8449986e-08
3.2296876e-07
1.4965914e-07
7.3514386e-08
8.697951e-09
1.0665441e-07
1.6506296e-07
6.805413e-08
4.9765084e-08
3.2215716e-08
5.2134556e-08
1.3020251e-07
8.8607266e-08
1.9067951e-07
2.4017739e-08
3.1031973e-07
2.0435697e-07
6.249525e-10
5.0624042e-08
2.7424361e-08
1.6041278e-07
7.70166e-08
3.8561146e-07
4.2061043e-07
2.9001833e-07
1.987504e-07
1.93937e-11
1.4800895e-07
2.131566e-07
2.6561253e-07
4.775357e-07
6.509924e-08
7.6328945e-08
2.040136e-08
3.0791096e-08
6.1307037e-07
4.9566216e-07
6.540025e-07
1.1665144e-06
1.2792486e-06
2.934539e-10
4.7501086e-07
6.86303e-07
6.9707094e-06
2.939524e-06
1.0733508e-05
1.6533755e-05
3.8547823e-05
8.048226e-08
3.7207244e-07
7.2362764e-07
0.00013398615
0.00030586126
0.0001940137
7.685652e-07
3.5098552e-07
0.00034065038
0.97735465
0.22853398
2.060718e-06
8.020218e-07
1.0255548e-06
0.0039393483
8.0593265e-05
3.300771e-05
0.0006147825
8.701875e-06
1.6639875e-05
8.1689046e-07
4.0969946e-05
1.4236109e-06
2.410789e-06
2.0601142e-06
7.3653787e-06
0.0018430261
2.9238108e-06
6.6744974e-06
2.0539036e-07
2.1314415e-07
4.7896334e-05
1.3070385e-06
2.7683827e-05
