7.561036e-09
1.1703518e-08
3.7220749e-09
3.724913e-08
3.2109277e-09
4.1680415e-09
3.708285e-08
2.140712e-08
1.11877156e-07
3.123895e-08
7.015661e-09
1.6554453e-07
2.8856709e-08
3.941821e-09
1.4635158e-07
3.5801912e-07
1.3896009e-07
1.3840341e-07
7.1613346e-09
3.114196e-07
1.05617474e-07
2.4741594e-08
1.1781315e-10
3.8253436e-08
3.9746453e-08
1.720198e-07
3.446786e-07
7.16679e-09
1.8409142e-07
3.9424922e-08
1.977886e-07
1.3118685e-07
1.4733473e-07
1.8561306e-07
2.336997e-07
1.7861822e-07
2.3798535e-07
2.3185646e-07
2.0358998e-07
2.7005734e-07
1.0544317e-07
1.1734889e-07
1.1293708e-09
1.0159378e-07
4.0386277e-07
4.794906e-07
1.18896835e-07
3.0884155e-07
7.220091e-07
1.2293282e-07
5.292198e-08
4.3102332e-08
5.198472e-07
8.2360216e-08
5.145661e-08
1.3027853e-06
4.8117647e-07
1.3212382e-06
7.536301e-07
1.5070518e-07
5.1591394e-07
3.9549795e-07
3.24264e-07
1.1667706e-06
4.3392367e-07
6.922602e-08
1.4611268e-06
1.7045144e-07
7.669944e-08
1.5785852e-07
1.5846094e-07
2.995166e-07
9.884602e-07
7.395555e-07
2.0122882e-06
6.7511644e-07
2.7750696e-06
1.9373138e-06
3.8040569e-06
4.463145e-07
1.8114994e-05
3.583969e-06
6.2654053e-06
2.1866406e-05
5.749259e-06
4.9979037e-05
0.00026409994
8.236462e-05
6.248015e-05
0.00042033326
4.2615164e-05
3.8605103e-05
0.0011055898
0.0016751816
0.00880772
0.99364746
2.6842592e-06
1.5123488e-05
3.022509e-05
1.8780024e-06
