6.624688e-09
1.05947935e-08
5.9273113e-08
6.096587e-08
9.9353706e-08
1.2081169e-07
3.099377e-08
2.9248823e-10
1.5513811e-07
9.258752e-08
5.947438e-08
3.9831747e-08
2.293967e-08
1.218891e-07
6.457169e-08
1.18691986e-07
2.612e-07
5.354822e-09
6.66587e-09
1.0852313e-07
1.4862261e-09
1.03505435e-08
2.3117497e-08
1.324746e-08
6.6217035e-07
1.7486596e-07
2.2440646e-07
2.438191e-07
3.0974127e-07
2.0334353e-07
1.9270011e-07
1.7821476e-07
5.1714017e-07
5.090898e-07
4.4296755e-08
1.4882298e-07
1.6959655e-09
3.863167e-08
7.503752e-07
7.182492e-07
3.1238507e-08
1.4169312e-07
1.2994644e-08
1.3609741e-09
1.09342196e-07
1.5058497e-09
7.6675553e-07
8.1235463e-10
5.7910074e-07
6.6023904e-07
3.4263357e-07
6.410193e-07
2.8056047e-07
9.657224e-08
1.0379422e-06
5.6756835e-07
7.682472e-07
1.2982938e-06
1.1721762e-06
1.9284835e-07
1.0707023e-06
1.4679591e-06
1.2985323e-07
2.6300813e-07
4.5758e-07
2.0113642e-07
1.0981116e-06
6.2773875e-06
6.3071184e-06
2.5643662e-06
1.7774667e-06
4.012683e-06
2.0893217e-06
2.223442e-06
1.1463614e-05
2.259217e-05
7.645847e-06
7.739275e-05
3.778324e-05
1.0640403e-05
4.4982207e-05
0.00013207915
9.8064775e-05
0.0060110264
0.00047919646
0.93070287
0.23337866
1.6882046e-05
0.00026040818
3.000657e-07
1.1379616e-05
0.0002819609
0.0022979383
4.4300586e-07
3.907181e-05
0.00056692475
1.990425e-06
6.605952e-05
0.0002436667
9.166389e-06
