1.0607208e-08
2.552291e-08
3.2277246e-08
2.2880975e-09
3.047604e-08
4.0175188e-09
4.3484363e-08
7.079418e-08
1.27820945e-08
8.10595e-10
1.2798144e-07
1.2993742e-09
4.5327628e-08
9.0543466e-08
4.502185e-08
8.345638e-08
7.881604e-10
1.1052734e-07
3.127988e-07
4.6609593e-08
3.925442e-07
5.7403565e-07
2.875642e-07
3.099049e-07
4.991508e-07
3.114981e-07
1.8205115e-07
1.525972e-09
7.607394e-09
2.5070267e-07
4.1638552e-07
5.878871e-08
1.4715624e-07
2.1472951e-08
2.7381637e-07
1.4314183e-07
2.4558284e-07
2.612269e-07
2.5295616e-08
7.115077e-07
1.5356312e-08
4.8733785e-08
7.144456e-08
6.080526e-08
6.843531e-08
1.763597e-07
1.6670889e-07
3.0133447e-07
7.329809e-08
1.7469955e-07
2.499729e-07
4.9670933e-07
2.6077927e-07
3.5481298e-07
4.4026893e-07
7.828018e-08
2.4505787e-05
1.9324885e-05
3.6906733e-06
1.8036374e-06
1.1471233e-06
7.407583e-08
6.3156645e-06
8.3158795e-07
5.0543633e-07
2.0686703e-07
4.4760473e-06
8.464679e-05
2.8245708e-05
0.00012787317
3.4570314e-07
9.83912e-07
0.00020917293
1.2007332e-06
0.00041654936
0.00011929262
0.0017088694
0.96408355
0.33492577
0.0002993519
1.3274399e-06
2.5599654e-08
1.6070877e-07
4.3489867e-06
1.1631315e-05
4.4885368e-05
5.9310445e-05
0.00018315516
8.330397e-06
9.196384e-07
7.0234782e-06
2.571186e-06
7.055125e-06
1.6201946e-08
4.4962596e-07
3.5403107e-07
1.971699e-06
0.0017928651
2.3468614e-05
4.47864e-05
