1.34064e-08
2.1533602e-08
2.3801753e-08
1.798795e-08
4.8264983e-08
5.3341345e-09
5.156564e-08
7.1427614e-08
6.828277e-08
2.6754655e-08
7.8671455e-08
1.2718584e-08
1.2888945e-08
1.03403925e-08
6.4915793e-09
4.950626e-08
2.1371932e-08
1.2547797e-07
3.3742722e-07
8.979611e-08
7.097573e-08
2.3102533e-08
3.0373748e-08
9.7635166e-08
5.2012126e-07
3.653174e-07
1.572372e-07
1.6896561e-07
2.081783e-07
2.2592445e-07
2.9321058e-08
3.1196135e-09
2.6289559e-08
1.8338223e-08
4.7125654e-09
1.2097587e-07
7.458522e-07
6.287839e-07
6.447819e-09
1.6760703e-07
2.5818179e-07
8.1525735e-07
6.7888783e-07
2.9408753e-07
2.0941695e-08
9.158163e-08
3.8411315e-07
2.0671548e-07
1.2168842e-08
5.6101337e-09
1.4977218e-07
1.7115374e-07
3.3889992e-07
3.248926e-07
1.7725365e-07
1.6227106e-07
1.6389419e-07
2.02189e-08
9.4461313e-07
8.284207e-07
5.203476e-07
4.946896e-07
4.4762494e-08
5.970221e-07
1.2882459e-06
6.879768e-07
3.8261894e-07
5.888182e-07
2.2320835e-08
3.1475834e-06
4.478558e-07
2.3200934e-07
1.1408495e-06
1.4719834e-06
1.2285216e-06
7.5035887e-06
6.5991235e-06
1.7542646e-06
8.997855e-06
8.669474e-07
1.0244008e-05
4.9453306e-06
8.650396e-06
4.1495954e-05
0.00045809516
0.0016261571
9.10419e-05
1.1355959e-05
5.158809e-05
0.9914521
2.7766694e-06
0.0064498903
9.515631e-05
8.8574525e-05
0.0016426721
3.5206074e-05
1.9890413e-05
0.015563874
1.02869734e-07
7.3452884e-07
