2.634849e-08
3.9335493e-08
2.3568886e-08
3.275533e-08
2.5362836e-09
5.6608986e-08
1.0374278e-09
7.967556e-08
6.181989e-08
1.3881615e-07
2.7757725e-11
1.1013984e-08
9.9585755e-08
1.1920464e-07
8.531897e-09
8.289329e-08
1.130649e-08
4.394466e-09
9.593975e-08
2.4212408e-08
1.0612833e-07
1.1086262e-07
1.4827954e-07
3.2703085e-07
1.1727544e-07
1.5059834e-07
1.816046e-07
1.4526269e-07
1.3773521e-07
1.3837074e-07
1.4447168e-07
2.8218696e-07
4.4105053e-07
3.9953426e-07
5.2812777e-07
3.4560884e-08
7.5152954e-08
1.5469373e-08
4.765159e-08
4.8938832e-11
5.6396072e-08
1.0081563e-08
3.942525e-07
5.5993667e-07
7.09349e-07
4.5526143e-08
3.9601682e-07
2.9559342e-07
4.9005104e-07
7.336965e-07
3.5084656e-07
1.0210016e-07
3.844519e-07
2.420694e-07
1.8503356e-06
2.4171808e-07
2.085978e-07
6.249839e-07
6.041194e-07
4.22088e-07
1.3067973e-06
3.7592395e-07
6.8151695e-07
2.5247487e-06
8.47092e-06
8.54008e-07
3.2647993e-08
6.9397447e-06
1.2221756e-05
0.00034126636
0.00016361338
0.0032833244
0.94647616
0.34332848
3.3118679e-06
3.078488e-07
0.00029407124
0.00018158504
1.1124941e-05
3.7208505e-05
1.8545312e-05
0.00025470788
1.9709401e-07
9.167593e-06
1.6424756e-06
3.2432513e-06
5.9052454e-05
4.966995e-06
6.647324e-07
4.1329804e-05
1.2486334e-05
2.3704537e-05
2.3131593e-06
6.561676e-05
0.00020311459
1.1969971e-06
1.264012e-05
8.905416e-08
1.8490323e-06
0.001734914
