3.6674884e-08
1.6818233e-09
5.8855655e-08
4.886826e-08
2.4017995e-08
1.2740463e-07
2.6800672e-07
7.1179396e-10
1.2391139e-08
9.7928535e-08
3.2761868e-08
1.280642e-10
1.1550469e-07
5.6415548e-08
4.0058215e-08
4.8261228e-08
5.4193347e-08
7.4890515e-08
8.4316737e-10
3.118544e-08
9.79938e-08
5.2716035e-07
4.5361912e-07
2.3948132e-07
1.9625699e-07
1.9027895e-07
1.2909348e-07
1.1906664e-07
1.48215e-07
1.9048306e-07
1.443224e-07
2.7431196e-07
1.0647365e-08
1.494239e-09
1.5110245e-07
2.820236e-07
3.766778e-07
7.0783506e-07
5.226207e-07
5.0992927e-10
4.7399135e-10
9.46907e-10
3.9103466e-07
4.6817595e-07
1.6170098e-07
2.0463217e-07
1.3122634e-07
4.1854238e-07
1.31028015e-08
8.059131e-09
5.6138157e-07
7.201453e-07
6.556384e-08
4.924765e-07
5.387048e-07
9.2944066e-07
4.0941745e-07
1.8701609e-06
9.2488693e-07
2.579765e-07
4.4466177e-07
1.8471026e-07
1.0598962e-06
8.1536035e-07
2.2001361e-06
3.3142592e-06
4.482461e-07
9.490348e-06
2.7030825e-07
1.8104125e-06
2.0199299e-05
3.018821e-05
1.8922185e-05
1.7890008e-07
8.222678e-05
1.0121754e-05
6.4512997e-06
8.876106e-06
0.0063518453
2.3857945e-05
2.0293712e-06
5.216445e-07
9.330927e-05
0.00024252197
0.9643098
0.09157886
2.0835055e-06
0.00011612896
4.0124498e-05
0.00024415756
6.001585e-07
5.8324844e-07
2.806909e-06
0.00043541478
0.0007039026
4.298546e-06
8.8560024e-05
3.4289556e-07
1.62147e-06
1.2345407e-05
