5.1428413e-09
1.7350313e-08
1.0114446e-07
1.4672559e-08
2.0554572e-07
1.60863e-07
4.2395325e-08
3.077805e-08
1.8144824e-08
8.948347e-10
4.702072e-08
3.2938286e-07
3.7955098e-07
5.1278644e-08
1.17705945e-07
1.78082e-11
2.610436e-07
1.626614e-07
2.146181e-08
7.4892904e-11
4.3636927e-08
8.963812e-08
3.4302555e-08
4.292164e-08
1.2793083e-07
2.0500717e-07
1.2019727e-07
2.0362208e-07
2.1263413e-07
1.15033416e-07
1.5882249e-07
1.549825e-07
1.4002502e-07
1.8548313e-07
3.710247e-07
4.7268006e-10
1.7344195e-07
3.02803e-08
6.6428827e-09
4.7958434e-07
1.710912e-07
1.1612203e-08
1.066424e-07
2.1264063e-07
2.1551286e-07
4.412201e-08
1.1649297e-07
2.9287096e-07
2.2997728e-08
1.0828342e-07
8.0047755e-08
2.4338755e-08
1.10010795e-07
4.791178e-07
4.6526353e-07
8.0255643e-07
1.5706026e-07
4.8012976e-07
2.364096e-07
1.9042535e-07
3.3869392e-07
1.0763624e-07
2.4538534e-07
4.3205912e-07
6.058126e-07
3.6282515e-07
1.3121236e-06
2.1958333e-06
2.7146126e-07
1.8528772e-06
1.0432686e-06
2.491118e-06
3.6066172e-06
2.1479373e-06
5.892442e-06
2.15426e-05
2.2752243e-05
4.4317453e-06
3.721452e-06
2.3562701e-05
9.9963045e-06
8.493402e-06
1.5478401e-05
0.00014749658
0.0024522974
5.5762903e-05
0.0004231643
0.00010148994
0.00013264787
0.08422228
0.9870953
0.00026008906
0.00065918616
4.199418e-06
2.3643806e-05
3.1050884e-05
1.0508711e-06
0.0015793011
7.414756e-05
1.4941962e-05
