1.4049326e-08
3.0692494e-08
2.8932991e-08
1.4833912e-11
2.890941e-09
7.87102e-08
3.9470056e-08
1.6858681e-10
5.606507e-07
3.3804014e-08
5.7015313e-08
5.8090258e-08
3.3050257e-10
6.722464e-08
2.667475e-08
1.741121e-08
1.11939855e-07
1.349263e-07
1.1805752e-07
1.18914016e-07
1.2303313e-07
1.3950152e-07
1.8849605e-07
5.798388e-09
1.6964066e-08
1.6966766e-08
3.29619e-07
3.0234915e-08
3.5266376e-09
2.8606414e-10
4.084815e-08
4.9200857e-09
1.2517046e-07
3.042792e-08
3.020915e-08
5.207426e-08
1.6680715e-07
3.587221e-07
1.553166e-07
3.9642353e-07
4.811105e-08
7.437512e-08
4.053881e-07
6.192596e-08
9.3260314e-07
4.5978626e-07
4.003701e-07
1.7765207e-07
2.3453681e-07
1.8710006e-08
1.3491719e-07
1.0673282e-07
5.077144e-07
4.1210444e-07
1.4177734e-06
2.6209455e-06
8.278155e-07
4.1611514e-07
3.1910128e-07
8.3123217e-07
3.931436e-07
6.84916e-07
4.2831581e-07
1.2249569e-06
1.0372412e-06
2.499388e-06
2.0809764e-06
9.875885e-07
2.6557284e-06
1.27675285e-05
6.851376e-06
2.3819266e-06
3.2028606e-06
2.5552556e-06
7.5333924e-06
2.3554428e-05
4.884453e-06
2.0734491e-05
2.2848837e-05
1.9759513e-05
7.289774e-06
5.0831597e-05
1.293865e-05
0.00010717836
0.7685916
0.047093328
8.7257096e-05
0.0006809829
0.0020610122
0.0018563819
4.0808183e-05
3.6462818e-05
0.00034951983
2.8974584e-06
5.5296734e-08
4.8357124e-06
2.6563702e-08
6.70593e-05
5.074409e-06
1.4001155e-06
