6.581172e-09
3.6755463e-09
5.888432e-09
1.6626862e-08
1.9553172e-08
7.4165194e-09
3.0583756e-08
1.0200213e-07
3.9185167e-08
1.1072059e-09
7.60478e-11
1.9328738e-08
1.3995451e-08
1.0450994e-07
1.7794243e-07
5.246188e-10
7.95715e-09
1.5460582e-08
2.0759742e-08
7.033962e-08
4.728209e-08
2.6047228e-08
1.8900103e-08
2.5083898e-08
8.443647e-08
7.829594e-08
1.5945028e-07
2.389334e-07
3.296418e-07
4.43767e-07
4.125013e-07
3.8610102e-07
2.608159e-07
1.4928278e-09
2.0282893e-07
2.357635e-07
7.663365e-08
4.864697e-07
1.4983907e-07
3.9127755e-08
7.1493545e-08
4.5701367e-09
2.3361491e-07
3.5594365e-07
4.2805812e-07
3.6956311e-09
1.2779142e-07
4.1552502e-07
5.9781655e-08
7.21807e-07
5.6433014e-10
5.1150632e-08
3.3478852e-07
2.270908e-07
1.4742541e-06
4.4793146e-07
3.0236416e-07
3.298342e-07
7.164542e-07
1.0369357e-06
6.574312e-07
3.3503454e-07
2.7243266e-06
2.2679795e-07
1.6287251e-07
5.6511394e-06
2.658247e-06
2.0876412e-07
1.3789197e-06
4.485605e-07
1.6266429e-06
7.923176e-07
1.5824544e-05
1.259906e-06
4.4995027e-06
1.0205651e-05
4.212134e-08
0.00052991597
0.99018335
0.004485738
3.20621e-05
7.816947e-05
0.016142555
4.9054634e-06
2.7669883e-05
0.00034361344
2.172261e-05
1.9706301e-06
9.7413686e-05
0.00013012883
0.00077656505
1.8144587e-05
1.3773449e-05
5.2447496e-05
1.8971737e-06
3.1665752e-07
0.00016389064
1.15168746e-07
2.2440745e-06
6.5280556e-06
