1.8188729e-08
7.0330186e-09
8.512152e-11
1.8425542e-08
1.3983394e-09
8.837984e-08
1.8660644e-09
7.9890775e-08
1.128335e-07
1.7130732e-08
1.0176093e-07
1.4724003e-11
3.732245e-08
3.026778e-08
7.383949e-10
2.104086e-07
3.7316097e-09
2.2972219e-07
7.731296e-08
3.4337393e-08
5.6389926e-08
2.3739621e-07
5.9269865e-07
4.0938804e-07
1.8723668e-07
2.9656925e-07
1.183194e-07
3.85094e-07
5.3875806e-07
7.9297473e-07
5.8899315e-07
1.9000899e-08
1.82459e-07
3.940207e-08
2.7740327e-10
2.0432442e-07
4.1017285e-07
3.0648872e-07
6.088016e-09
9.51607e-08
1.7215535e-07
2.7171991e-09
3.1585418e-07
4.5143108e-07
3.8412807e-08
6.230028e-08
2.7945416e-07
2.60051e-07
3.783265e-07
9.939649e-07
1.6154839e-07
8.030891e-09
3.2337087e-07
1.4172964e-07
1.6312696e-07
1.0549086e-06
2.6955968e-07
7.283092e-08
3.3262884e-07
2.4233404e-07
7.679244e-07
2.1911492e-07
5.325465e-07
4.5305367e-07
6.1073297e-07
2.944296e-06
1.8624361e-06
5.7634334e-06
3.7577167e-06
1.6523096e-05
1.0807123e-07
3.8484042e-05
2.9859376e-07
7.9830835e-07
4.0919417e-07
4.0270308e-05
0.0003977163
0.002010033
0.95636773
0.022623045
2.5682743e-07
3.1565838e-07
0.009368254
4.6749588e-07
1.139214e-06
8.2072097e-07
3.2558917e-06
2.3850682e-06
1.0486556e-06
9.5768664e-05
0.0001276376
1.1337023e-05
1.1225131e-05
1.5957833e-06
5.5942957e-05
6.115739e-05
4.6825147e-07
8.037346e-06
0.0011602491
8.194208e-06
