3.2491066e-08
4.820807e-08
1.4956046e-07
1.535614e-08
1.0713204e-10
2.5044406e-07
2.0214523e-08
3.5222595e-08
1.6511694e-07
7.81128e-08
1.8555495e-08
3.4454897e-07
1.07872594e-07
3.34499e-07
7.9453963e-07
5.6996463e-08
4.437034e-07
3.340856e-07
3.764968e-08
1.6967874e-07
8.87391e-08
1.2183847e-07
3.8711374e-07
3.9420982e-07
2.0402048e-07
1.9068209e-07
9.342975e-08
8.000238e-08
3.7697423e-09
1.9261041e-07
2.2438749e-07
6.189161e-08
6.457995e-08
8.452749e-08
4.1437627e-09
1.4970031e-07
1.6153994e-07
7.752613e-08
5.13566e-08
3.458907e-07
3.9447943e-07
2.448664e-09
3.2391034e-07
8.196124e-08
1.1715247e-07
7.366744e-08
1.5609391e-08
3.015573e-09
1.0795208e-06
4.0765077e-08
1.9480307e-08
1.0256239e-07
4.56047e-08
1.5338043e-07
1.018765e-07
2.3015787e-07
2.4033966e-07
7.7578996e-08
1.0029014e-06
2.0259412e-07
1.3598202e-07
1.6300548e-07
8.340005e-07
2.408478e-07
5.4376716e-08
1.0385278e-07
5.7930906e-06
1.6214685e-06
1.5280074e-06
2.8843383e-06
2.6031697e-07
6.6868733e-07
1.4281458e-06
5.5494576e-07
2.5492095e-06
2.9373032e-06
9.7436384e-08
3.2401013e-06
9.9080076e-05
2.2377628e-05
1.1314807e-05
3.4873372e-06
4.8839015e-06
1.490458e-05
0.00027542407
0.0014926078
1.242058e-06
9.991813e-05
0.0003651569
7.6123406e-06
0.97931653
0.049861662
3.041114e-05
0.00015710756
6.172396e-05
0.0063226097
9.080026e-07
0.00054335187
6.055968e-05
1.2723381e-05
