2.948001e-08
3.1079075e-08
2.4026553e-08
5.4210563e-08
6.0746586e-08
1.863298e-09
3.4379397e-08
9.187893e-08
2.230398e-09
1.02815925e-08
2.15985e-07
6.222965e-10
2.9430185e-08
5.3309066e-07
8.102359e-08
2.1274786e-09
1.3432654e-07
3.720154e-08
1.02494916e-07
7.108603e-08
1.3459358e-07
1.5734851e-07
4.3137882e-07
1.1927365e-06
1.0248249e-06
4.152312e-07
3.0794985e-07
8.363895e-10
2.5716089e-08
2.0285313e-07
2.0175116e-07
2.6394824e-07
2.0775586e-09
5.6014255e-07
4.5031237e-07
6.55763e-08
7.0509865e-09
1.2352903e-11
1.1944619e-09
4.717226e-08
7.4359676e-08
9.226651e-08
1.4457352e-08
2.6223788e-07
6.2265144e-08
4.6194873e-07
3.326777e-08
6.0346713e-07
7.790752e-09
6.6727256e-07
3.8660934e-07
7.178844e-08
1.0646311e-07
9.847026e-08
6.1139286e-07
2.2735777e-07
1.4964209e-07
8.476212e-08
1.0231466e-06
1.1165517e-06
1.3560373e-06
3.2573287e-06
2.9009004e-06
2.7381427e-06
2.1268734e-06
5.1690613e-06
1.20715e-05
1.6995351e-06
1.2689432e-05
1.0451661e-05
2.1520978e-05
6.0990613e-05
1.229325e-05
2.3226856e-05
7.152964e-06
0.996148
0.021762276
2.2756568e-07
0.0006123818
0.0022181165
1.4577073e-07
1.2734034e-06
0.00028768106
6.8054514e-06
1.1409018e-06
3.71253e-05
0.00014817683
8.341549e-07
2.1796855e-07
1.876305e-07
3.927632e-05
7.828025e-05
1.2224902e-07
1.9230831e-06
3.1816e-07
7.331162e-07
1.0096817e-05
0.0005810254
1.0646291e-06
2.0948228e-06
