1.7624512e-08
4.4517865e-08
2.2963535e-08
7.327086e-08
5.392759e-08
1.5024537e-07
2.0323594e-07
3.2102168e-08
3.848001e-08
6.70739e-08
3.397735e-08
1.7861458e-09
1.614608e-07
6.561436e-07
1.5059898e-09
2.0743309e-07
2.2377104e-07
1.3991618e-07
2.7545479e-08
4.1331518e-07
2.7775148e-08
7.691213e-09
5.4157704e-07
5.6934084e-07
4.1933652e-07
3.660727e-07
5.3382917e-07
3.0134224e-09
1.5595701e-07
4.286233e-07
2.958509e-07
3.3506475e-07
2.4331553e-07
5.7279084e-07
3.776492e-07
7.939459e-07
4.3413465e-07
1.272554e-07
2.1380467e-07
3.0922675e-07
8.853788e-07
1.1612929e-06
3.88616e-07
3.655755e-08
4.1066238e-07
3.9838675e-08
1.6860446e-07
5.3678144e-07
2.8576528e-07
2.026364e-06
7.808199e-07
1.0357572e-06
1.330115e-07
7.415475e-07
3.1363425e-06
4.460175e-07
2.2077668e-07
2.1886044e-06
1.5430817e-06
9.1069955e-07
1.3776028e-06
1.6010482e-06
4.3628296e-07
1.7166819e-06
5.2889636e-06
2.918731e-06
3.1108177e-06
1.9183726e-06
8.3852245e-07
1.1257884e-05
6.594945e-07
2.0568406e-05
3.526803e-05
1.9710456e-05
6.6067965e-05
0.99866176
1.7972183e-06
2.2166773e-06
1.9000194e-06
0.00019395485
0.00011005013
0.0001424004
0.0033580572
0.0106390435
2.2599663e-06
4.3338205e-06
8.243672e-06
1.5164432e-05
8.567991e-06
5.1274477e-05
4.624006e-06
2.9533086e-05
2.7310957e-06
4.1325175e-06
1.9134181e-06
2.2597549e-06
5.3469003e-06
0.0001689956
1.7426484e-05
1.6334857e-06
