6.2839614e-09
3.6513164e-08
2.9763466e-08
5.0185076e-08
6.467762e-09
6.8121753e-09
7.9406625e-08
2.5418976e-07
3.567904e-11
1.0448233e-07
2.0259463e-09
3.887587e-08
2.7436865e-08
1.5441321e-07
1.6678628e-07
3.779899e-08
2.6968149e-08
7.048663e-08
2.1876592e-07
9.764897e-08
3.283595e-08
6.8493186e-08
1.01909926e-07
2.7571673e-07
2.2139068e-11
9.6525945e-08
1.4157408e-08
1.4554426e-07
3.9044542e-07
5.719942e-07
5.162594e-07
9.318899e-07
6.9705163e-07
1.5730002e-07
2.532932e-07
2.0679683e-07
2.0213758e-07
4.2450745e-09
9.885284e-08
1.8345126e-07
5.7465687e-08
6.326551e-08
1.2412034e-11
3.952763e-07
4.0647183e-07
8.933504e-08
2.1717442e-07
4.801473e-07
8.674474e-10
4.9187e-07
4.5775124e-08
1.8229089e-07
1.8625181e-07
1.0273028e-07
3.530319e-07
1.04271784e-07
9.032923e-08
8.15185e-07
5.086497e-07
3.602098e-07
3.581815e-08
1.7568105e-07
8.708382e-07
3.628588e-08
4.2641284e-07
1.1082864e-06
1.1771159e-06
2.3633213e-06
2.241399e-06
2.0640524e-08
5.9040294e-06
8.338621e-07
8.574826e-08
7.507413e-06
1.1150851e-05
3.3926437e-05
1.2794983e-06
5.007586e-07
8.27243e-05
0.9903023
0.004367732
9.46092e-07
9.1486544e-07
7.457658e-05
0.0013273084
0.0004218161
0.005485356
1.8818588e-05
5.073165e-06
6.204322e-05
4.277641e-05
0.0007690884
9.9778845e-06
1.1636812e-05
1.0597587e-06
1.1218369e-05
6.5831716e-07
4.3358415e-07
6.98478e-05
7.4087657e-06
