2.2489099e-08
5.0539782e-08
6.046266e-08
1.6751011e-08
1.3649392e-07
5.9426775e-09
1.0740889e-08
1.00683685e-07
6.4609246e-08
2.5789013e-09
1.5617373e-07
3.378961e-07
1.7403192e-07
1.9060025e-07
1.4410888e-09
1.6165382e-08
1.3451766e-08
2.4749184e-07
1.6157141e-08
2.8521643e-07
6.442092e-07
8.112667e-11
4.0871477e-08
1.3475173e-07
4.4351236e-07
3.563999e-07
9.611949e-10
7.9360376e-08
7.836938e-08
8.7173476e-08
3.7382513e-08
8.943829e-08
9.62933e-08
1.709135e-07
2.8814256e-07
3.641656e-07
4.4980888e-07
2.8403127e-07
4.9516593e-08
4.8339314e-07
5.9282325e-08
1.7657882e-09
6.551046e-07
4.6747843e-07
1.6856231e-07
2.0314135e-07
9.555233e-11
6.922032e-11
5.7025966e-07
6.1301483e-07
8.397254e-09
8.268363e-09
5.8162846e-07
1.03233955e-08
2.4545492e-09
4.790258e-08
2.6900415e-07
7.83334e-07
1.404859e-06
9.402561e-07
4.5127572e-07
3.0355059e-06
4.5970694e-07
2.8454082e-07
5.809791e-07
1.7590908e-06
1.0625814e-06
8.2789694e-07
7.0585415e-06
7.613465e-06
1.2656275e-06
3.0865377e-07
1.6179129e-05
3.030529e-06
5.8402986e-07
5.9967356e-06
3.504487e-06
9.6487975e-06
2.8781098e-05
4.048341e-05
1.4108613e-05
4.515793e-05
1.5907637e-05
0.00028481035
3.3610708e-05
9.314003e-07
4.6526562e-05
0.00012662505
0.99754053
5.6513014e-05
0.008372779
0.00010758354
0.002029049
2.1348014e-06
4.244717e-06
5.299066e-06
8.809057e-06
0.00092791737
3.8006354e-05
4.778393e-05
