3.7781543e-08
4.240809e-08
6.251836e-08
4.675137e-08
1.1248997e-07
1.267704e-07
4.0504705e-08
6.7396213e-09
4.935008e-08
3.6806358e-07
3.13295e-08
1.9645833e-08
5.7385048e-08
1.0022427e-10
1.1276109e-07
2.3233806e-08
2.3925207e-08
1.5547096e-08
1.7410687e-07
5.4860068e-09
5.6699134e-09
9.609132e-09
8.3859106e-08
2.3135472e-07
9.979588e-08
4.2756472e-08
1.4133898e-10
5.9410773e-08
7.686496e-08
1.4397685e-07
2.1257375e-07
3.6007957e-09
2.259576e-07
5.688772e-07
7.4923537e-07
1.7285309e-07
1.644358e-07
7.690763e-08
5.566e-07
4.8773313e-07
6.5648614e-08
2.5858194e-08
5.4661708e-08
3.6991317e-08
6.977281e-08
8.414487e-08
2.2877991e-07
8.9658124e-07
1.4287507e-07
5.7508345e-09
3.7750726e-07
1.08934735e-07
1.1275849e-07
4.552985e-09
1.7831722e-07
4.7276963e-08
7.311398e-07
3.3486253e-07
3.041907e-07
4.4301305e-07
1.2667871e-06
2.4365949e-07
6.6677734e-07
7.55064e-08
2.8313585e-07
8.333216e-07
7.671815e-07
2.7371545e-06
9.450701e-07
4.4526387e-06
1.7776837e-06
2.6311982e-06
6.047269e-07
6.106796e-06
1.3468235e-05
1.620583e-05
2.2348436e-06
1.4336581e-05
9.206013e-06
3.5305964e-06
3.690742e-05
2.3419516e-05
0.00016630498
2.3495191e-05
1.2982195e-05
4.425471e-05
0.00044298515
2.7038272e-05
0.00024984768
0.00024086141
0.998272
4.2646585e-05
3.6085912e-05
0.0049572582
3.055089e-06
0.0025910658
4.3822663e-05
2.2364013e-05
1.9387473e-06
3.0702526e-05
