8.799659e-09
2.7140814e-08
9.276354e-09
7.486363e-08
5.942356e-08
4.1658466e-10
8.722698e-09
5.17199e-09
1.9818298e-09
9.78339e-08
6.899832e-08
1.8294456e-07
1.11661365e-07
3.280016e-08
4.6782127e-08
1.640895e-07
4.8174826e-08
1.0497905e-07
8.7987296e-08
5.0707516e-08
7.676957e-08
6.60982e-08
1.1168333e-07
1.3367168e-07
6.022003e-08
1.9980764e-07
1.5451166e-09
5.858712e-07
6.7482645e-08
4.8754757e-08
8.913183e-07
1.0510656e-06
1.0255284e-06
9.476235e-07
3.9388794e-08
5.1456272e-08
1.0736088e-06
2.8193629e-08
8.26296e-07
7.0255815e-08
9.972096e-08
1.3701392e-12
2.184822e-09
4.73157e-08
3.129333e-07
8.614747e-08
1.6352551e-07
7.253124e-07
8.892586e-07
6.056477e-08
5.2939646e-07
3.4789377e-07
2.8038036e-07
1.4482839e-07
2.0276381e-07
2.8401857e-07
3.3052996e-07
5.7194205e-07
8.196601e-08
5.0941015e-08
4.6894374e-07
6.1736984e-07
7.3562865e-07
1.1099125e-06
1.0234112e-06
1.1562789e-06
2.9413303e-07
4.1676498e-07
1.0804083e-06
7.044401e-07
8.722472e-07
2.2560405e-06
2.944951e-06
6.2141214e-07
7.821527e-07
3.5878988e-06
8.494212e-06
3.82855e-06
3.4459217e-06
5.584337e-06
0.98387975
2.9056715e-05
0.0005304824
0.0017331245
0.07253033
3.044401e-05
0.00022900861
1.223148e-06
1.3487567e-06
6.5822365e-05
5.7409256e-06
3.254915e-05
0.0003295133
0.00913186
0.00020545223
9.1443735e-06
0.0005038823
3.1912863e-05
9.255063e-05
2.371747e-05
