8.02735e-09
1.5097337e-08
2.5418156e-08
3.2435608e-08
1.5883845e-08
1.9905341e-08
7.174955e-08
1.6929246e-07
2.547946e-08
3.7060037e-09
1.0705863e-07
3.2167492e-07
1.5230414e-08
4.565589e-08
2.9732254e-08
2.3149736e-08
1.0107966e-08
1.5360127e-08
5.9446744e-08
4.239576e-08
2.7307252e-07
6.407115e-08
4.5263351e-07
1.8393962e-07
3.5204284e-08
6.3974134e-08
1.3131671e-07
1.4464462e-07
2.3962838e-07
2.466508e-07
2.3632708e-07
2.4009304e-07
2.4984578e-07
2.802708e-07
2.71191e-07
4.0130086e-08
4.3740695e-08
1.210069e-07
7.45872e-07
6.372837e-07
6.4342004e-07
4.5594133e-11
3.0028875e-07
4.0495195e-07
2.5868317e-07
2.2772915e-09
7.332392e-08
3.226094e-07
4.3799053e-09
1.4266907e-07
8.459967e-08
1.2221159e-07
2.4709973e-07
4.481084e-08
5.692348e-08
1.9989281e-08
4.6631865e-08
4.999144e-07
5.4720147e-07
2.3943318e-07
1.0228594e-06
7.5059677e-07
2.9834464e-07
2.5909241e-08
5.9914765e-07
8.969044e-08
9.958544e-07
1.0927549e-06
9.4166586e-07
2.5250466e-07
4.411627e-06
1.9486529e-06
1.9448278e-06
2.059494e-07
9.7549574e-08
8.883844e-07
2.73007e-06
8.747414e-06
1.5724877e-06
9.923996e-07
3.3146596e-05
7.043796e-05
3.734709e-05
0.0002566595
0.0009377288
0.0033212989
0.8900209
1.0422484e-05
6.0024076e-06
1.247538e-05
0.00053286366
0.00013763539
0.24456191
3.277221e-05
0.00010737666
9.803993e-05
0.002023386
6.9435664e-06
1.7632611e-06
4.6163073e-06
