1.14623155e-08
2.4643654e-09
3.6723645e-07
9.059192e-09
1.4052961e-08
1.453377e-07
6.9535604e-09
1.4197138e-10
2.8476594e-08
7.427025e-07
4.4349355e-09
9.784639e-09
6.2776655e-07
2.2351479e-10
1.07177135e-10
4.7520496e-07
6.102306e-08
5.58103e-08
1.322574e-09
1.3108846e-08
2.5100542e-08
3.952118e-08
1.6865646e-07
5.985193e-08
1.1221534e-07
1.17877285e-07
9.9201756e-08
1.404431e-07
2.0234957e-07
2.0354281e-07
3.0675153e-07
3.400742e-07
1.2267043e-07
1.0872132e-07
3.0913576e-09
5.5604545e-07
3.282949e-07
2.2541883e-08
4.6463674e-07
1.1938644e-07
3.228555e-07
9.3934557e-07
3.0089956e-07
1.9492961e-07
5.34679e-08
4.0711065e-08
2.9364318e-07
3.9328566e-07
4.3832466e-07
3.946353e-08
3.8456986e-07
5.8573704e-07
6.8590886e-08
9.377264e-07
3.6631704e-08
4.7675394e-07
9.759102e-07
4.223076e-07
8.70667e-07
5.935313e-07
2.569049e-07
7.0034076e-07
6.4799093e-07
5.925385e-07
0.97279507
0.35553324
0.0030126798
3.7294424e-07
0.0010174338
5.210511e-05
3.4423127e-05
8.752535e-05
2.7166204e-06
2.5343566e-06
0.00042046426
0.00033647718
1.6898169e-06
0.00041014867
1.6588665e-05
1.3017693e-06
4.323787e-05
3.5295675e-06
4.254327e-06
1.1748081e-05
1.238798e-06
1.2238662e-05
0.00010154761
1.0591765e-06
4.911646e-06
1.3965409e-06
4.5893153e-06
1.8684692e-06
2.0972186e-05
3.7605732e-06
4.640942e-05
2.952548e-08
2.5055954e-07
5.356378e-07
9.0122995e-07
0.0010795556
