1.9215796e-09
3.621768e-09
1.581473e-08
1.4524486e-08
8.91177e-08
3.256418e-08
2.3888895e-09
4.0480647e-11
9.606316e-08
1.1327862e-08
8.096427e-08
9.051606e-09
8.913225e-12
1.859998e-10
3.9519943e-08
3.418528e-08
4.5755586e-09
8.516446e-09
1.5257054e-08
2.0773461e-08
4.3575636e-08
7.183533e-10
4.631048e-08
1.1353172e-08
6.659277e-08
5.180918e-08
1.8138978e-07
1.5265869e-07
2.2426754e-07
2.753238e-07
7.820382e-08
1.8321586e-07
2.139867e-07
2.7779208e-07
3.290159e-07
1.1405895e-07
1.5305662e-07
9.4901324e-08
6.842572e-09
1.633256e-07
1.7926746e-07
1.2326688e-08
2.5706288e-07
1.260425e-07
2.255103e-07
3.5931143e-09
9.232671e-08
3.172735e-07
1.700131e-08
4.3321828e-07
8.75687e-09
9.958044e-09
6.828541e-08
2.7480564e-07
1.2739137e-07
8.796653e-07
2.756075e-07
8.057355e-08
3.0884323e-07
7.9672196e-07
1.0521206e-06
2.091914e-07
1.352221e-06
5.735278e-07
5.452528e-07
1.1217214e-07
8.913801e-07
2.3856087e-06
2.7842073e-06
9.545514e-06
0.00038519572
0.014188748
0.9970602
0.015128176
6.559277e-05
1.8497789e-07
1.4458243e-05
1.4414783e-05
4.5601104e-05
5.9007803e-06
3.6346573e-05
0.0004849487
3.2378703e-05
0.00019914385
7.382948e-06
1.9838978e-06
3.697224e-05
0.00023929808
2.9211646e-08
7.648054e-06
0.0002064016
1.5065725e-05
4.028056e-06
9.321018e-08
2.3493812e-06
1.9289105e-06
3.702193e-05
9.57127e-06
3.6327605e-05
0.00028535738
