2.5920894e-08
2.3133541e-08
3.95317e-08
2.1193837e-10
3.951001e-10
6.4430954e-09
2.5283322e-07
2.7091787e-08
2.6258569e-09
1.1008867e-07
1.7360881e-07
1.3826195e-07
4.44353e-08
4.1933084e-09
5.8197446e-07
4.147637e-07
2.0517292e-07
1.3816845e-08
4.0178765e-08
1.816765e-07
2.540489e-07
9.8003945e-08
4.0632665e-07
2.417424e-07
9.122898e-08
1.3286143e-07
1.1812447e-07
2.8284877e-09
2.9746784e-07
3.395458e-07
1.3150351e-08
4.5310546e-07
2.482573e-07
3.9322515e-07
5.427022e-10
2.2689943e-09
1.4020313e-07
3.061393e-07
3.9288516e-08
4.7208392e-08
2.2095554e-08
1.1891001e-08
5.754777e-07
5.998629e-08
2.7113456e-08
4.180627e-07
1.336476e-07
1.7164329e-09
6.286394e-08
4.208858e-08
5.2121397e-08
2.2417271e-07
1.0484765e-06
1.0555354e-07
6.598135e-08
1.4696819e-07
1.0204186e-07
1.2808788e-06
1.1055915e-06
1.5954642e-08
2.6266102e-07
5.292788e-07
1.1925699e-06
1.9530135e-06
4.964606e-08
7.477713e-06
3.7114767e-06
1.5419888e-05
9.205752e-08
6.682732e-08
3.1509524e-05
0.0002541909
1.3306692e-07
9.69026e-05
6.3756374e-06
7.806982e-06
9.028526e-06
7.981237e-05
7.630503e-05
2.7940868e-07
3.7740242e-07
5.8651926e-07
0.00083190826
3.463712e-05
1.5393591e-06
6.6449485e-07
2.6154817e-07
0.021045292
0.00024205803
5.15637e-06
9.9594465e-05
0.98806363
0.0008950328
3.336228e-07
1.5788631e-06
8.5917225e-07
1.31779725e-05
0.009447258
2.14372e-06
2.4170551e-05
