4.289056e-09
2.5230933e-09
2.8251847e-08
9.2769084e-11
1.8477271e-08
5.1272416e-08
8.518255e-09
3.9442416e-08
7.364397e-08
4.034353e-08
3.1028495e-08
2.5734116e-07
6.085979e-08
6.2609704e-09
6.961207e-11
2.2442593e-07
8.496574e-10
3.216027e-08
5.3096603e-08
6.8918304e-08
3.6215102e-08
3.9757044e-08
9.241987e-08
3.8562447e-08
7.4497386e-08
1.1473655e-07
8.979138e-09
3.1953047e-07
3.564178e-09
2.4594365e-07
3.2014097e-07
3.6033552e-07
1.4340836e-07
7.5432766e-08
1.7941893e-07
3.6497374e-07
1.3494771e-08
1.0683124e-07
6.985357e-07
2.1123758e-07
3.3291863e-07
1.7283688e-07
3.23956e-08
6.57848e-07
1.4532166e-08
4.004012e-07
3.003248e-09
3.110463e-09
3.087899e-07
5.266793e-07
1.1316308e-07
6.7339037e-09
2.9876352e-07
1.7279659e-07
1.1110706e-06
8.750796e-07
7.084557e-07
9.27463e-09
1.7470729e-06
6.585254e-07
5.4618096e-07
8.045675e-07
6.970838e-07
1.9052703e-06
1.2390037e-06
1.487666e-07
1.9735846e-06
2.5484854e-07
3.0637568e-06
1.5782522e-05
6.598149e-07
6.094704e-07
2.1406227e-06
1.3792492e-06
1.3053894e-05
2.229999e-07
2.7848637e-06
1.070194e-05
2.708263e-05
9.040946e-05
0.0001058863
5.4556217e-06
0.0003007939
4.381552e-06
1.9572915e-05
1.1030425e-06
2.2373553e-05
0.0022987388
0.000101204656
0.0001510102
0.000116016025
7.289631e-06
0.0014816462
0.006519752
0.99239194
4.2682786e-05
2.1746846e-05
0.016341114
4.420753e-05
8.099626e-06
