8.342701e-09
2.596848e-08
4.335699e-08
4.2500385e-09
4.0729663e-08
2.038113e-08
3.844541e-09
7.306275e-10
1.1281197e-08
4.6718056e-09
7.1861717e-10
4.681792e-08
3.0543276e-08
2.1037454e-07
1.4985537e-09
1.7922769e-08
1.0388672e-08
2.6135746e-07
2.5606175e-07
1.1691875e-07
4.952326e-07
4.355901e-09
2.0124409e-08
7.5220385e-08
5.3101413e-08
8.823481e-10
1.3640835e-07
2.990946e-07
3.246246e-08
2.1767407e-07
1.7128806e-07
7.269772e-10
1.1919251e-07
4.7324414e-07
1.2148905e-07
7.450414e-08
5.87885e-07
1.3767067e-07
3.362325e-09
9.638949e-09
3.045777e-07
2.4422104e-09
3.330157e-07
2.994038e-07
2.5544563e-07
8.054136e-07
9.662162e-07
1.5457063e-07
4.903377e-07
1.1020473e-07
5.790268e-07
2.565153e-07
4.2888848e-07
6.208977e-07
3.3810366e-07
8.0808917e-07
3.6934438e-07
1.7734492e-07
2.588019e-07
7.5799534e-07
1.143087e-06
1.48432e-06
8.1126916e-07
3.597269e-07
3.34415e-06
4.3367484e-07
1.2669184e-06
1.7366663e-06
3.3516518e-08
1.2796081e-06
3.2902985e-06
5.844182e-06
5.7466455e-06
6.4316914e-06
1.7860957e-05
2.5387246e-05
8.72323e-06
1.9582854e-05
9.088349e-05
0.00013412556
7.0559385e-05
0.00049303303
0.00022903977
0.0020803204
0.00016876071
0.00011100883
7.1400923e-06
0.0017549596
0.019751798
0.9954138
3.6810998e-05
2.283033e-06
2.355767e-05
4.8475863e-07
1.3023826e-05
5.2414675e-06
6.99133e-06
0.002177532
4.3819946e-05
4.8771057e-07
