5.9069305e-09
8.572689e-09
8.420756e-09
2.6014744e-08
7.4415794e-09
1.5871406e-08
2.687046e-09
1.6809816e-08
1.7826565e-09
1.9634676e-09
1.6889085e-07
5.3511087e-08
1.2780168e-07
6.6251815e-08
4.8561367e-07
8.968377e-09
1.1970281e-08
1.789843e-07
7.399876e-08
2.8314656e-07
7.897287e-08
7.393923e-08
1.2620157e-07
4.412412e-08
1.261344e-07
8.564395e-08
1.3598584e-07
3.1084458e-08
9.087292e-08
1.4879875e-07
1.4977461e-08
3.5627494e-08
1.3560383e-07
1.04898405e-07
1.7813444e-07
1.8013841e-07
1.6336816e-07
2.0360329e-07
4.88242e-07
1.7521538e-07
5.2440794e-07
1.01289274e-07
3.702851e-07
8.017073e-09
2.7892366e-07
4.0697765e-07
4.553788e-08
5.006976e-07
1.7426935e-07
9.282155e-09
1.0891933e-06
3.3234724e-07
1.2362964e-06
2.1552762e-06
3.1046093e-06
1.2927445e-06
1.9285994e-06
5.7434095e-06
2.835775e-07
8.261819e-07
8.127974e-06
2.4786978e-05
7.4460075e-08
6.352695e-05
2.2430368e-05
1.1255163e-07
0.9800166
4.8602925e-07
0.00014616696
1.5630376e-07
0.0151775805
1.3532352e-07
0.0041130907
0.0008716101
0.004840899
1.2833603e-06
1.2250782e-06
5.1150323e-06
2.947699e-05
2.9378443e-05
0.00013410694
7.5682016e-07
4.5440996e-07
3.059543e-05
5.309923e-06
0.002131263
9.193077e-05
0.00013017762
7.5324874e-06
3.9939287e-06
4.771236e-07
3.3635688e-06
0.00022291795
1.0188307e-06
4.4157625e-07
5.5917724e-07
3.022998e-07
0.00013402257
1.4150265e-05
1.1948362e-05
