2.616324e-08
3.9170104e-08
1.308283e-10
5.2685025e-09
7.079279e-08
9.0012755e-08
4.4597698e-08
1.1897834e-07
4.5197126e-09
5.9474234e-09
2.1643459e-07
5.951004e-08
4.0671455e-07
1.5158205e-08
2.6508555e-08
8.4685325e-09
1.1996656e-08
1.4260909e-08
6.7379835e-09
2.562446e-08
3.163555e-08
3.2714702e-08
2.4026768e-08
2.0936408e-08
1.357431e-08
3.5494658e-08
6.883442e-08
1.511677e-07
1.234608e-07
1.0910433e-07
6.8788275e-08
6.227511e-11
4.1078607e-08
1.2261906e-07
1.2046618e-07
1.6334367e-09
1.3105446e-07
2.5065995e-07
2.9209339e-08
2.5396074e-07
1.9972029e-07
1.469457e-07
3.0190424e-07
2.6132122e-07
5.5560857e-08
6.8118986e-08
1.641288e-07
3.5562753e-08
4.4143043e-08
4.095639e-07
1.4512815e-07
3.096216e-07
1.8191727e-08
2.2705717e-07
7.4941727e-07
8.092972e-08
4.6605277e-07
1.8375881e-07
3.0847852e-07
8.8709726e-07
5.367195e-07
8.016593e-07
3.882689e-07
2.0076652e-07
1.0829407e-06
1.0116736e-06
3.8438847e-07
9.350628e-07
5.078195e-07
1.65211e-07
5.4158363e-07
4.5629045e-06
2.7383325e-05
4.3652326e-06
1.6685799e-05
3.9028955e-06
3.884675e-05
4.0902745e-05
6.179504e-06
0.00020786915
1.3119284e-06
2.7217793e-05
0.00014294384
3.6490128e-05
0.00024246854
0.00034829575
1.07884125e-05
0.0002772332
0.0003568068
6.1714864e-08
2.5430575e-06
0.046781775
0.015144271
2.2593196e-07
6.8673245e-07
6.4183246e-07
2.1605547e-06
0.9946978
2.0294154e-05
1.7741826e-05
