6.046371e-09
1.0130251e-08
2.7594166e-10
3.3407683e-11
1.846461e-08
8.410776e-08
3.87803e-09
2.9658082e-08
6.2100747e-09
2.7829596e-08
2.519463e-10
3.6599613e-07
6.65951e-08
2.762223e-09
2.8590284e-07
4.363411e-08
1.2120584e-07
1.2236995e-08
3.8046377e-08
2.1536732e-11
1.9939313e-07
5.3177903e-08
1.1187595e-07
1.8190742e-07
1.8002973e-07
4.1164654e-08
2.965798e-07
2.8607522e-07
1.6423145e-07
1.3552977e-07
1.6907217e-07
2.5994458e-07
1.2848616e-07
3.0593499e-09
1.12880805e-07
4.403648e-07
4.033748e-08
2.0662055e-08
1.6216179e-08
1.5131563e-07
3.9584185e-09
1.8759077e-09
6.9220374e-07
4.3750116e-08
7.174238e-08
1.0872602e-06
6.236414e-08
5.1576484e-07
2.922794e-08
7.057166e-08
1.1932347e-06
8.398264e-07
7.866031e-07
2.1940295e-06
2.3771186e-06
1.1836243e-07
6.554146e-07
2.5277387e-07
3.598255e-07
1.7832803e-06
2.5712524e-07
6.3528967e-07
1.3482829e-06
5.4907434e-07
7.668162e-07
2.2077215e-07
2.477868e-06
1.4238351e-06
4.6987248e-07
9.576676e-07
6.1487117e-06
2.5923255e-06
4.808511e-06
8.455227e-06
2.3101393e-06
2.9030073e-06
1.7111072e-06
8.545122e-06
7.441311e-06
6.444419e-06
5.4033913e-05
8.7663335e-05
0.00011512189
0.0017891659
0.0040004933
0.91713566
0.16108862
0.0001346572
1.9048595e-05
1.3890273e-05
0.00013074638
0.0006360725
0.000854999
4.6433066e-05
8.479304e-06
3.0167797e-05
0.00015872353
5.946722e-07
2.2938097e-05
0.00024312532
