1.5823616e-09
3.990308e-08
1.3273227e-08
5.7544103e-08
1.5064641e-08
5.9315216e-08
1.4405026e-10
5.841632e-08
1.6422065e-10
9.926774e-08
2.84756e-08
8.374139e-08
1.7871831e-07
2.7053606e-08
1.1745154e-07
7.911609e-08
1.6109671e-07
1.343406e-07
1.5632182e-07
6.0114225e-08
1.9305617e-08
1.3908155e-07
2.4462685e-07
2.5469964e-07
2.7673613e-07
1.4576057e-07
2.740641e-07
2.6632247e-08
2.6651583e-07
2.7315326e-07
2.8035998e-07
4.5632285e-07
7.9609194e-08
3.0483047e-08
4.8098304e-08
5.6798154e-07
2.1138028e-08
7.207175e-08
6.012982e-07
5.45066e-08
1.6905723e-07
5.5105005e-08
1.2274147e-10
7.529387e-08
1.7301312e-07
8.0750397e-07
2.6696472e-07
1.9328772e-07
5.124096e-07
2.7703507e-07
1.9066299e-08
2.4433277e-07
8.987933e-08
3.1472683e-07
4.0593287e-07
4.2343063e-06
1.1564153e-05
3.3872013e-06
2.3058467e-06
1.7792557e-06
2.0789053e-05
1.5311458e-05
1.2025675e-06
5.6599094e-07
4.6006733e-07
9.6033684e-05
1.8541236e-07
3.9530755e-07
4.180322e-05
0.00010193897
4.439446e-07
0.00012072104
0.00039393498
0.00013026859
1.5413576e-06
9.661297e-05
5.5542946e-06
9.4697325e-06
3.6186468e-06
0.9914605
8.863381e-07
9.198472e-07
1.9875158e-06
1.5374043e-06
0.06194991
2.8402592e-05
1.4606649e-05
1.5385991e-06
4.918931e-07
1.3376422e-06
2.5383713e-06
2.2688214e-06
6.8881417e-07
8.589888e-07
2.495644e-06
1.6691463e-06
1.1604459e-05
0.0014547086
1.2442323e-05
1.7837625e-06
