2.1315007e-08
4.7330527e-08
3.5797335e-08
2.5632712e-08
5.312213e-08
3.8608707e-08
1.6926393e-08
2.597786e-09
2.673618e-07
5.1822374e-10
2.7616932e-07
3.113879e-08
6.750035e-08
1.3849416e-07
4.814723e-08
2.7305243e-08
2.6816112e-09
3.3105134e-09
5.135818e-08
4.82646e-08
3.054863e-07
6.509827e-08
8.314632e-08
4.917831e-08
1.35576625e-08
1.2711904e-08
1.6797951e-08
1.0179402e-07
2.7339581e-08
1.2731806e-07
1.4685197e-07
1.2009008e-10
3.6160234e-08
2.9658855e-08
7.5515505e-09
1.08376895e-07
6.9215598e-09
1.0634839e-07
8.1435644e-08
5.40867e-07
3.8071505e-08
1.3757216e-07
8.221635e-09
1.1597513e-07
1.9683144e-08
2.2577102e-09
2.649656e-07
3.283248e-09
5.7894955e-09
7.4137134e-08
1.7261974e-07
1.2353453e-07
2.2702106e-07
1.849283e-07
3.0996782e-07
2.1962762e-07
2.8696266e-07
9.2004495e-07
1.6024958e-07
4.2405358e-07
9.02649e-09
2.0095431e-08
1.6216735e-08
2.4202072e-07
2.5526464e-07
7.8894567e-07
1.3493973e-06
2.60061e-06
1.1345185e-06
1.4559456e-06
1.9087121e-08
1.304404e-06
8.515093e-07
2.0704751e-06
5.2571786e-06
1.2585426e-05
4.7213734e-06
2.44932e-06
1.115032e-06
2.8654015e-06
1.127054e-06
0.00011262316
4.9077807e-05
1.8404864e-05
0.0031315265
0.00022814002
4.2198276e-06
0.00051164743
0.3254927
5.633433e-07
6.518775e-06
0.6947744
2.0128764e-06
2.0718497e-05
5.098566e-06
4.8860766e-05
6.7685476e-05
2.0121186e-05
0.0038224945
2.204938e-05
