9.730201e-09
1.388622e-08
3.5970144e-10
3.7959833e-08
6.828093e-08
3.316259e-08
3.6310877e-09
4.0624997e-08
8.062618e-11
4.865646e-08
1.0915359e-07
9.3561276e-08
2.431098e-07
3.9348063e-08
2.6262843e-08
9.9926766e-08
3.458873e-07
5.6324706e-07
1.3467066e-07
1.7875425e-07
1.1150449e-07
3.2105424e-07
8.775618e-09
9.4597176e-08
1.1548593e-06
3.6338574e-07
3.5692565e-07
2.0971132e-07
2.125493e-07
1.1388763e-09
2.9457945e-07
4.2254655e-07
4.76072e-07
9.245287e-08
5.0228977e-07
5.0323325e-07
6.289516e-07
6.905013e-10
1.9397023e-08
1.2073123e-07
4.6767195e-07
3.515187e-07
1.4008025e-07
1.5493991e-07
1.5185012e-09
4.5336284e-07
5.3159823e-07
5.594519e-07
6.308841e-08
4.6122733e-07
2.9142436e-07
3.8952578e-07
6.759475e-08
3.6029584e-07
3.136414e-08
1.8636027e-07
4.735067e-08
5.114328e-07
1.0682678e-07
5.4852273e-07
4.966136e-07
4.1547474e-07
8.2960787e-07
8.69004e-08
1.5273777e-07
5.909497e-07
2.3429374e-07
6.066412e-07
6.1464493e-07
1.597844e-06
5.6963017e-08
1.5492749e-07
3.0173776e-06
1.209117e-06
1.9355429e-07
5.35168e-07
4.7512745e-07
4.5631057e-07
3.988333e-06
1.1353906e-05
3.3304283e-07
1.1868344e-05
1.712436e-06
7.3113333e-06
1.0631541e-05
7.513718e-05
3.3537124e-06
0.0003975326
7.442901e-05
0.000409986
9.132093e-05
0.99580765
3.5189867e-06
1.7627026e-05
0.003107698
2.0763151e-05
0.00021876786
0.017710598
3.7627095e-05
1.0162972e-09
