9.219671e-09
2.646349e-10
2.2413693e-09
2.2588496e-08
1.4610754e-08
5.276661e-08
7.50037e-09
1.5659694e-08
9.525398e-09
1.7115555e-08
6.965584e-08
1.5048093e-08
1.8958541e-08
3.744652e-09
4.6957215e-08
7.948986e-10
9.794683e-10
2.4846916e-09
3.2215608e-09
2.0869146e-07
6.772088e-08
1.1948045e-07
2.1733552e-08
1.5686204e-07
3.0281196e-08
3.351597e-08
6.4480304e-08
1.1572895e-07
1.259223e-07
8.262761e-08
2.7899763e-09
1.3014805e-07
1.6819953e-07
2.6536432e-07
3.448254e-09
2.391223e-09
9.7476324e-08
2.1758669e-07
1.8024643e-07
9.311941e-09
5.216818e-08
2.6562995e-08
3.2813804e-07
3.6484215e-07
1.7392574e-08
2.1110218e-08
9.619119e-08
4.86883e-09
3.3425746e-07
4.686878e-07
2.5492914e-09
5.001726e-09
4.0604814e-08
3.45157e-07
6.73587e-07
5.1403316e-07
5.9214744e-07
7.4525894e-07
2.1376569e-07
2.483781e-07
2.5050522e-07
1.1362614e-06
1.2591587e-06
2.7161157e-06
5.779643e-07
9.622546e-07
1.529821e-06
2.6647456e-07
2.6066957e-06
1.8109696e-06
4.9091045e-06
1.8624574e-05
1.983454e-05
1.3833908e-06
5.496313e-07
4.0125246e-07
3.7278772e-07
6.797418e-07
5.7623845e-05
0.00023651698
0.00025503297
1.7459565e-06
1.4503644e-05
1.3576643e-05
9.970867e-05
1.8949099e-06
0.0004510772
0.00014318824
1.617321e-05
0.0008811366
2.6574392e-06
3.0107298e-08
5.1940283e-06
0.0057124584
0.6067483
0.7669263
2.828739e-05
2.5558322e-07
1.5168642e-06
2.3554501e-05
