3.546147e-09
1.1046426e-08
6.099654e-09
3.9066755e-10
3.3633797e-11
6.019165e-08
2.1242673e-08
5.821275e-08
7.2759576e-08
1.1780492e-08
1.8895523e-08
1.01740785e-08
2.5560436e-09
1.2210894e-07
4.905885e-11
2.0189603e-08
5.5998214e-08
8.764649e-08
1.3791887e-07
1.776507e-07
2.0229564e-07
5.4274376e-09
1.5127137e-07
2.9476968e-07
2.9756958e-07
3.1096332e-07
3.0981172e-07
4.6914675e-08
2.7714947e-07
2.783432e-07
1.4238262e-09
4.6344496e-07
3.5557687e-07
4.809717e-07
4.7283834e-07
5.200824e-07
2.8526784e-07
6.306492e-08
1.8127541e-07
1.7015323e-07
1.860678e-07
5.3041704e-10
1.8900796e-08
2.3459083e-07
1.0153405e-07
4.2164234e-07
1.8546338e-07
2.0540352e-07
1.4603193e-08
3.0123203e-07
3.8056214e-07
8.4630784e-07
7.723445e-07
8.9019515e-08
2.5974117e-08
1.973048e-07
6.562455e-07
2.0673491e-07
5.6160978e-08
2.0069221e-08
1.2192897e-05
1.8910681e-06
4.470281e-07
9.738876e-07
5.1858075e-07
1.0203686e-06
5.540952e-06
3.302212e-05
1.496556e-07
6.917007e-07
1.8528266e-05
6.296901e-07
0.000125976
0.00011923764
9.730395e-05
3.6013926e-06
0.0012265729
0.00052196416
9.126631e-06
5.888719e-06
5.18597e-06
0.0026529888
4.1665957e-05
3.250195e-05
0.98865
9.646155e-07
3.107781e-06
2.0679256e-06
4.1528506e-06
0.0021927333
2.2463797e-05
5.0910508e-08
1.2721194e-06
2.6690689e-08
6.517545e-05
0.028089058
1.1154087e-05
1.8915686e-06
1.261359e-06
2.026719e-06
