1.6835648e-08
1.807856e-08
4.9648294e-09
6.8555988e-09
6.160364e-08
1.50564e-08
6.692301e-08
1.4390665e-07
2.4853106e-09
1.6918004e-07
2.2525574e-08
3.315526e-08
5.815656e-09
2.5261592e-08
3.6301262e-07
5.112747e-09
1.6321422e-08
1.283141e-07
6.36332e-08
1.09623656e-07
2.0276741e-07
1.582362e-07
9.297222e-08
1.092717e-07
3.2880573e-07
2.2698273e-07
4.5662316e-07
5.23185e-07
5.591001e-07
9.717769e-08
1.14214224e-07
1.8703724e-07
3.0863424e-07
1.1158484e-07
5.733308e-07
1.9187581e-08
4.7763187e-08
4.4486516e-08
4.2862673e-08
2.1998272e-07
5.3641725e-07
7.3117995e-08
6.425638e-08
3.6832185e-07
3.5725026e-08
3.5844758e-07
7.996738e-08
3.7188563e-08
4.3446002e-07
1.4299705e-07
2.0060743e-07
1.6942248e-07
4.3970285e-08
1.1579244e-08
5.984489e-07
2.2545458e-07
8.80271e-08
2.08289e-07
6.340557e-07
7.233916e-08
1.1019275e-07
3.683896e-07
3.5471987e-07
5.8143473e-07
1.2237573e-06
4.2293945e-07
7.0344873e-07
1.2228226e-06
1.4557886e-06
1.4062375e-07
9.880486e-07
9.466415e-07
4.83459e-06
8.217848e-06
1.0229088e-06
3.79437e-05
6.327094e-05
0.00012331983
0.00027418762
0.00010575039
0.0012987839
0.9559806
0.26101932
2.6423344e-05
0.00024535845
0.00015054223
0.00018287552
1.0717902e-05
1.7734246e-06
5.9189324e-06
5.9483064e-06
5.2582163e-07
1.050116e-06
4.9992068e-05
4.276491e-06
1.9063959e-06
8.73204e-07
3.1655265e-05
0.0016070846
2.1202091e-05
