1.5951082e-09
1.7644531e-08
2.8254806e-08
2.3537021e-08
4.9457018e-08
1.0270982e-08
9.025603e-10
5.770764e-09
1.794637e-08
3.410939e-09
2.2005467e-10
1.962753e-07
4.8787562e-08
7.051313e-08
3.238534e-08
1.3437019e-08
5.5101646e-07
1.02492834e-07
4.1560426e-08
2.6282177e-07
4.8119247e-08
4.241232e-08
5.041119e-08
1.5979326e-07
1.3691876e-07
4.4250856e-09
2.3347848e-08
3.4171933e-08
7.535723e-08
9.063222e-08
1.3146044e-07
3.079566e-08
7.2167445e-08
1.6926978e-07
3.2630744e-08
5.3146736e-09
1.0578637e-07
1.3383648e-07
4.2757992e-07
6.067746e-07
2.490899e-09
2.1418849e-08
5.6169273e-07
2.1665329e-08
1.970367e-07
4.2665254e-09
4.3371767e-08
7.469846e-07
1.4075851e-08
5.2974104e-07
4.1714078e-08
7.1783836e-07
2.208293e-07
2.1401763e-07
6.247205e-07
3.6372665e-08
4.5443767e-07
9.451896e-07
1.6447927e-07
6.3507736e-07
8.0494294e-07
7.0773956e-07
2.9100113e-07
6.0342394e-05
3.787195e-05
5.9128183e-06
2.4461526e-06
1.1110249e-05
1.9834175e-05
0.0002137129
0.0003364642
0.0014931785
0.9873356
1.7572165e-06
5.4163465e-06
4.6054342e-06
0.10974584
2.3367734e-06
5.8016967e-06
0.00022952161
0.0006106549
2.4481478e-05
9.600767e-07
1.8022742e-05
7.0658665e-05
0.0054891477
1.2501549e-06
1.040872e-05
9.035046e-07
2.7349955e-07
3.7735987e-07
3.4155522e-07
2.895263e-06
4.459285e-05
2.4034765e-07
4.578414e-07
0.000328101
2.172679e-07
0.00014361173
7.0218553e-06
