2.6313405e-09
4.3777924e-09
1.4566024e-09
5.4392206e-09
2.600882e-08
4.36974e-08
1.11242455e-08
2.8960274e-08
3.504544e-09
2.2370605e-08
1.8299915e-09
1.5411814e-08
3.6526666e-07
2.5376495e-10
1.5906696e-07
8.8541896e-11
3.6569677e-08
1.0401332e-07
1.4736423e-08
1.0046596e-08
1.9116163e-07
1.4233136e-08
4.5279908e-08
1.7762866e-07
2.9780216e-07
1.7834765e-07
7.135125e-08
3.5140718e-07
3.1124642e-08
1.938995e-07
1.9441104e-07
1.4680043e-07
1.2691287e-07
2.3148505e-08
8.001863e-08
1.444448e-07
1.3407549e-07
1.7149053e-07
1.0925086e-08
5.7786274e-09
2.228512e-07
2.3434522e-07
1.3506143e-07
1.7177975e-07
2.8982289e-08
3.134883e-08
7.783097e-09
1.9144316e-07
9.874301e-08
2.0835665e-07
6.3777725e-07
6.220806e-08
1.9859027e-07
7.159585e-08
2.3220612e-07
3.6224545e-08
1.3501702e-08
5.280228e-08
7.2582246e-08
1.9427438e-07
3.2009518e-07
7.5439755e-07
1.0646095e-06
9.715505e-08
5.058973e-07
4.0750118e-07
4.1842597e-07
1.6459057e-07
6.459235e-07
1.581675e-06
1.4310057e-06
3.9527856e-07
4.1492395e-08
4.302339e-06
3.6547603e-06
3.9821243e-06
4.416091e-06
4.0743284e-06
8.569492e-06
0.9866474
1.787324e-05
5.174919e-06
2.7772052e-05
0.00019768863
5.9658956e-05
0.05437778
0.0030215755
0.0016978265
0.00029940417
0.00022136899
9.574434e-07
5.864424e-07
6.306453e-05
2.2513408e-05
0.00016959288
2.3526774e-05
0.00021932462
0.00047135333
6.2116527e-07
1.5132445e-05
