9.3276045e-09
1.8562973e-08
9.721832e-09
3.9202742e-08
2.2074854e-08
3.947611e-08
7.483536e-09
6.347292e-08
4.501258e-08
7.3427824e-09
7.8102226e-11
1.1002518e-07
1.8675063e-07
5.9532126e-09
2.1153824e-07
1.2720278e-07
4.7577333e-09
3.4282063e-08
1.0642008e-07
3.775398e-07
3.395975e-07
2.0140719e-07
1.9544053e-07
6.523314e-08
3.4343202e-09
1.9723944e-07
2.2139986e-07
2.2317651e-07
3.9455767e-07
7.6023883e-07
5.815639e-09
5.0958832e-08
2.6995596e-07
8.160306e-07
3.8898683e-08
2.83487e-07
4.7286315e-07
5.267186e-08
6.943436e-07
3.989544e-09
4.6077403e-08
1.414967e-07
8.9137916e-07
3.9861416e-08
2.0815916e-07
1.0159525e-08
5.2613784e-09
1.6839962e-07
4.0295131e-07
4.0112394e-07
3.416426e-07
2.6084274e-08
3.5030855e-06
2.1764245e-06
4.115044e-07
2.1664887e-07
1.0879323e-06
1.4354766e-06
8.299693e-06
4.0247718e-07
3.457084e-07
2.1692658e-07
1.12772526e-07
6.614896e-07
2.4875064e-07
1.1262492e-05
1.3391027e-05
1.2502914e-05
2.7702072e-07
2.0352418e-06
1.9783854e-06
0.9954575
2.3817258e-05
7.137982e-07
2.2718255e-06
3.844283e-06
0.012875547
0.009934978
0.00025662364
1.7084844e-07
0.0001813117
5.282031e-05
1.2714903e-06
9.171053e-06
1.924179e-05
3.3862067e-05
0.00019694124
1.8274564e-05
8.966194e-06
0.00028970806
0.00014259473
5.745793e-07
2.1894968e-07
9.374481e-08
1.2530994e-06
8.232808e-06
7.407141e-05
3.2389187e-06
5.406864e-07
2.51487e-07
