1.17040475e-08
5.8328626e-09
5.3962403e-08
5.5223865e-08
4.5298844e-08
8.145212e-08
1.8021888e-07
4.212757e-08
1.839885e-08
5.3746567e-07
1.894755e-09
8.488235e-08
3.0066513e-08
3.977573e-08
3.905307e-07
2.3076936e-08
1.1786928e-08
5.4476683e-08
1.2865485e-07
5.9567483e-08
1.826781e-08
9.5269705e-08
2.7206115e-09
3.019419e-08
9.821048e-08
1.5578475e-07
2.604388e-08
4.7232025e-08
9.4373654e-08
3.42239e-07
2.6044796e-07
3.7479535e-09
2.4838516e-07
2.3230977e-07
1.07699245e-10
2.1402121e-07
4.629699e-07
4.5985146e-08
4.794928e-10
1.5379928e-07
9.686358e-08
1.949355e-07
3.6471224e-07
1.5731496e-07
1.545515e-07
3.8242632e-07
1.2788928e-08
4.2714422e-07
2.253258e-07
4.8931362e-08
1.86176e-07
8.980961e-07
3.4449116e-08
1.5936685e-07
3.2800128e-07
5.5936482e-08
5.9016725e-07
2.2954048e-07
2.784598e-07
1.2197125e-06
8.2074095e-08
3.5868982e-07
5.8651914e-08
1.0587682e-06
1.9473298e-06
1.9867346e-07
2.793533e-07
4.5175713e-07
1.0567159e-05
5.1226716e-06
0.0002631069
0.990656
0.0003338686
2.9827748e-05
0.015425709
0.00014141998
6.1923165e-05
0.00014994362
3.886011e-07
4.5081073e-05
8.223225e-06
3.0866383e-06
1.96027e-06
1.0149605e-06
2.1737536e-05
2.6218595e-05
1.9840645e-05
9.227472e-06
1.9488375e-06
0.00022507984
2.6564544e-06
1.6503408e-06
2.3672318e-07
9.866498e-07
6.145586e-05
1.5964729e-07
2.2226486e-06
1.1512073e-05
2.2864947e-07
0.0052633747
