2.8327957e-08
6.987303e-08
1.2700397e-07
3.8839292e-07
6.6126753e-09
3.3604e-08
2.39888e-07
1.2292853e-08
1.8312359e-07
2.6640611e-08
3.8159274e-07
1.720289e-08
4.1373077e-08
2.265618e-07
1.0300212e-07
2.6247356e-08
1.7821682e-08
1.7986457e-08
4.3929713e-10
1.8097545e-08
1.6612477e-08
1.8748255e-08
3.0085602e-07
1.0569797e-08
6.2514445e-08
2.2259515e-07
1.3785252e-07
2.8416006e-08
7.4910886e-08
2.7083064e-07
2.081522e-07
3.2266687e-08
2.873238e-07
6.039344e-08
1.060816e-09
1.6860265e-07
2.3143866e-07
8.9021526e-08
8.458694e-09
9.9868505e-09
2.2421737e-07
2.529207e-07
1.0571866e-07
3.689447e-09
5.326297e-08
6.339516e-08
5.25233e-08
2.126231e-07
6.3018675e-08
7.0727024e-09
2.1752753e-07
1.0008682e-06
9.704026e-08
5.9041196e-07
9.297224e-08
9.4329073e-07
1.1491865e-07
5.5348295e-08
4.011168e-07
2.7304642e-07
2.2857635e-07
1.0852733e-06
7.0466214e-08
1.8440501e-06
2.9726553e-07
6.7728996e-07
9.3075676e-07
7.8871e-06
3.000972e-06
1.5008328e-05
4.0161435e-06
2.0988324e-05
0.00012525183
0.000111723246
2.0022793e-05
9.047476e-05
2.4871813e-06
2.1128139e-05
2.6630029e-05
3.2237727e-05
9.204442e-05
0.9966787
7.0018773e-06
0.00040368416
0.007900612
0.0008955802
0.011277399
4.6201208e-06
1.7465679e-06
0.000497805
3.8044845e-06
8.6822256e-05
3.9010928e-07
2.7388853e-06
6.531272e-07
6.125078e-07
9.8731485e-05
1.6239357e-05
4.0595e-05
0.0009959675
