7.921285e-09
1.3778403e-08
2.6848118e-08
6.6282286e-09
1.5490128e-08
2.5847703e-08
5.395336e-09
4.635719e-08
6.81239e-10
1.4987361e-07
5.6783495e-08
2.8067973e-08
1.7888583e-07
2.5034938e-08
4.346773e-09
1.1977158e-07
6.038975e-09
1.6238408e-10
2.6332566e-08
1.2507547e-07
3.2057683e-09
5.928211e-09
6.381049e-10
3.2618985e-08
1.8605549e-07
2.6653836e-07
1.7906724e-07
1.3599976e-07
5.948326e-08
1.7092457e-07
3.077527e-08
2.0741744e-07
2.0539517e-07
2.13188e-07
2.23575e-07
1.6957027e-07
4.0340208e-07
5.8620543e-07
6.3406684e-09
5.006786e-07
4.9129727e-07
1.7920331e-07
2.9473906e-09
1.2256268e-08
1.9085482e-07
3.351903e-09
3.053464e-07
9.513066e-08
1.190386e-07
9.463578e-07
4.6061203e-07
4.8886456e-08
4.6036543e-08
1.4682628e-07
1.3549719e-07
1.6275251e-07
4.6093783e-07
1.5717375e-06
2.8329805e-06
3.5717915e-06
5.14858e-06
1.7257797e-05
2.0481557e-06
7.799997e-08
8.296608e-07
1.05881696e-07
1.0404253e-05
5.948655e-07
0.00012471035
0.000106637395
1.3943156e-06
2.7602619e-07
1.3582417e-06
1.1845026e-06
5.0206312e-05
0.00072213943
7.8399535e-06
2.7430944e-05
4.9598133e-05
0.0046904474
0.8778528
0.04017057
8.0224254e-07
4.9360153e-07
1.69682e-05
7.8188656e-05
0.00094317104
1.0251411e-05
3.5932892e-06
1.307659e-07
1.8058834e-07
1.1830723e-07
5.764668e-07
0.006025851
2.6448386e-06
1.8591936e-06
4.089618e-08
2.6707005e-07
1.4356957e-05
0.00011144474
