5.7672094e-09
1.8381701e-07
4.8293643e-08
1.0133405e-07
3.2315614e-07
1.123546e-08
4.7836903e-07
8.885207e-08
8.304422e-10
4.0017008e-07
1.3571765e-09
3.656859e-11
1.6949676e-07
1.2421073e-07
2.3255457e-07
1.2558397e-09
1.243362e-09
1.0581667e-06
4.5790284e-08
1.736418e-08
6.1464736e-09
1.6645255e-07
6.614133e-08
8.359216e-08
9.574966e-08
5.7137147e-08
2.1950119e-07
1.7564995e-08
1.7239092e-08
2.5421961e-08
3.162409e-08
6.0285075e-08
2.6464934e-07
9.67066e-11
9.296027e-11
2.6822493e-08
2.0819037e-07
1.3602285e-07
2.0770614e-09
5.4910473e-08
5.350458e-08
1.0221869e-07
1.5971406e-07
1.19010785e-07
1.589835e-07
2.8092816e-07
5.925908e-07
1.9680226e-07
1.2688176e-07
4.4964438e-07
3.734916e-07
2.4629554e-07
2.1779947e-06
4.8312273e-07
4.6151143e-07
2.6922962e-06
7.540594e-08
3.1733657e-07
1.2456636e-06
4.3957562e-07
3.6268182e-06
2.9272549e-06
2.5071873e-08
2.5330846e-06
2.6967484e-07
2.7925375e-07
3.9325264e-06
8.2702245e-06
2.4781802e-05
4.505295e-07
2.8592393e-07
5.378239e-06
5.305192e-07
1.0881716e-05
3.539654e-05
0.00011494569
1.8914648e-06
1.5879737e-05
1.4757989e-06
2.5497354e-06
6.0557604e-06
0.000114175105
2.0726484e-05
0.9960763
0.0005797258
0.0015429723
7.373453e-07
1.1747862e-05
0.00013157986
4.3449853e-07
1.8668804e-06
3.7211026e-05
0.00035760613
0.014487845
1.4547617e-06
3.5998835e-06
3.1787855e-05
1.7962071e-06
7.1186146e-06
1.2431195e-06
