2.159452e-08
6.5771e-10
2.7403939e-08
3.4774377e-08
7.751539e-08
7.058338e-08
1.2882461e-07
9.538814e-08
6.4649512e-09
5.718593e-08
2.27888e-09
8.452915e-08
3.683009e-08
3.5942233e-07
2.4705418e-09
2.264754e-09
2.4058386e-07
1.1063789e-08
9.724184e-10
1.1318856e-09
2.2145576e-07
8.9570655e-08
1.755707e-07
4.7020362e-07
1.4794834e-07
2.5380817e-08
1.2537936e-07
3.4492917e-08
4.669011e-08
6.308404e-08
1.2234977e-07
1.4666045e-07
1.8809101e-07
2.4487161e-07
7.570182e-07
1.8332015e-07
5.3118856e-07
7.0848995e-07
2.0140857e-07
4.6536312e-07
5.4224427e-07
3.750066e-07
2.7036016e-09
3.5506857e-09
2.2627826e-07
3.6079522e-09
2.1512086e-07
9.256972e-09
4.556633e-09
2.944136e-07
4.7462688e-08
2.3868896e-08
3.488466e-07
3.9003686e-07
5.373918e-07
1.0526714e-07
5.801595e-08
2.501486e-07
6.777712e-07
2.7777372e-07
3.3075918e-07
1.6940729e-07
9.205072e-08
3.4560594e-07
8.5946283e-07
4.443062e-07
9.8363614e-08
1.5906118e-06
6.8679043e-07
3.4853176e-07
1.4703485e-07
3.0295087e-06
5.085505e-07
5.919935e-07
2.420599e-06
1.0442938e-05
3.916404e-06
1.2614029e-05
1.9498739e-06
1.3985206e-05
1.282357e-05
8.890868e-05
5.8244936e-05
0.00014937964
0.000109067376
0.9960412
0.0060764267
0.012803949
4.999664e-06
8.32454e-06
6.6262626e-05
0.0016293969
0.0019140374
4.934266e-05
1.701695e-05
9.061515e-06
1.4868529e-06
0.0002538553
0.00054156326
3.190016e-05
