3.6167613e-08
3.7278494e-07
2.9194217e-07
1.2422685e-08
4.3020275e-08
3.827192e-09
1.895159e-09
2.4103193e-07
1.5948922e-08
1.8414553e-06
3.615964e-09
2.172983e-07
1.0026967e-07
4.641768e-08
1.3331078e-08
8.2888796e-08
2.4627204e-07
1.3490619e-07
8.5819956e-08
5.4807234e-08
1.4987808e-09
3.1245335e-07
1.8732804e-07
1.4884311e-07
1.6792382e-07
4.760163e-10
1.837553e-07
1.4803342e-09
1.501425e-07
1.4595666e-07
1.1794385e-07
1.3744287e-07
4.157453e-08
1.9081924e-07
4.5814716e-07
8.736607e-07
7.871865e-09
5.4092266e-07
1.00542074e-07
3.41869e-08
1.3930246e-06
5.2030975e-07
1.3751148e-07
1.3966594e-08
2.942643e-07
1.2288183e-06
1.0631663e-06
5.305543e-07
3.4581697e-07
5.566279e-07
3.6913427e-08
2.8387836e-07
3.4961644e-07
1.5292113e-07
5.539987e-08
5.411102e-07
7.67432e-07
2.4316016e-06
4.311932e-06
2.456521e-06
7.5523803e-07
1.23434575e-05
3.5285193e-05
4.3035157e-06
1.422976e-05
6.291669e-06
2.9201528e-06
3.389261e-06
1.8829816e-05
6.230635e-06
1.6014268e-06
2.3011753e-06
2.830393e-06
4.0490268e-05
1.5956006e-05
8.482837e-05
2.8615787e-05
0.00013448672
0.00084490515
0.99487674
1.1299642e-06
1.5115756e-06
2.9247099e-06
3.4580155e-06
7.961496e-06
3.4097367e-05
0.032197233
6.960096e-06
1.6840071e-06
1.339479e-06
0.00019395511
9.9202914e-08
4.51425e-06
1.8860056e-06
1.3248762e-06
8.044603e-06
0.00023434163
1.064407e-07
1.3130331e-05
1.9846868e-05
