3.2011354e-09
1.3261351e-08
1.7903823e-09
4.1861185e-08
5.9197383e-08
4.527685e-08
6.030064e-09
6.8992545e-09
1.0099906e-07
6.5322507e-09
2.2251663e-07
2.874244e-08
1.5050815e-09
7.862371e-08
9.741647e-08
6.372567e-08
1.6921494e-07
3.605231e-07
9.7862284e-08
2.9096443e-08
4.589166e-08
1.7302998e-08
1.3617813e-07
2.3068176e-07
1.1332245e-07
6.9866935e-08
8.121744e-08
2.0904604e-07
2.1805731e-07
5.0970533e-07
2.2276023e-08
5.0664852e-08
3.7137366e-07
1.1889909e-07
2.912612e-07
5.7912644e-07
3.2179946e-07
2.1893723e-07
1.1225635e-09
2.8789322e-07
5.1761947e-07
1.0468867e-06
3.4854392e-07
7.4870625e-09
1.9919857e-07
2.2484254e-08
2.4639493e-07
3.621264e-09
3.2765507e-07
2.7638367e-07
5.7450578e-09
6.2973475e-09
6.185404e-07
2.4162148e-07
1.9075077e-07
1.9270306e-07
1.2362902e-06
7.040905e-08
8.9384265e-08
4.229393e-07
1.3058566e-06
1.6025199e-06
1.6781809e-06
7.477669e-07
2.2204617e-06
3.5314508e-07
8.456122e-08
7.448214e-07
2.0059596e-07
1.0655451e-06
3.248624e-06
3.902133e-06
1.5907228e-05
0.00026203366
0.00016191415
3.97497e-05
8.417662e-05
0.0001592527
2.9208688e-06
6.206254e-05
8.5259435e-06
7.851367e-06
0.0003900822
4.8348873e-05
2.7523745e-07
3.9102468e-07
2.1095925e-06
0.0018577172
0.99167407
0.0022058312
0.019562088
1.8773793e-06
6.93102e-07
8.378984e-06
5.7940787e-07
4.8576458e-06
2.4743253e-05
1.3247092e-06
0.0049164738
1.8534156e-05
