2.8162506e-09
1.7218257e-08
2.5270095e-08
3.3486824e-09
5.0115506e-08
4.4261952e-08
4.2880927e-08
4.390851e-08
8.936742e-09
1.8566086e-08
5.9302474e-10
1.9627901e-08
8.757308e-08
4.467923e-08
5.0085248e-08
7.891564e-08
9.264917e-08
1.2676294e-08
2.9620955e-08
2.2198858e-08
4.2827777e-10
1.6942926e-07
5.1651764e-08
3.2314967e-10
5.2584003e-08
1.7670976e-08
1.616831e-08
2.3571748e-07
2.2608216e-07
1.0010262e-07
4.933752e-08
1.5840062e-07
2.7474417e-07
8.7981687e-07
9.15761e-07
5.6773996e-07
4.0854625e-11
3.273778e-08
2.8412361e-09
3.2672588e-07
1.5622769e-07
5.5872583e-08
1.3241443e-07
2.2274955e-08
1.1747815e-07
6.948847e-08
7.244563e-08
1.4294035e-07
1.8715312e-07
2.3634267e-07
5.0489728e-08
3.0433522e-09
9.7952636e-08
2.4347455e-07
9.478113e-08
4.6979315e-07
4.0591462e-07
5.0025225e-08
2.2915651e-07
9.3440417e-07
6.6118855e-07
7.1964104e-07
8.3945156e-07
6.820865e-08
8.232681e-08
1.9371309e-07
1.2028178e-06
1.0777435e-06
1.6643035e-06
1.3106779e-06
3.6312676e-07
1.7761719e-06
3.7256514e-06
1.0651756e-05
4.995128e-06
1.1424944e-05
0.00073626585
6.675096e-05
1.0429741e-05
1.941827e-05
0.006379455
0.00010745166
0.9700031
3.7034824e-05
0.00028074792
0.038403284
6.196737e-06
1.5368532e-05
1.7324489e-06
0.0003204198
0.00018198474
1.6476615e-05
2.8562486e-06
2.6741995e-07
5.3710264e-05
0.001440762
4.1489488e-07
4.4861446e-07
1.8312953e-06
8.239594e-05
