1.0702848e-08
4.4408295e-09
3.8130765e-09
6.2152483e-10
1.1186384e-08
7.229668e-08
2.5985387e-09
9.527544e-08
9.824447e-09
8.640845e-08
1.07073525e-07
3.172887e-08
2.6109173e-08
1.8260224e-08
1.2102635e-08
9.897702e-09
3.9448206e-08
2.0989237e-08
1.9277044e-07
6.950636e-08
1.2531298e-07
1.1289969e-07
7.043454e-08
6.51934e-08
3.3657415e-08
1.1640426e-07
1.740719e-07
2.6178273e-07
4.504459e-07
3.2171135e-07
8.7363794e-08
1.10139446e-07
8.072221e-08
1.8176877e-08
2.0800599e-07
2.1731664e-08
3.3471823e-09
1.1069969e-07
8.349701e-08
1.0389364e-07
8.816642e-08
2.9323976e-07
6.120235e-08
2.391345e-07
9.6042776e-08
1.06873856e-07
1.9903285e-07
4.392704e-07
2.9956244e-08
2.566299e-07
2.0208526e-08
1.7747883e-08
6.287473e-09
1.462336e-08
7.496049e-07
3.4151108e-07
1.4652466e-07
2.2927735e-07
8.063922e-07
3.3065513e-07
1.0915577e-06
2.6363898e-07
6.967475e-07
7.631161e-08
2.4635597e-06
5.582363e-06
2.9768207e-06
1.0631288e-05
1.6893388e-05
1.1507141e-06
4.846397e-07
0.00012822305
3.3440807e-05
0.0001060311
4.7913676e-07
7.9944535e-08
2.1773872e-08
9.627546e-07
3.5810598e-07
2.685543e-06
0.0001262034
7.425364e-06
5.0158565e-06
6.569161e-07
1.5228867e-05
0.0009731981
0.0018440015
0.00035324797
2.125714e-07
5.4888034e-05
0.97427875
1.6804887e-07
4.1936273e-05
0.16345537
1.131376e-06
0.004968605
4.431763e-06
3.2177537e-05
1.2774326e-05
1.630824e-06
