1.4773888e-08
2.1580819e-08
2.0300284e-08
7.074675e-08
1.955524e-08
4.879324e-10
6.692858e-08
3.8987395e-08
3.028109e-08
7.645938e-09
6.6683526e-08
4.7768467e-08
2.909056e-08
2.321156e-07
1.4549538e-08
7.451359e-08
2.7893808e-08
3.7368292e-07
2.3839203e-07
1.9128224e-07
1.817952e-07
3.579401e-08
4.895158e-08
4.900718e-08
6.00167e-08
5.6836647e-09
4.3746798e-08
5.330055e-08
1.5493188e-07
3.1521157e-07
2.727213e-07
1.5800847e-08
6.9280964e-10
7.9606634e-11
4.0024165e-07
2.0386965e-07
1.08740366e-07
2.996619e-07
2.6398727e-08
4.927604e-07
6.312804e-07
9.000161e-07
2.501437e-07
4.1351225e-07
9.701255e-08
3.8191263e-07
1.4061087e-07
3.742974e-07
1.19155594e-07
4.4692746e-07
1.7930218e-07
9.7382916e-08
2.732019e-08
4.3916852e-08
1.4695377e-07
8.323902e-08
2.1950473e-07
1.6029114e-07
2.852944e-07
2.7745156e-07
5.7920357e-08
5.3334895e-07
6.537832e-07
1.6595604e-06
2.2124182e-06
4.2826204e-07
1.5661612e-06
4.5092403e-07
8.1414737e-07
8.7859924e-08
6.9690545e-06
1.7225722e-06
7.67973e-06
3.4360005e-07
1.3760607e-07
9.5735966e-05
1.4236971e-05
2.2275144e-05
4.8581725e-05
0.00022954094
8.4715524e-05
9.40697e-05
3.3520025e-06
4.642444e-07
1.0021442e-06
3.8902738e-07
0.0009989482
0.0022017153
0.001870876
0.9930473
6.262465e-06
1.1444406e-06
0.083013035
7.082807e-08
3.4391655e-06
1.6115904e-05
1.2930288e-06
2.5670363e-06
2.9213295e-06
3.1476713e-05
