6.789103e-09
1.190268e-08
1.2331009e-08
1.25309e-08
4.616691e-08
1.5593598e-07
1.1903655e-07
3.5552534e-09
8.6470475e-10
5.960946e-08
2.374635e-08
2.5582926e-08
2.1094965e-10
9.970303e-07
5.5163e-07
6.8732757e-09
2.6567761e-09
2.9422642e-08
1.9441238e-08
1.9756428e-08
1.0873968e-07
1.06285775e-07
3.9875228e-09
4.917754e-07
1.4526782e-07
1.3171508e-07
1.1886573e-07
2.293118e-10
4.5325083e-07
3.1747103e-08
1.6551407e-06
5.2223226e-07
5.5457264e-07
9.779501e-08
6.9762066e-08
7.0201345e-08
1.0734231e-07
1.3362792e-07
2.3072896e-08
1.4229965e-07
1.292233e-08
3.224324e-08
4.701966e-07
6.066464e-07
2.4590773e-07
1.8162023e-09
5.6829368e-08
3.9098347e-07
5.331634e-07
1.2914757e-07
6.990073e-07
1.7704212e-07
5.0093837e-07
1.0045877e-06
4.529865e-07
4.2284097e-07
1.0401477e-06
1.7057489e-07
2.637319e-07
0.00010559135
0.0005091877
0.9886459
0.005050369
3.283723e-08
5.5836216e-07
0.00017360467
0.0011528064
0.027174976
1.3312938e-07
7.961961e-05
4.917342e-07
0.00022334544
7.465471e-06
3.2479072e-06
5.109195e-07
1.4314583e-06
2.714532e-06
2.2231821e-05
1.223335e-07
9.237029e-05
2.1203246e-06
2.389813e-06
4.512311e-06
4.586274e-07
1.8571764e-05
2.014332e-05
1.2647376e-06
2.2192127e-05
1.3314804e-05
4.710076e-06
4.6407833e-05
5.912777e-07
3.220034e-06
1.4021431e-06
1.4866511e-07
5.541287e-07
0.00012453766
2.7573282e-05
3.3059914e-06
0.002586959
