1.7942833e-08
2.3356655e-08
1.12954e-08
4.648984e-09
3.406676e-08
9.3500596e-08
2.9817407e-08
3.5805517e-08
1.0127385e-08
1.4193493e-07
1.669978e-08
1.0749418e-09
5.195746e-09
2.939888e-07
2.0206876e-08
2.714749e-07
1.9215456e-09
4.3581636e-08
1.594861e-08
8.461273e-09
4.2291546e-07
1.4157857e-07
7.0485065e-08
1.6086819e-08
1.7623897e-07
2.0590745e-09
3.264684e-07
2.950543e-07
2.8792377e-07
5.140783e-07
5.2169713e-07
1.1932732e-08
4.0231473e-08
1.00292546e-07
4.0081162e-07
3.1020123e-10
4.5106228e-07
7.168164e-07
7.9724026e-07
6.795791e-07
4.818015e-07
7.938678e-09
2.979177e-07
2.269135e-07
6.476337e-08
1.587748e-08
8.7948825e-07
1.2535601e-07
5.5161387e-09
5.8460523e-07
8.67697e-08
9.314699e-08
7.427496e-08
6.200906e-07
1.0543672e-08
2.7137995e-08
8.8340016e-08
9.2880487e-07
4.2885748e-07
3.2049894e-07
3.601825e-07
6.703614e-07
1.7936935e-06
5.961009e-07
7.847999e-07
5.3385565e-07
1.4360826e-07
1.159685e-07
1.8186222e-06
7.860387e-07
2.0276823e-06
2.6021364e-06
1.5193087e-05
3.138321e-06
3.4924715e-06
7.262217e-06
0.0001304892
8.670126e-05
1.641689e-05
1.9639147e-05
7.5743997e-06
7.014032e-05
1.1581642e-05
0.0012803271
0.012602685
0.9758671
4.1482352e-07
0.00011858734
2.999933e-05
0.019309625
4.135683e-06
9.230877e-05
1.4880701e-05
0.00075286755
3.6489786e-07
0.004542675
1.573654e-05
5.0050977e-07
0.0001182144
3.375738e-06
