5.198294e-09
4.373384e-08
1.5314839e-07
1.5927432e-07
8.896556e-10
5.8822025e-08
8.2885514e-08
4.3113874e-11
7.166039e-07
2.389755e-07
1.4101343e-07
1.2599743e-07
6.0924066e-08
1.0065073e-08
1.6383262e-07
5.572403e-07
1.2107366e-08
4.2471402e-08
2.4004871e-08
2.3283611e-08
2.2845615e-08
3.7188157e-09
7.582428e-09
1.4919104e-07
6.1349385e-07
5.997354e-07
6.329683e-08
3.736761e-07
2.8618626e-07
4.1991632e-11
9.895577e-08
3.162376e-08
3.9010035e-07
8.711193e-09
9.808565e-08
5.371428e-10
2.1487564e-07
1.5606064e-08
3.7490935e-08
1.6402844e-08
4.617048e-08
2.7289636e-07
1.556566e-08
3.0328113e-07
4.553385e-07
2.1839664e-07
4.751216e-07
9.610438e-09
9.179734e-07
4.8754373e-07
4.3292027e-07
1.2471905e-06
1.5339926e-06
5.391933e-08
1.0150393e-07
1.4623744e-07
4.4662727e-07
7.026838e-07
2.3010343e-06
3.7193781e-06
5.9688255e-06
1.2437343e-06
2.1358471e-07
1.2370113e-05
6.121874e-07
0.0001502115
2.8534409e-05
4.83233e-05
3.1613067e-07
8.678767e-07
0.00013994577
0.00092257763
0.985853
0.06439754
3.8975665e-07
2.7349259e-05
3.165776e-05
0.00021639279
5.6309937e-06
1.8495781e-06
2.200485e-06
1.0629724e-06
9.76258e-07
2.3744968e-05
2.299798e-06
2.5253614e-05
0.002720677
3.530979e-07
0.00015183665
3.3694098e-06
4.145103e-07
5.698892e-06
1.0418379e-06
9.532707e-05
7.299323e-07
7.9758024e-08
2.013452e-07
7.357716e-07
9.6057165e-06
0.0003101644
