7.59642e-09
3.8624467e-08
6.945139e-08
5.8819044e-08
6.096855e-09
1.13926e-07
1.732314e-07
8.063485e-08
3.4207233e-08
3.9098174e-09
5.4779175e-08
5.556068e-08
7.2530306e-09
3.7732608e-08
1.8838362e-07
1.2207352e-07
3.3205716e-08
1.2371466e-07
3.8495557e-08
1.8519911e-08
1.9830683e-08
2.7949527e-08
6.784024e-08
5.5435944e-08
8.9276746e-08
1.3415665e-07
1.0141476e-07
3.2396548e-07
1.670221e-08
1.2412612e-07
1.657336e-07
1.523452e-10
3.4006646e-07
5.728167e-07
2.0998442e-08
1.7972879e-07
9.193704e-08
4.4386503e-10
2.3294241e-07
1.7041549e-07
5.8225798e-08
3.6121108e-09
2.1762719e-07
3.4485777e-07
2.2794964e-07
1.8043694e-07
5.9200578e-09
3.1260996e-08
4.775481e-07
1.6684635e-07
1.7489004e-08
7.2663244e-07
5.757328e-07
3.5769793e-07
1.1787713e-08
6.759766e-07
8.9897165e-09
5.054086e-07
9.524288e-07
1.3402329e-06
3.3356305e-06
1.345143e-06
4.1666435e-06
5.281942e-06
3.9910487e-06
7.682641e-08
7.07923e-07
2.3016885e-07
7.967008e-06
2.4087867e-05
4.7639485e-05
6.328709e-05
5.1302402e-05
1.3770716e-06
0.00026685782
3.6651445e-06
4.598121e-06
1.9644096e-05
3.5882505e-05
0.0023806507
0.8631952
0.23485672
1.2405167e-06
1.0360374e-06
7.128013e-06
0.0022382434
2.07711e-05
8.072463e-05
0.0007791201
1.506857e-06
2.995024e-06
3.0039521e-07
0.000119852964
1.41040855e-05
4.2158322e-07
0.000111583955
8.1604554e-07
0.0004994507
5.680394e-07
4.476396e-06
