9.7779225e-09
4.0147768e-08
9.619945e-11
1.8759291e-08
1.4683043e-07
1.3481365e-08
1.0143445e-08
2.2473695e-07
1.1134449e-07
3.837211e-09
1.6855457e-09
2.4511957e-08
2.0538626e-09
1.2381933e-07
1.3993376e-08
2.0115375e-07
3.617903e-08
1.5485297e-08
1.6160834e-08
7.159895e-08
4.7451497e-08
2.337475e-07
4.3099706e-07
2.6395696e-07
1.3486754e-08
1.1573036e-07
4.5837787e-08
1.1880238e-07
1.2558972e-07
1.7156958e-07
2.4683806e-07
2.0411002e-07
2.267133e-07
4.958114e-10
7.217605e-08
3.2459727e-08
2.7518281e-08
8.769667e-09
1.2289755e-08
1.3560327e-07
3.9985883e-07
2.2914088e-07
4.5859174e-08
6.5656167e-07
9.139175e-08
5.241193e-08
1.6184674e-07
6.302493e-08
1.14607545e-07
7.845285e-08
2.784599e-07
5.637291e-07
1.4307703e-07
3.2562892e-07
6.4098884e-07
6.217161e-07
1.5973393e-07
7.6095534e-07
9.1122234e-07
5.00684e-07
6.9198126e-07
1.1856175e-06
1.5908417e-06
2.2837662e-07
1.5703708e-05
1.8037714e-05
1.7250311e-06
1.1739977e-06
4.9551545e-06
2.1517066e-05
4.9619197e-05
0.00024844945
0.00012516331
5.549405e-06
9.075549e-06
0.0015118403
0.9561372
0.2014164
5.6388286e-05
1.6464051e-05
8.319671e-07
1.3193943e-06
6.2375686e-05
2.2493236e-06
1.961827e-06
7.9874974e-07
9.686698e-07
0.00070860924
3.0354287e-05
1.8241069e-06
0.0003566081
1.8897408e-07
1.127005e-06
5.306908e-06
0.00017176113
3.434107e-07
7.837277e-05
5.8906357e-06
7.594448e-07
9.179258e-06
