1.2934506e-08
1.8795028e-08
3.1238948e-10
1.2272289e-09
1.6158425e-07
6.8295705e-08
3.8748316e-10
1.9336342e-07
5.0390355e-08
4.769396e-08
6.474055e-08
1.7343158e-08
1.0223218e-09
2.2748088e-08
5.565259e-10
3.1638854e-07
1.0313158e-07
2.7499203e-08
1.4717699e-07
1.3651757e-08
1.5063373e-08
6.2535572e-09
4.660024e-08
1.4206709e-09
7.758292e-09
2.7679963e-08
1.7297906e-07
9.9681e-08
1.4664433e-07
2.0658734e-07
1.2035276e-08
1.5679288e-07
1.6214362e-07
2.8843823e-07
8.9099667e-10
4.4791928e-10
9.002692e-07
7.0544803e-07
2.7615408e-07
1.0499051e-08
9.638461e-10
3.8635235e-07
9.358626e-08
8.651032e-08
3.369997e-07
3.3683403e-07
2.8106326e-08
3.4833826e-07
5.1977236e-07
3.2333855e-07
2.958262e-07
9.5177036e-08
4.8095006e-07
2.269313e-07
5.153273e-07
9.823352e-07
1.0023768e-06
2.2576812e-07
4.2814602e-07
2.7218195e-07
8.073243e-07
1.5702427e-06
1.0036733e-07
1.7642918e-06
5.324518e-07
3.8391754e-06
7.138712e-07
4.24326e-07
2.1589642e-06
9.780716e-07
3.110486e-06
6.702989e-06
9.210556e-06
1.7363884e-05
8.1848475e-06
2.4386933e-05
7.271266e-05
4.283909e-05
9.982891e-06
4.2261152e-05
5.0063525e-05
0.0001521346
0.00034161247
0.006724768
0.9841951
0.08743028
0.00037437852
6.454627e-06
0.00018077444
2.0104547e-07
1.3009005e-06
8.760518e-07
0.00082483585
2.1054193e-06
4.5721632e-07
0.0013455313
3.402253e-06
3.2117845e-05
2.9789622e-05
3.2757002e-06
