3.4490263e-08
8.315204e-08
4.398425e-09
1.4933794e-07
2.6356034e-08
7.353656e-08
2.8388166e-07
7.136433e-08
3.260245e-08
8.231685e-08
3.2155366e-08
2.3663658e-07
6.548607e-11
2.2495122e-08
2.9638489e-08
1.5203387e-08
7.335939e-08
1.5771674e-07
4.6615618e-08
4.3420442e-08
2.5864008e-08
6.444289e-08
1.3843027e-07
1.2560197e-07
4.2699455e-08
5.5760538e-08
1.4701585e-07
8.834432e-08
4.9134775e-07
3.1168855e-07
1.5544767e-07
1.9209107e-08
1.10014405e-07
7.592762e-09
1.7805849e-07
2.1479946e-07
2.7047626e-09
2.229723e-08
2.753571e-07
1.9845292e-07
1.788554e-07
1.4510476e-06
3.1060914e-08
4.746615e-08
3.8755476e-07
2.865808e-07
8.0153865e-07
2.1390741e-07
2.4298772e-09
6.496936e-08
1.724256e-08
1.7435114e-07
9.787333e-07
7.138183e-07
1.823406e-08
1.7132707e-07
1.4911731e-07
1.7308476e-07
1.9228706e-07
4.1766114e-07
6.481232e-08
1.381777e-06
8.8358494e-05
0.00010891591
0.003826171
0.36867225
0.745834
0.0019910673
6.1018596e-05
1.2228763e-07
0.0007951476
2.3214384e-06
8.0640166e-07
3.220747e-07
7.953057e-06
1.3055413e-06
2.3487779e-05
5.694919e-05
6.7624387e-06
1.2171068e-06
1.9409426e-06
8.347655e-06
1.3739764e-06
7.495067e-07
1.6502935e-06
0.00024231456
6.665519e-06
1.0023081e-06
2.736401e-07
1.4656479e-08
1.273224e-06
3.55173e-06
8.987544e-07
4.9830254e-07
7.0286467e-07
1.5451673e-05
2.7262533e-07
4.5453296e-05
1.6321755e-07
0.00061914185
