4.0272017e-08
3.8544236e-08
5.7276882e-08
2.178847e-10
5.9320846e-09
3.1623965e-10
1.8135685e-07
4.975765e-08
2.7680827e-07
2.1212703e-08
2.3456483e-08
4.5958796e-08
4.3145656e-09
3.8383936e-09
2.7243637e-08
1.4387391e-08
4.831368e-09
2.109823e-08
9.140004e-08
8.916549e-08
4.997698e-09
3.7190617e-08
2.3002048e-07
4.577393e-07
3.5118632e-07
1.1787733e-07
3.8584506e-07
5.940733e-07
8.0243274e-07
5.934118e-07
1.1306424e-07
6.3949656e-08
7.827104e-08
1.2908625e-07
1.8464162e-07
2.3838464e-07
6.3819506e-08
2.429161e-08
2.4247308e-07
1.1821204e-10
2.2782129e-07
2.9654815e-08
3.3354397e-08
5.3556043e-08
4.8195676e-07
3.721281e-07
4.924615e-07
4.234055e-07
4.9931124e-08
4.1185754e-07
4.3276387e-07
1.3938535e-06
1.8330267e-08
5.598723e-08
8.5055876e-07
8.305921e-08
8.918353e-08
2.1697726e-07
1.1043029e-06
3.4565262e-06
3.6496215e-06
8.422143e-07
8.457158e-08
3.7374025e-06
6.6831367e-06
2.7701006e-05
1.5385156e-05
0.00011604856
0.00021978616
6.118379e-07
5.337668e-07
6.008367e-07
8.2695703e-07
5.7242496e-06
8.400559e-06
7.944563e-07
4.847929e-06
5.0852543e-07
0.0006469969
0.0002897903
3.5596342e-05
1.2418985e-05
2.3970758e-08
0.023843696
0.99042183
8.7503e-07
6.7666304e-05
0.0006225169
0.01722281
7.7014437e-07
1.5012894e-07
0.0005076789
5.5333224e-08
1.4305022e-07
3.8060882e-06
2.8486244e-08
7.3308183e-07
1.2731589e-05
0.00012669576
1.9315053e-06
