4.715273e-09
2.3297679e-07
3.2814208e-13
6.6713693e-07
1.14013915e-07
1.7640198e-09
3.696835e-08
5.0185406e-07
1.9684195e-07
4.3066007e-07
6.212214e-08
2.5542874e-07
4.5571454e-08
4.5321964e-09
3.8293844e-09
8.121313e-09
1.3397143e-07
5.9274132e-09
2.626889e-08
1.4862088e-08
7.6434894e-08
1.45366235e-08
1.5578797e-08
2.8352337e-08
1.9878465e-07
2.3033581e-07
3.2663107e-07
1.4624148e-07
6.2538152e-09
7.2916446e-09
1.4063453e-07
1.6263803e-07
8.893008e-08
2.3552934e-08
4.9776304e-08
6.560814e-07
1.5460301e-07
2.7137327e-07
4.809438e-09
9.089951e-08
2.5921065e-07
2.398672e-07
1.2039797e-07
5.799919e-07
1.0316085e-06
1.0194174e-07
2.1453567e-07
6.086741e-07
2.543937e-07
7.9449273e-07
9.560339e-07
3.458462e-07
1.9699635e-06
8.340183e-07
1.541061e-07
2.7362314e-06
3.4287547e-07
2.468823e-08
2.6569453e-06
5.0061476e-07
1.598097e-06
8.3905866e-07
3.5621846e-07
8.301609e-06
3.8778408e-06
5.680865e-07
1.5772837e-05
0.9986452
4.114926e-05
2.49733e-05
8.6749446e-07
2.732739e-05
0.000121538906
0.00021659883
0.0003064927
0.004697043
0.002361103
5.061471e-06
6.3409084e-06
6.0806426e-05
8.085607e-07
1.07848355e-05
7.763818e-06
4.3623613e-06
2.437339e-06
1.3400283e-05
9.038469e-07
5.4585416e-07
1.8823152e-06
4.5750887e-05
2.423432e-05
5.3791755e-06
6.3373574e-07
7.970692e-06
6.913806e-07
2.2634107e-07
5.2942746e-06
1.032914e-06
0.0002628615
7.290305e-07
