2.6586974e-08
6.636064e-08
6.597478e-08
1.6297612e-08
8.487691e-08
2.2570092e-09
6.9900004e-08
1.529017e-10
1.8721119e-07
1.0837728e-07
7.889332e-08
1.0201808e-07
1.8746449e-10
7.1134814e-08
8.854278e-09
1.9924684e-07
3.91752e-08
3.4130356e-09
3.1380162e-10
3.466909e-08
1.5191821e-07
3.9951794e-07
1.1269297e-08
6.383876e-08
4.034412e-07
3.4376038e-07
2.1473639e-07
8.767412e-08
1.2264834e-07
3.3658804e-08
3.6242074e-08
1.2347918e-07
3.763929e-07
5.084712e-07
6.123885e-07
1.5542387e-09
8.8903307e-10
3.059358e-07
4.856592e-08
7.921918e-08
1.2514397e-07
1.3861582e-07
3.7331593e-10
3.813238e-07
1.8426022e-07
5.2691865e-07
9.375231e-08
3.463464e-08
5.349618e-07
2.0024206e-07
4.2728135e-07
7.9033686e-07
8.414882e-08
8.142789e-07
2.9293102e-07
1.4461453e-07
7.803951e-07
1.1288287e-06
1.7413859e-07
3.8520304e-07
7.1897965e-08
4.1660986e-08
6.829873e-08
1.2808677e-06
9.4495965e-07
8.5019514e-07
9.282903e-07
1.2022511e-05
2.039989e-06
4.9986975e-06
3.6067892e-08
3.5130782e-07
6.7746746e-06
3.319608e-05
9.5965814e-05
0.00015971094
5.329473e-08
4.798806e-07
0.0013466299
3.314635e-05
2.6691421e-05
6.1625184e-07
3.489189e-07
0.26005173
0.9689959
0.00015618303
5.42724e-07
2.2648917e-06
5.983155e-06
2.7418391e-06
1.606929e-06
8.861313e-07
1.9140805e-06
1.6839094e-05
0.00096455414
0.00048811184
1.623333e-05
2.394084e-06
1.6284922e-06
5.4266708e-05
