3.0963234e-09
5.831807e-09
6.9667085e-09
7.5547657e-10
1.9631429e-08
8.19755e-09
4.070675e-08
1.8069969e-09
5.042595e-09
7.7686735e-08
1.256925e-07
3.1491552e-08
1.6210538e-07
2.2540335e-07
5.9327736e-08
2.01535e-07
9.421509e-08
3.2578643e-07
1.2224558e-07
1.9954214e-08
2.6797736e-08
7.104634e-08
2.6568225e-07
1.0640949e-07
3.3643635e-10
7.789242e-08
1.3573816e-07
2.1314447e-07
3.2011508e-07
1.1060843e-09
1.9836853e-07
2.54964e-07
1.1972749e-07
4.5229274e-07
1.6364064e-07
2.959235e-08
9.643278e-08
3.7584465e-07
5.489865e-08
5.0004895e-13
5.286966e-07
6.158066e-07
2.900368e-07
6.9200047e-07
1.3128073e-07
1.739929e-07
8.648166e-08
2.653458e-07
3.912527e-07
5.204713e-07
8.61939e-08
6.2377205e-07
6.976889e-08
2.7382586e-07
1.395062e-07
1.0600755e-06
1.6844683e-07
6.348774e-07
3.0329343e-07
1.0097737e-06
9.096837e-08
1.281146e-06
2.5089028e-07
3.8340872e-07
2.4727592e-07
7.1058366e-07
2.1081509e-07
1.3141414e-06
3.9036977e-06
6.1246516e-07
4.584906e-06
9.78718e-06
1.7981464e-06
1.691704e-05
2.6905522e-05
1.7091263e-06
6.0514776e-07
3.586883e-05
0.00016716603
1.0404921e-05
3.374475e-05
7.2909697e-06
6.0703263e-05
0.008647861
0.00068020524
0.09908204
0.97412825
9.1069955e-07
3.857789e-06
0.00071596814
0.00022858687
6.8085155e-06
3.1902662e-06
0.00035849877
1.3835258e-06
4.5479787e-06
2.5750153e-06
2.916338e-05
0.00027394606
1.8937015e-05
