3.1807687e-08
2.3373245e-10
6.18108e-08
9.847826e-08
9.5984646e-08
8.8473273e-10
1.2838983e-07
2.6019285e-09
2.1707127e-09
1.336641e-09
4.6987655e-08
5.85837e-09
2.758755e-07
4.7259704e-08
2.2571162e-07
2.1100346e-09
2.4763063e-08
1.000052e-07
2.7177663e-08
5.961466e-08
3.6597268e-07
1.6427731e-07
1.0916823e-07
1.8712801e-07
4.8804225e-07
1.0979684e-09
3.4514147e-07
3.351558e-07
3.1325305e-09
2.3452124e-08
8.74743e-10
2.832978e-08
4.9991105e-09
4.4148553e-07
2.3657199e-08
2.9546053e-08
5.676501e-07
6.731554e-07
2.8742296e-08
1.6531521e-07
2.6312773e-07
1.3844948e-08
3.2045116e-07
2.8481728e-07
3.8086168e-07
2.7523506e-09
3.0377115e-07
2.6362392e-07
1.5474538e-07
2.4967244e-08
5.8498035e-08
2.3420822e-07
9.292598e-08
1.011656e-07
2.8487798e-07
1.600523e-07
1.0509403e-07
2.2588169e-07
3.5039896e-08
5.3361646e-07
3.9663553e-07
5.128578e-07
1.0595684e-06
7.0527176e-07
1.4312619e-06
1.9387494e-07
1.7626988e-06
1.223534e-06
2.7670994e-06
1.194343e-06
3.932997e-06
1.1521289e-06
1.9594002e-06
3.4487787e-06
8.423078e-06
1.220143e-05
3.6182057e-05
3.004448e-06
1.1609666e-05
1.3500956e-05
2.7669736e-07
2.3744387e-05
3.6954507e-06
1.6134076e-05
2.9827519e-05
0.00013477796
0.00016187086
0.0024241866
0.9847603
0.12415648
0.00022246072
7.4301295e-07
3.4323725e-07
0.00043115485
0.00046537374
5.0723185e-07
6.7993795e-08
2.5897136e-06
4.408394e-05
8.0127875e-06
