2.2528742e-08
3.004336e-08
4.0612427e-08
3.06599e-08
6.7607026e-08
5.0772844e-08
3.3614757e-08
6.34839e-08
9.1392806e-08
1.3863036e-08
9.670446e-08
3.308036e-09
3.6871754e-07
8.144455e-09
7.427791e-08
1.03485824e-10
6.787476e-07
7.3327975e-08
3.1207065e-08
1.5390828e-08
4.6656698e-08
2.3684764e-08
4.480683e-08
4.1671573e-08
4.8679958e-08
3.0829295e-08
7.570329e-08
1.8741582e-07
3.0473498e-07
6.511783e-07
7.648797e-07
4.39175e-09
5.4094574e-08
5.475494e-07
6.079574e-07
7.9625346e-07
4.163905e-07
2.8614602e-07
3.5066602e-08
3.503038e-08
1.8227566e-07
1.081178e-07
6.482279e-07
3.1272046e-07
7.7321414e-07
4.5908376e-07
1.4048861e-07
1.9516085e-07
3.3154087e-08
3.705253e-07
3.8581237e-07
1.1960185e-07
4.5544596e-07
7.145099e-07
6.2107637e-07
9.45677e-07
4.940495e-07
5.243063e-11
1.3403713e-06
2.3418224e-07
4.0005602e-08
1.4006787e-06
3.301843e-07
2.3498363e-07
1.0279985e-08
5.099655e-07
3.096976e-06
1.1552667e-06
4.5941302e-08
8.314315e-07
5.691784e-06
6.387645e-07
7.125667e-06
2.5254994e-05
1.837778e-07
2.6754828e-06
3.560143e-06
0.9936049
4.2232128e-05
3.3442018e-06
1.06383595e-05
4.389091e-05
1.6021313e-05
0.00095139595
0.06074838
8.9460235e-07
0.00074004685
5.225014e-05
3.5063497e-06
1.04985745e-07
0.00081175636
3.115104e-05
5.79645e-06
4.2626802e-06
1.8831654e-06
1.3333464e-05
0.00018628933
0.00024817724
2.3655414e-07
4.9152567e-07
