6.8592354e-09
2.3917275e-09
7.49364e-09
2.9167746e-08
1.5517909e-08
2.3146806e-12
5.1548604e-08
2.5728197e-09
4.87699e-08
6.093906e-08
1.1909098e-09
1.1700364e-10
1.0763559e-08
4.2658748e-08
4.5223466e-08
9.145986e-08
1.13737805e-07
9.591364e-08
2.7618793e-07
2.7489595e-08
1.0161662e-08
2.309064e-07
2.810651e-07
2.484914e-07
1.794281e-07
1.348976e-07
1.3030933e-07
1.7848339e-07
2.1263473e-07
1.590767e-08
2.0417814e-07
1.3284577e-07
1.3483857e-07
1.1460478e-07
4.5289564e-08
3.543279e-08
1.2459604e-07
8.666613e-09
1.0677835e-07
3.5277488e-08
3.193542e-07
9.555636e-08
8.671138e-08
2.5913573e-07
5.419322e-07
8.316294e-09
7.804805e-09
2.9958645e-07
5.2719596e-08
4.22096e-07
8.380106e-08
9.895264e-08
1.9405951e-07
3.1666218e-07
2.8090204e-07
2.1518419e-07
1.4566069e-07
1.6936885e-07
2.0876068e-07
2.1519088e-07
1.6194587e-06
3.0015286e-07
1.5895857e-07
2.141328e-07
1.3080611e-06
1.977463e-06
2.122062e-06
1.9452707e-06
1.860658e-06
2.8425725e-06
4.213859e-06
7.62827e-06
1.8560851e-05
1.0570929e-05
4.776355e-06
3.5632154e-06
0.00035793416
0.0033360845
0.3918754
0.2718153
8.641283e-05
0.0049122525
0.00015794748
1.4634034e-05
2.8994918e-05
5.2849824e-05
2.0691816e-05
4.528576e-06
0.00010758178
9.1150665e-05
1.1514727e-06
2.0028394e-06
7.7053855e-06
8.380962e-05
0.00060640485
3.3335564e-07
4.849142e-07
1.3149594e-05
4.8508736e-07
2.5090236e-07
