8.650851e-09
1.367758e-09
4.564016e-08
3.4590875e-09
5.1825452e-08
7.835759e-08
8.9094605e-08
3.2174287e-07
1.0100241e-07
2.9728941e-08
1.3774367e-08
1.8202535e-09
9.008717e-09
1.9341365e-07
5.9215584e-08
1.367627e-07
4.9639084e-08
9.602849e-08
2.0878228e-07
2.3102087e-08
4.6379714e-08
1.17810455e-08
1.6970819e-07
2.5742176e-07
2.743053e-07
6.408607e-09
1.3799709e-07
1.6961945e-07
1.6334121e-07
1.9393207e-07
4.715831e-07
9.876513e-09
1.1930518e-07
4.873498e-08
3.399849e-08
1.0220208e-06
9.946312e-08
5.201079e-07
1.0059631e-07
1.4312381e-07
1.3120892e-08
3.815059e-08
3.7690702e-07
1.4533559e-10
2.8013397e-07
5.063234e-07
1.6153632e-07
1.3727116e-07
5.691108e-07
1.2548938e-07
5.362083e-07
3.8477427e-07
5.4002055e-07
7.967078e-07
2.0265938e-06
5.725789e-07
2.931525e-07
8.323459e-08
7.2044344e-07
2.4466132e-07
1.9114525e-06
1.7189539e-06
4.580986e-07
1.2023307e-07
9.068114e-07
2.734834e-06
5.311828e-07
6.212816e-07
3.861679e-06
3.5702694e-06
2.3717175e-06
2.7890956e-06
9.652272e-07
2.084254e-06
3.8895752e-07
1.0135548e-05
7.84628e-06
5.3831216e-05
5.852032e-05
3.8463484e-05
0.9881082
1.39828e-05
2.2369299e-05
0.005170626
0.0060900087
5.174723e-06
1.51015465e-05
1.9054298e-05
0.0005636455
9.709656e-05
0.00030191676
1.5048038e-06
3.6416595e-06
8.225177e-05
6.8061025e-05
2.8539648e-06
7.070847e-06
0.00033605387
0.0001269528
5.6886315e-06
