1.7996188e-08
1.8994536e-08
2.8455931e-08
1.0979617e-08
3.89696e-08
1.77175e-09
7.2113298e-09
4.182315e-09
1.768936e-07
3.8203268e-08
9.707351e-08
2.5784237e-07
1.5748624e-07
2.2415168e-07
1.7854836e-08
1.8191858e-07
1.4677315e-08
5.5457317e-08
6.0208762e-09
6.1701186e-08
1.2514512e-07
7.4816555e-08
1.6100628e-07
3.7810963e-07
5.27885e-08
1.7941227e-08
2.253757e-08
6.84519e-08
2.0996042e-08
2.6451572e-08
6.11778e-08
4.2533176e-07
4.7834186e-07
5.8070776e-07
6.2366325e-07
5.4610894e-07
1.7027714e-08
7.060218e-08
6.1165146e-08
5.8150004e-08
5.9047835e-08
5.0102744e-07
9.446317e-08
7.823188e-09
1.5006611e-07
4.4342542e-08
2.0598733e-08
4.4367775e-07
1.8816982e-07
3.4080493e-08
2.1195186e-07
4.689648e-07
2.9948922e-07
2.0413616e-07
4.7329988e-07
3.971198e-08
6.2589174e-07
4.704057e-08
1.645181e-06
2.548123e-06
3.917181e-07
1.1792783e-07
1.15352236e-07
1.6672956e-06
8.67569e-06
6.476149e-07
3.932348e-06
1.9916044e-05
3.3314186e-07
5.9471944e-07
1.912587e-06
1.2228431e-06
8.061603e-07
4.0996674e-06
3.6695877e-05
2.0812354e-06
1.8647773e-06
3.8905955e-06
2.136575e-05
8.1188395e-05
0.00010868518
2.0012052e-05
1.8983367e-06
2.0053414e-05
3.479015e-05
0.0002550796
0.00013100354
0.97758925
0.2381625
0.004249186
6.2592453e-06
0.0004875074
3.2143754e-07
6.688147e-06
0.00012017649
2.894483e-05
0.0006956342
3.4244179e-06
3.132322e-05
7.7764425e-06
