1.3227548e-08
2.8271398e-08
5.4226317e-09
1.8128387e-07
1.3666698e-07
3.5804476e-07
1.9066576e-08
1.6093892e-08
5.211978e-09
8.0624964e-08
2.8264646e-08
2.5881393e-09
7.563547e-09
9.138536e-09
1.2886719e-07
5.228833e-08
3.155104e-07
6.5828383e-09
2.2784171e-08
9.337638e-09
2.1643805e-07
7.2343775e-09
7.3828986e-08
3.4254768e-08
3.8561666e-07
4.7296516e-07
1.3487672e-06
4.2469857e-08
1.09735524e-07
1.3461295e-07
1.4304385e-07
7.634505e-08
1.2113746e-07
1.361625e-07
8.6615266e-08
4.5127287e-08
7.812034e-08
1.061138e-08
8.408175e-08
2.9667825e-07
7.4477704e-08
3.2482092e-10
1.55852e-09
1.9720072e-07
1.8736228e-07
4.584673e-07
2.2382287e-07
2.863167e-07
1.1458577e-07
1.0780627e-06
1.0437404e-06
1.6908758e-07
1.2131917e-06
8.1348816e-07
5.47415e-07
6.0521785e-07
7.841816e-08
9.471097e-08
8.273029e-08
1.654495e-06
7.3951054e-07
8.0106577e-07
1.2394934e-06
3.4283773e-06
1.3782311e-06
3.217414e-07
9.351957e-08
8.7940407e-07
1.7610319e-07
1.0957857e-06
5.0459953e-06
1.1528955e-06
4.4626154e-06
5.4592333e-06
1.5781448e-05
1.3450569e-05
0.0003069714
0.0028226336
0.97963214
0.20434251
2.7443002e-06
0.00021530852
0.000110277186
3.2555712e-05
1.3596461e-05
6.236958e-05
6.316303e-05
4.754625e-07
7.6236034e-08
0.00040097354
1.2666375e-05
5.0272953e-05
7.9551694e-07
0.0022574735
1.9657211e-06
2.5211739e-05
0.0007887075
0.000105584906
5.42091e-06
1.1983236e-06
