1.7752265e-08
2.7847209e-08
4.2014268e-09
3.7816346e-08
3.7490338e-07
4.4857494e-08
1.560744e-11
1.01963614e-07
2.3100209e-07
8.8005464e-08
2.6126725e-07
7.136639e-08
6.6827326e-09
8.559448e-09
5.59616e-08
1.2301198e-08
6.0249135e-08
1.791511e-07
7.481111e-08
1.5493691e-10
8.4866985e-09
8.604551e-08
2.3918932e-07
5.2881905e-08
1.1389205e-07
1.6114876e-09
8.827797e-08
1.5386726e-07
2.060465e-07
3.165439e-07
3.6907636e-07
3.4159267e-08
2.1119557e-07
8.662332e-08
4.192977e-11
3.586813e-07
3.174908e-07
3.4531322e-09
2.6414605e-07
1.6558084e-07
2.163241e-07
1.7600632e-07
5.0424522e-09
4.5251518e-08
6.894113e-07
2.6467706e-08
1.7945192e-07
1.3173708e-07
7.35877e-07
2.9829258e-07
9.296985e-10
1.2477057e-07
4.7857576e-08
1.6680927e-07
2.2238441e-07
1.2318394e-06
5.3349345e-07
5.786925e-08
5.117167e-08
1.1644203e-08
6.529441e-08
3.0326484e-07
2.112151e-06
7.4996996e-07
1.8702497e-06
7.5600788e-06
4.612193e-06
7.405597e-07
1.4381794e-05
9.540286e-07
4.0237785e-07
9.202794e-06
6.607993e-05
2.0076523e-05
0.00017194262
0.00016067312
0.98849773
1.4357169e-06
6.128836e-06
8.102471e-05
8.576002e-05
7.6811e-06
1.1077895e-05
0.004873132
0.048635874
2.7436151e-06
0.0022433947
6.1591186e-06
5.408459e-05
0.00095986197
4.5428865e-06
0.00032653086
1.843714e-06
7.9738743e-07
0.00015104983
0.00033430452
4.794847e-08
1.3559584e-06
2.02105e-05
3.179784e-05
