1.0014322e-08
3.887205e-08
5.007092e-10
7.7007826e-08
5.9576717e-08
6.688804e-09
1.9117518e-08
7.516426e-12
6.272571e-09
1.03902174e-07
7.003311e-09
1.6489121e-08
1.6753971e-07
2.1539692e-07
4.392805e-07
1.6907013e-07
3.4056927e-07
6.1191026e-09
1.237842e-08
2.6492863e-08
6.702773e-08
3.100432e-08
2.8704468e-08
2.523084e-08
2.8861214e-08
1.1168792e-07
3.668569e-07
3.5207165e-07
2.0020911e-08
4.4015715e-07
1.05501144e-07
6.645992e-07
2.1957256e-07
8.027843e-08
1.14839274e-07
1.9497652e-07
1.3933198e-08
2.5009317e-09
5.160863e-09
1.6758548e-07
3.62391e-07
3.1053457e-07
1.8671066e-07
9.337224e-09
2.0982984e-08
7.758307e-07
1.8529491e-07
4.625333e-07
2.845956e-07
7.7411175e-07
4.0730023e-07
2.9683878e-07
1.6645899e-07
1.838278e-07
2.3082822e-07
3.3618363e-08
1.1921468e-06
1.2801898e-07
2.7330185e-07
3.1692375e-07
7.5183215e-07
8.936456e-07
4.8475783e-07
1.2344598e-06
2.0202347e-06
1.48482395e-05
0.00020239047
0.00010725209
3.723268e-05
2.8219361e-05
5.60991e-06
0.00041577822
0.00014692967
0.00027102153
6.766985e-05
0.00094373035
0.9885736
6.1607454e-05
1.0283302e-05
0.02245268
1.3273504e-07
1.5798823e-05
2.747773e-07
2.1002882e-06
2.4145356e-07
9.856807e-07
2.5569122e-06
4.1653075e-07
3.989195e-07
5.8989986e-06
2.2946551e-06
8.7750585e-08
3.2888263e-07
2.1325184e-06
5.17844e-07
1.6762826e-06
6.7675144e-05
0.0023328406
8.204783e-06
7.208728e-07
