5.374892e-09
6.3320904e-09
4.0006648e-10
1.6796517e-10
7.00091e-08
5.230171e-08
9.840664e-09
2.3589018e-07
1.3701783e-08
3.7742646e-07
8.432572e-08
1.1044542e-07
1.4692193e-09
5.7822465e-08
2.1818009e-08
3.877833e-08
7.819029e-08
2.7432531e-08
1.1265844e-07
1.6343436e-07
1.3317756e-08
7.0149446e-07
4.7844674e-07
2.8220043e-07
1.5391798e-07
1.6917565e-07
2.3887782e-07
2.320403e-07
8.4965855e-08
3.218558e-07
3.0147584e-07
3.9357678e-07
3.1941556e-07
7.827065e-09
1.913204e-07
1.4371007e-07
4.9071247e-07
9.655896e-10
1.1955383e-09
1.4682945e-07
2.1200142e-07
1.6966153e-07
6.198693e-08
4.3566072e-07
3.3632722e-07
5.085557e-10
3.643117e-08
3.062937e-07
7.459608e-08
1.7164797e-07
5.0304664e-07
9.798086e-07
2.1973683e-06
2.761509e-07
2.465967e-07
1.4589322e-06
1.4479605e-07
2.485202e-07
6.2522616e-07
9.372233e-07
5.9417084e-07
2.0188077e-06
1.1945876e-07
5.6562504e-07
2.7673005e-07
1.712953e-06
4.723104e-07
1.5128741e-06
1.7616588e-06
6.8546336e-07
4.157986e-06
3.9036986e-06
5.856835e-07
4.2086212e-06
1.2624065e-06
1.0705012e-05
5.6950307e-06
2.7828528e-05
6.9882895e-05
5.683927e-05
2.2796541e-05
2.1638449e-05
0.000114382514
0.0012763904
0.0070548244
5.015333e-06
4.1877483e-05
0.9179853
6.310601e-05
0.00021504321
0.00014903351
0.07499958
5.456731e-07
2.7743365e-06
0.0022968722
2.0222615e-06
4.9407204e-06
1.3008658e-05
0.00068389054
0.00017607235
