5.0874047e-09
1.6493269e-08
4.8544216e-08
5.4122102e-09
3.245706e-08
9.601994e-08
3.038941e-08
9.8210016e-08
1.14486014e-07
5.750886e-08
8.615296e-11
2.9042975e-09
1.7453131e-07
9.4230565e-08
3.8101525e-08
5.118075e-08
2.99928e-08
1.1564122e-08
1.3230876e-07
3.822601e-08
6.378377e-07
4.5142028e-07
5.766656e-08
2.1255193e-08
9.806321e-08
1.2728182e-07
7.2802415e-08
1.3698599e-07
1.2220077e-07
2.2874455e-07
5.572927e-07
4.8061764e-07
1.4126923e-08
7.653982e-08
1.0684247e-08
1.4499906e-08
1.9502795e-07
4.6814998e-07
7.3557743e-07
4.7370915e-07
7.33978e-08
9.4050716e-07
5.974584e-07
2.216681e-07
1.7296186e-07
2.2107449e-07
2.4333366e-07
1.6798917e-07
4.891832e-07
2.7916258e-07
7.306253e-11
3.443951e-07
6.717057e-07
4.9239326e-08
1.4412323e-08
3.6809354e-07
4.266813e-07
6.411504e-07
6.1602293e-07
2.196168e-06
1.8257525e-06
2.7240457e-08
3.0529277e-06
6.852422e-06
6.3199236e-06
4.199187e-08
2.9278908e-07
5.608808e-07
8.236964e-08
1.2062434e-05
8.385474e-07
1.5986373e-06
3.3878492e-05
0.000116162766
6.9301415e-05
3.53829e-07
1.4357896e-06
1.0356182e-07
4.7919673e-07
5.423165e-05
9.544618e-07
4.2147376e-06
1.6923611e-06
0.9947626
0.0002967502
0.021864278
7.345995e-07
7.145842e-06
0.0014451388
0.0042285346
2.4630466e-05
9.149335e-05
0.00059085496
8.492328e-05
1.3735237e-05
3.591226e-05
0.00075849216
4.3537607e-06
0.00010766333
1.3161535e-05
