1.3464653e-08
2.1236723e-08
6.020295e-08
1.1373696e-08
2.5564402e-09
1.7561675e-07
4.1007437e-09
4.0540055e-08
2.8917457e-08
2.3441153e-07
7.790212e-08
1.715445e-09
1.5650063e-08
6.9822065e-08
1.658654e-09
8.664911e-09
4.390321e-08
1.6927324e-08
1.904299e-07
1.2815847e-09
5.2474675e-08
2.5977689e-09
5.789098e-09
5.0869193e-08
6.2697296e-08
1.8708211e-07
5.1337295e-08
3.967994e-07
5.968752e-08
1.7979415e-08
5.2468096e-07
7.3137596e-07
9.2734433e-07
4.6256181e-07
8.9186227e-07
4.0335223e-08
2.907764e-07
1.970721e-08
3.3918344e-08
6.33848e-08
1.2561068e-07
1.3946683e-07
1.5306681e-07
6.6850146e-07
1.2653426e-08
7.4473604e-08
1.6794397e-07
5.0353506e-08
7.781524e-07
9.928365e-08
2.8500793e-07
2.647861e-07
6.8714115e-07
8.410631e-07
2.126434e-07
4.8780542e-08
3.187462e-07
3.8138654e-07
1.3301337e-06
9.153639e-07
4.6800534e-07
1.1288223e-06
1.9641847e-07
5.331982e-07
3.8912574e-07
7.161078e-07
4.2030615e-06
1.4934595e-06
1.1016884e-06
6.6236873e-07
7.1727175e-07
4.204845e-06
4.164738e-06
4.5981587e-06
2.1748387e-07
7.911905e-06
1.8406427e-05
6.6036437e-06
1.5989706e-05
7.236818e-06
2.3497512e-05
3.9964536e-05
8.494841e-05
0.000104634535
3.864596e-05
1.187367e-06
0.000506716
0.99373156
2.428018e-06
0.00029619754
0.00096469023
0.00093526795
0.064323
0.00074627594
2.481422e-05
8.313949e-05
0.0076775956
1.1112802e-05
3.6758454e-05
4.8994123e-05
