1.26179085e-08
1.5456836e-08
2.6633847e-08
2.8340958e-08
6.455316e-11
6.033117e-10
7.7943916e-08
1.8327786e-08
7.113685e-08
2.8469472e-07
3.2042188e-08
6.354286e-09
3.0814633e-08
1.0089566e-08
7.502022e-09
7.127695e-08
6.104756e-08
1.034894e-08
5.0053533e-08
2.1044299e-07
5.858005e-08
4.3193342e-07
1.3534591e-07
8.766436e-08
7.75591e-08
7.3265035e-08
1.5033518e-07
1.5520045e-07
1.423894e-07
1.9925894e-08
4.4801146e-07
2.4925652e-07
1.10393444e-07
1.3966537e-07
1.7254288e-07
1.9860762e-07
7.470693e-09
2.8442932e-08
1.42122945e-08
1.0548565e-07
3.4626348e-09
3.6259792e-07
8.004557e-08
3.5520864e-07
9.894286e-08
1.2237023e-06
5.7036766e-07
4.9627573e-07
3.1523862e-07
1.0882932e-08
4.1371246e-07
2.3865255e-06
1.2268039e-06
7.223418e-07
4.372805e-06
1.707663e-06
6.103892e-06
1.292465e-05
5.6843264e-06
1.5011456e-07
1.0150851e-05
4.3354785e-08
3.2487074e-05
5.9582555e-07
3.5331702e-08
4.7172968e-08
0.0003969683
0.0006234666
0.98737496
0.092977345
0.004257547
2.8832e-07
1.3152616e-07
4.075827e-05
9.439482e-06
7.0662263e-06
1.497019e-06
2.6070318e-06
1.4869314e-06
4.663177e-05
7.391497e-07
0.00015398454
1.6612936e-05
3.7037266e-06
2.4544079e-06
3.9304763e-07
1.6016302e-06
9.526008e-06
1.236527e-06
5.737718e-07
0.00016746014
0.00011222544
1.4506631e-07
8.466882e-07
5.322463e-07
1.9312276e-06
4.3190977e-07
7.3760915e-05
6.4085552e-06
4.6244268e-06
