5.539963e-09
6.998762e-09
1.1579391e-08
1.9832909e-08
4.440775e-08
4.6592923e-08
3.4307673e-10
1.1156987e-08
2.5483418e-08
4.6995485e-08
1.5815999e-12
4.5598778e-08
7.1450947e-09
1.410457e-07
2.538053e-08
2.1676422e-08
7.021438e-08
5.428268e-08
1.2684244e-07
4.107273e-08
1.5996825e-08
1.0824985e-08
4.3726374e-08
4.3788853e-07
3.1135696e-09
3.706195e-08
9.4864085e-08
3.1414703e-07
4.2766564e-07
4.574607e-07
3.637492e-08
1.8027364e-07
2.03522e-07
4.141418e-07
2.446994e-07
1.5871429e-07
2.4990737e-08
3.9591736e-08
1.5354935e-07
1.7100996e-07
9.909258e-08
1.6676299e-07
3.172518e-08
1.6846845e-07
4.1253916e-08
6.675574e-08
4.2139308e-07
1.7457785e-08
5.140669e-07
2.3033785e-08
3.392033e-08
1.0002188e-07
7.955215e-08
3.157217e-07
1.0073798e-07
2.250964e-07
6.383942e-08
1.9209777e-08
8.31307e-07
7.176874e-07
5.8910035e-07
1.1974017e-06
7.1752027e-09
1.5673311e-07
1.9919216e-06
4.0379584e-07
1.4637626e-06
4.11678e-06
1.0090163e-05
2.0910375e-06
1.0547441e-06
1.1159219e-07
1.1308623e-06
5.748187e-06
6.4320434e-06
3.5794226e-06
9.733736e-06
1.8800301e-05
8.942974e-06
2.1416003e-05
7.663168e-06
1.6217045e-05
2.0445843e-06
3.765297e-05
1.7337532e-05
2.3609835e-05
0.00018041169
2.0330985e-05
2.7798502e-05
8.105499e-05
0.00075328915
0.0001837498
0.0004071313
0.006502327
6.3425655e-06
0.0018664671
0.9981483
2.3816642e-06
4.6062214e-05
4.0271054e-05
