1.0117494e-08
2.020415e-08
2.9795324e-08
4.210281e-08
3.07627e-08
6.8084425e-08
7.567167e-09
2.632825e-09
1.8177397e-08
1.5664565e-07
2.3098632e-09
3.096441e-08
1.7556923e-08
3.9332782e-08
3.6325613e-08
5.219876e-08
1.8123816e-07
2.2013768e-07
1.6852686e-08
9.239954e-08
2.277043e-07
1.2235836e-07
7.255071e-08
2.7702166e-07
1.2326691e-09
4.471071e-07
4.6219515e-07
1.9331436e-07
9.3702796e-11
2.7052442e-07
9.082059e-08
3.8743305e-08
1.2501262e-07
3.8001615e-09
7.730343e-07
5.19263e-08
1.0459788e-06
8.999841e-07
4.67567e-08
7.919034e-08
1.0764663e-07
9.936532e-08
4.772929e-07
1.0320469e-08
1.0992897e-07
1.7637144e-07
4.0731652e-07
3.717918e-08
3.3187567e-07
5.366548e-08
2.0392461e-07
6.516501e-08
1.4147576e-08
3.6365753e-09
3.26408e-07
2.9839578e-07
6.550118e-07
3.2000563e-07
6.0260064e-08
2.638261e-07
8.100253e-08
8.106785e-07
1.6430407e-06
1.1626948e-06
3.2380472e-06
3.943893e-05
2.7132923e-05
0.98100907
0.07319071
0.006712014
1.1771868e-05
1.8882051e-06
0.00012096056
0.0003735204
6.102869e-06
8.965967e-06
1.538447e-05
2.7463406e-05
3.6843016e-06
6.9606735e-08
0.00021236428
4.18278e-07
2.5553647e-05
1.2864126e-06
3.4994368e-06
0.00013843847
1.8827858e-06
8.858409e-07
1.1432934e-06
5.715463e-07
4.719326e-07
1.245171e-06
1.6652301e-07
1.4044181e-07
1.981669e-08
3.403767e-06
7.922508e-05
1.7573852e-07
4.0380164e-06
0.0003445984
