2.8844099e-08
3.8053148e-08
6.038038e-08
9.649712e-08
3.335189e-08
1.0569139e-09
9.6808606e-08
8.00089e-09
2.5027828e-07
3.1074504e-07
2.796836e-08
3.2599758e-07
4.8546047e-09
1.8244291e-08
1.7192043e-08
8.657156e-09
1.4925292e-11
4.1908464e-08
3.516635e-08
1.5400761e-07
1.8075175e-07
4.844327e-08
6.3998286e-08
9.981333e-08
2.8216078e-07
1.0177359e-08
3.6828575e-07
3.1653937e-07
2.0955811e-07
1.9588991e-07
2.9068502e-07
2.6354494e-08
1.9722954e-07
1.8771016e-07
7.9900154e-08
2.0654623e-07
3.7291105e-08
3.0592466e-07
4.4839467e-07
9.329152e-11
1.0276032e-09
8.735218e-07
2.8496526e-08
4.8301295e-08
1.0656097e-08
1.8764742e-07
4.0846172e-07
5.5990097e-07
7.223717e-07
4.8780095e-07
9.1984674e-07
3.0388104e-08
8.683796e-09
1.0595743e-06
6.050506e-07
1.8502508e-08
3.823778e-07
5.857975e-07
2.1627419e-11
2.5798053e-07
3.9416122e-07
1.700222e-07
2.1280793e-07
4.929719e-07
6.305603e-07
1.638377e-06
1.1258567e-06
2.993678e-06
1.2095401e-06
1.0351024e-06
2.4015656e-06
8.8348215e-06
2.9714354e-06
2.197415e-06
4.7996878e-06
1.7756865e-05
1.1957785e-07
8.833851e-06
2.2125552e-05
3.369335e-05
8.137005e-05
0.00020800291
0.00024524503
0.0004712257
0.00022722277
0.0036393371
0.9899726
1.507543e-05
6.63551e-05
0.030016778
6.678219e-06
0.00016844361
1.1137984e-06
2.863259e-06
7.7303827e-07
0.0019403324
5.4407374e-06
3.7089794e-05
2.8955103e-05
9.754228e-09
