1.7299342e-08
2.5063391e-08
4.3429324e-08
3.1094885e-08
3.068006e-08
4.944878e-10
3.4039975e-09
2.4014392e-07
1.2866079e-09
4.8646292e-08
7.168905e-08
1.3092792e-07
1.2850435e-10
4.0137568e-08
9.867216e-08
9.365098e-08
4.6351594e-13
4.5293535e-07
1.0304259e-08
1.8966084e-07
1.0870248e-07
9.2561805e-08
1.2372828e-07
4.247759e-07
4.0583265e-07
1.6541017e-09
2.4131165e-07
3.979686e-07
3.7899184e-07
2.467412e-07
1.3402513e-07
8.5524245e-09
3.322827e-08
1.6400699e-07
9.971261e-09
1.8318303e-07
2.813736e-08
7.714918e-08
4.9250804e-07
1.9428825e-07
1.314026e-07
7.125258e-07
1.3305058e-07
1.159263e-07
4.4152165e-07
8.604337e-07
2.415741e-07
8.5182614e-07
3.9270937e-08
1.9440527e-08
2.2378134e-07
7.8680536e-08
1.7018175e-06
3.9943302e-08
1.332983e-07
2.6278406e-07
9.085922e-07
4.6732913e-07
1.3483337e-06
8.1294004e-08
3.8956523e-07
3.156905e-06
9.2939587e-07
5.915361e-06
1.0031603e-07
2.883157e-07
3.4234752e-06
6.507255e-07
2.6637846e-07
8.610568e-07
8.996148e-07
1.4475868e-06
4.805511e-06
1.2606921e-05
7.465229e-06
1.9035998e-06
2.6456453e-05
0.000121953795
5.3859376e-06
6.155984e-05
1.3106805e-06
4.2116626e-06
4.2076263e-05
3.841203e-06
0.00014118798
3.0160887e-05
2.3070823e-05
0.0007789488
0.0044367285
0.914622
7.818718e-07
7.579521e-05
0.00092769926
0.069410734
4.259089e-06
1.4715577e-05
0.00010632074
0.0035011563
1.0797875e-05
0.0001635518
