3.9430503e-08
6.830568e-08
2.9419601e-08
1.2692887e-07
1.0960535e-07
2.2742368e-09
1.5761265e-07
4.1208814e-09
1.525318e-10
6.462614e-08
1.2312645e-07
9.2806846e-10
3.7673125e-08
4.259952e-07
3.117845e-07
4.9946667e-08
1.0491526e-07
2.6714304e-07
2.404377e-07
1.18118024e-07
3.1149895e-08
5.893475e-08
2.1684288e-07
6.334372e-08
1.9363053e-07
1.6537962e-07
4.281725e-07
1.4069008e-07
1.3315282e-07
1.6558063e-07
1.4392376e-07
1.02369114e-07
4.3697807e-07
9.850117e-08
6.5342056e-09
1.2673027e-08
2.2988507e-07
8.192083e-08
8.895279e-08
1.07228566e-07
9.9333434e-08
6.0020204e-07
2.551926e-07
9.3729795e-07
6.209921e-09
1.173377e-06
5.9362243e-08
5.0909208e-08
7.149166e-08
7.075096e-07
2.1376056e-07
2.5836256e-12
1.6463353e-09
2.3815327e-09
3.3208931e-07
1.1342626e-07
3.356309e-07
4.439495e-07
1.4206121e-07
1.3544543e-07
7.2845535e-07
6.2152344e-07
3.4705158e-07
1.7271054e-06
2.3497776e-06
3.7044026e-07
5.8021214e-08
8.8173215e-07
2.210436e-06
7.9609235e-06
5.1619037e-07
4.2977126e-07
1.27148905e-05
5.278033e-06
3.7271634e-06
1.0799752e-05
0.00061327347
0.00094523805
2.5534635e-05
0.00019620196
8.309084e-06
5.9323414e-05
5.527523e-05
0.942248
0.31230032
2.8771256e-06
0.0002898249
1.2339389e-06
3.2680462e-06
5.7523275e-06
2.8781403e-07
8.5445936e-05
3.787733e-05
5.842788e-07
1.5739768e-07
0.0017045715
2.9929133e-06
3.539937e-05
5.1182633e-06
1.6826067e-06
