2.2403922e-08
3.5683506e-08
6.409632e-09
4.8208456e-08
8.172243e-08
7.988103e-08
6.479162e-08
3.4023405e-08
2.7089012e-10
3.775656e-09
1.4691022e-08
1.9420634e-07
1.540774e-08
3.8280092e-07
4.2241488e-10
1.3975664e-07
1.5769091e-08
1.8409744e-07
8.022061e-08
3.136795e-07
1.1050868e-08
7.555124e-09
1.15286234e-07
1.317233e-07
7.7587735e-08
1.8540575e-07
2.8011334e-07
4.506447e-07
4.7275094e-07
5.0094326e-07
4.8950017e-07
9.458604e-08
6.072724e-08
1.6841503e-07
5.1750084e-07
2.1030426e-07
2.3209512e-09
1.5620554e-07
1.7835415e-08
6.959809e-08
1.0743137e-07
5.7555315e-08
4.498063e-07
1.0611852e-06
1.472421e-06
1.9639128e-07
2.2688198e-07
3.5053702e-07
4.1901274e-10
1.1954698e-07
6.8951164e-07
3.5545665e-07
9.991928e-07
1.7080039e-08
4.4941194e-07
7.409528e-08
2.651743e-07
2.101368e-07
4.3835996e-07
5.0602995e-07
5.360276e-07
1.1239799e-06
3.738264e-08
3.081546e-07
1.8965869e-06
1.4695618e-07
6.1624075e-07
8.927966e-07
6.3813087e-07
2.8998138e-05
2.4539104e-05
2.8828222e-06
2.6304731e-05
3.4381897e-05
4.548927e-07
1.218871e-06
8.4327536e-07
4.5060883e-06
4.8390207e-06
0.0006203916
4.812132e-06
0.14481142
0.9846881
4.4513417e-06
8.032723e-07
2.2374743e-05
0.00038875858
0.00012421112
6.5274196e-07
0.008997267
2.8140477e-05
3.504466e-05
1.2693469e-06
0.00032706268
7.4097934e-06
0.00022495836
8.459166e-06
6.035331e-08
1.1750279e-06
0.00020502115
