7.062498e-09
2.266628e-07
2.9107485e-09
6.1499755e-08
2.63112e-08
3.014121e-08
4.399842e-08
5.264228e-08
1.8965988e-08
7.627667e-08
9.6228845e-08
8.452563e-09
5.8235354e-08
1.7003487e-07
1.4726666e-07
4.5385985e-07
2.2107238e-07
2.2895156e-07
3.8088552e-10
4.7635655e-07
7.116247e-08
5.8542987e-10
7.7080664e-08
2.5631363e-11
3.0475226e-07
1.2156744e-07
4.2553765e-08
5.7480758e-08
4.523057e-08
4.0194567e-07
1.5435545e-07
5.438319e-08
3.2540575e-07
1.3599177e-07
5.0856215e-08
1.9931768e-07
1.8926971e-07
5.1345342e-08
1.0036969e-07
2.4153186e-07
7.2443237e-07
6.638152e-07
7.154676e-07
5.0765334e-07
6.468691e-07
1.8949642e-07
1.9024923e-06
2.6190735e-06
1.0752861e-06
5.046089e-08
2.9216017e-06
2.9518421e-06
6.736173e-09
8.723945e-06
6.778131e-08
8.31813e-06
1.7085338e-05
4.1060653e-06
3.4653493e-07
3.7746844e-07
4.2859548e-07
1.1423225e-05
5.1082094e-05
3.0286921e-05
3.9101702e-05
1.4871877e-05
0.00014077456
1.7302459e-07
0.00011111972
0.00012608698
0.00017911193
0.00059010054
3.1389405e-05
0.90958464
3.125113e-06
5.16369e-06
2.7508331e-05
0.40685207
4.3539144e-06
1.0988344e-05
1.359302e-05
2.2202598e-06
1.3844234e-06
2.2612364e-06
9.362621e-06
3.500142e-05
1.3742157e-06
1.5889267e-06
2.0843935e-07
2.35494e-06
8.289447e-07
7.175711e-06
1.863282e-06
1.5977073e-05
6.196865e-07
8.3146153e-07
8.377999e-06
0.0007324792
6.213382e-05
1.7512257e-05
