9.548453e-09
5.088936e-08
5.0421477e-08
2.3019735e-08
1.2683365e-08
3.5569506e-08
2.8039844e-09
6.659858e-08
2.5828559e-08
5.716042e-08
4.405942e-07
3.1688533e-08
4.248753e-08
3.1464513e-08
2.0898967e-11
2.6753986e-09
1.3612711e-08
3.4721592e-07
1.5164643e-07
1.10376426e-07
4.299303e-08
1.4268171e-07
1.911499e-08
2.8707796e-09
5.958681e-08
4.7714206e-08
1.2828656e-09
2.4814504e-08
1.58205e-07
2.816632e-07
3.727597e-07
4.4872178e-07
5.3051315e-07
1.383214e-07
2.6471753e-07
2.1633298e-07
3.3101486e-07
4.3819426e-07
3.9639062e-07
4.1977772e-09
6.4200826e-08
7.248499e-09
7.9636244e-08
2.2218227e-08
3.1039892e-07
2.8832812e-07
3.890896e-07
5.235576e-07
6.197534e-07
1.5563366e-08
1.0851547e-11
8.63622e-07
1.714845e-07
4.763648e-08
7.946308e-08
1.6451953e-07
2.5535846e-07
1.5514468e-06
1.2100113e-06
7.9391197e-07
2.8895395e-08
1.6115555e-06
1.9508861e-06
1.0949211e-06
1.2011786e-07
3.9020265e-06
2.3831275e-07
5.9134845e-07
1.8088562e-06
1.34493175e-05
2.1465376e-05
7.295657e-05
0.00010199355
1.1630745e-05
4.151568e-05
7.0052515e-06
2.0161244e-05
0.0010709129
0.81315345
0.4093702
4.3054217e-05
1.1513006e-06
1.0259458e-05
1.9056635e-05
8.158854e-06
2.9036773e-06
7.8311634e-05
4.0623192e-05
9.94611e-05
6.4267842e-06
6.2186605e-06
1.1835602e-05
2.7326145e-05
2.6537164e-06
7.833918e-06
1.3186692e-05
6.079906e-06
2.3686049e-05
3.7267804e-05
0.0010452324
