2.768865e-08
9.785444e-09
5.5278257e-08
1.1699146e-09
4.1905848e-09
1.22372e-07
1.1191364e-07
1.9567471e-08
1.1535775e-08
1.5229807e-08
1.2211501e-07
3.6424348e-09
8.220961e-08
4.3899175e-07
4.3713733e-08
7.0864474e-09
4.6190664e-07
2.5452234e-08
7.811225e-09
4.192344e-09
6.705837e-08
1.4217619e-08
2.4205411e-08
2.1008388e-09
6.305525e-08
7.8496534e-08
7.379546e-08
1.4624425e-07
4.2138763e-07
3.4090144e-07
2.6615712e-07
1.4351951e-07
1.3787603e-07
1.0969759e-08
1.9196605e-07
1.9346838e-07
1.251911e-07
2.9260264e-07
7.646175e-08
1.8108018e-07
4.6434266e-08
8.363971e-08
1.2394734e-07
5.4204015e-08
5.274482e-07
6.269099e-08
5.932803e-07
7.3966424e-07
4.0627262e-07
9.3957374e-07
7.81436e-08
2.2336621e-07
1.15359935e-08
3.8479695e-07
1.2925337e-07
1.7391723e-07
1.4448243e-06
2.832222e-07
9.723059e-07
6.5526837e-07
1.6476282e-07
1.890386e-07
2.2357508e-06
1.5728083e-06
5.1648203e-06
2.394889e-06
7.725875e-07
1.4749045e-07
8.8247214e-07
2.1433416e-07
8.470258e-06
1.9259893e-05
1.5746062e-05
1.8000528e-05
1.8904513e-05
2.72723e-07
3.9654395e-07
1.1933259e-06
3.3261844e-07
8.2707134e-05
5.939309e-06
8.514821e-06
0.0013304492
1.0681662e-05
2.0836776e-05
0.00017041441
8.27852e-06
0.99194676
0.00014221609
6.327968e-05
7.255414e-07
0.00021304765
1.9189627e-06
0.026832687
1.7519748e-06
0.0039268034
0.00046074053
3.9672655e-06
9.241648e-05
2.4816763e-05
