8.423272e-09
7.513265e-11
1.7859763e-08
6.037835e-11
1.6938424e-08
1.446798e-08
7.2699695e-09
1.3724683e-07
6.043312e-08
5.563951e-08
7.253861e-10
2.7004415e-07
1.9087844e-07
5.1905467e-08
1.22868915e-08
2.0440989e-07
2.06736e-09
4.3091873e-07
1.08210614e-07
7.207041e-08
1.6778614e-07
5.7685767e-08
2.9691128e-07
3.043609e-07
4.022983e-08
5.098053e-08
6.676334e-07
8.808284e-08
6.5595636e-08
7.568957e-08
1.8254725e-07
2.5568434e-07
8.291592e-09
3.8681623e-08
2.9711677e-08
2.3121851e-07
5.8276037e-09
2.4836427e-07
1.5048383e-10
1.12730525e-07
2.0343421e-07
5.2387956e-09
4.931538e-09
5.157863e-10
7.421821e-08
2.0184493e-07
7.7200213e-10
9.492704e-08
1.591238e-07
1.6047942e-07
1.6269081e-07
2.2265887e-08
5.6530513e-07
1.3951028e-08
3.1239432e-07
9.756508e-07
1.1651071e-07
1.2280973e-06
7.527378e-07
2.2577719e-07
1.1006779e-06
1.6241154e-06
1.2740845e-06
6.521235e-07
5.163952e-07
4.4010967e-06
1.8494536e-07
1.7862601e-06
8.222311e-07
1.7951036e-06
1.2221313e-05
3.377956e-06
1.4850832e-06
6.9634206e-07
8.3396935e-06
3.370749e-06
2.4590367e-05
3.8337475e-06
2.765075e-07
3.413596e-06
0.00014107772
0.00014861277
0.00018261319
0.0005636472
0.00029664766
4.263236e-05
2.655217e-05
8.824069e-06
0.00096006977
0.0005820117
1.3721329e-05
5.83746e-05
1.5693631e-05
4.4542245e-05
0.9886217
0.029795816
2.651101e-05
0.012330691
3.763464e-06
9.915572e-05
