1.1992628e-08
2.2220853e-08
1.7505513e-08
5.972172e-09
1.2398172e-08
5.700239e-08
4.818159e-08
1.4509396e-07
2.0295085e-08
1.5107261e-07
4.553881e-09
1.3663649e-08
2.3539165e-08
6.450647e-08
1.1878856e-07
9.3871115e-08
2.457211e-08
1.3503352e-08
2.0663678e-07
1.6510926e-07
3.5922324e-07
1.9994398e-07
1.952637e-07
1.5015003e-07
1.7936154e-07
2.3445702e-07
4.017591e-07
5.7390827e-07
1.510321e-10
4.1380068e-07
1.8695104e-07
7.030585e-10
5.8350018e-08
1.4088695e-07
2.1124856e-07
6.07242e-08
1.6788786e-07
4.6829416e-07
6.7668833e-07
1.9070578e-07
2.6275995e-07
2.539433e-07
4.2482438e-07
4.4049668e-07
1.8800763e-07
6.395884e-08
4.0070137e-07
2.4448866e-07
3.0818944e-07
3.1499903e-07
2.7772456e-08
4.6809544e-07
3.3743467e-07
7.767086e-09
2.1719536e-07
1.8143383e-07
5.928e-07
2.7277025e-07
4.9824216e-09
1.3191396e-07
5.060235e-07
8.806366e-07
2.980442e-07
1.3545589e-06
3.2840998e-07
1.8070157e-06
1.8242894e-06
1.532876e-06
8.8921195e-07
2.0140127e-05
3.618689e-05
1.692011e-06
0.9864175
3.2193664e-06
5.0049807e-06
0.0017648415
0.15141208
1.4393498e-05
0.000471323
1.8508665e-05
5.0994688e-05
1.6286263e-05
1.9074305e-05
2.255343e-06
0.0001474679
0.00015659061
1.3112375e-06
3.7242314e-06
5.5807186e-06
0.00010860973
6.445244e-07
5.4014233e-09
3.5723951e-07
8.710569e-06
0.0001267967
1.8800372e-07
8.832103e-05
5.883142e-07
7.625256e-06
2.2327688e-06
