9.154934e-09
1.633152e-08
3.0969968e-08
3.041825e-08
2.5218425e-08
5.211997e-08
1.1517489e-07
6.7379657e-09
1.2304722e-09
5.438171e-08
3.2897464e-08
2.0752895e-09
4.0456336e-09
1.7547368e-08
1.7268789e-07
7.124317e-09
2.333483e-07
3.4746392e-07
3.977459e-09
3.2890657e-08
1.4851668e-08
4.9791037e-08
1.9318041e-07
3.108688e-07
3.8611006e-07
6.2386327e-09
2.9731757e-07
3.0173848e-07
5.7114513e-10
4.7477252e-07
5.471633e-07
4.7761546e-07
1.5557146e-07
1.692244e-07
1.4961607e-07
1.2038618e-07
2.9304859e-10
1.4555822e-07
1.852119e-07
4.2389627e-07
1.0545131e-09
5.4819657e-07
2.5192762e-07
4.3820775e-10
4.0840997e-10
9.0575554e-08
6.2136024e-08
4.686206e-07
2.163764e-08
1.3544468e-07
2.8243042e-07
6.504017e-08
2.6663034e-07
1.7172823e-07
7.806695e-07
1.259459e-07
2.3222351e-07
2.5905763e-07
2.2835233e-07
1.0180937e-08
3.4923346e-08
3.0696e-07
1.0436361e-06
1.7126251e-06
8.305856e-07
8.544032e-08
3.5969597e-07
5.1255347e-07
3.467154e-07
4.4567713e-07
1.3249809e-06
1.011111e-06
4.0012123e-06
1.4076346e-06
4.831949e-06
1.4545997e-06
1.7000585e-07
1.3971076e-05
2.9691296e-06
2.9660909e-05
5.097096e-05
0.008521648
0.16974683
0.53449357
0.00036461212
6.924554e-05
0.000106356325
0.0013299818
4.193325e-05
0.0001271284
1.4677489e-06
3.0781368e-05
1.47514975e-05
0.00012471063
9.550003e-06
7.327489e-05
0.00020199196
0.00088019494
1.5744448e-06
9.735157e-06
