8.11211e-09
1.4105432e-08
1.840966e-08
3.278509e-08
7.603514e-09
1.4025653e-08
2.5295017e-09
1.0265871e-07
1.375226e-08
1.680135e-08
1.2711831e-08
2.9672213e-08
1.0169206e-07
5.4882236e-08
1.241288e-07
2.814829e-07
1.6518909e-07
7.5751734e-07
6.627307e-07
3.801985e-07
3.5168037e-07
1.3445606e-07
4.2624478e-07
4.0604166e-07
3.4976838e-07
2.853393e-07
3.78791e-07
3.1832755e-07
1.6978522e-07
3.616603e-08
2.2232012e-08
6.129109e-08
4.1221362e-08
1.1743749e-06
8.527283e-08
8.70272e-08
2.6228616e-07
8.66551e-08
6.847535e-08
6.092931e-08
1.6208935e-07
2.3719624e-08
3.264403e-08
4.503502e-09
1.3379409e-07
1.6468954e-07
4.6705506e-09
1.827224e-07
2.6827598e-07
2.2760055e-08
8.345819e-08
4.195663e-07
3.103585e-09
3.843808e-07
1.524329e-06
6.872106e-07
2.1691268e-07
1.43778e-06
2.600379e-07
1.4386833e-07
7.7299825e-07
7.920836e-07
2.1991016e-06
1.4688411e-06
9.1743806e-07
6.3954593e-07
2.5178103e-06
8.16671e-07
0.95829123
2.52136e-06
2.7776234e-05
1.784209e-05
0.00012066462
0.097181424
0.0035681839
0.00019708666
3.5146008e-05
1.3619213e-05
0.002142415
1.16281735e-05
6.496388e-06
0.0008226511
5.2083727e-05
9.093234e-07
2.7244005e-06
6.255131e-06
2.398624e-05
0.00010580139
3.864982e-05
1.8219032e-06
1.1649524e-05
9.491907e-07
1.1826863e-05
1.6745007e-07
9.687363e-07
0.000282432
4.566948e-06
1.1875862e-06
0.00015482277
3.4173672e-06
