1.1239035e-08
2.7588804e-08
3.9081645e-08
3.651688e-08
4.1083172e-08
1.0539754e-08
5.529579e-08
6.9486234e-08
2.0875068e-07
3.9529958e-08
2.874458e-08
1.4579011e-07
2.0335864e-07
6.519811e-08
2.3877314e-10
1.1012061e-08
1.0411629e-08
1.4345075e-07
1.7493765e-07
1.7939179e-07
7.1835844e-09
4.6663127e-09
1.678453e-08
2.0047548e-08
1.3374728e-07
3.779858e-07
2.4030072e-07
3.7321553e-07
1.1706018e-07
6.7120304e-08
4.406886e-07
4.9189488e-08
9.63515e-12
2.0343961e-07
2.3392418e-07
2.7696203e-07
1.3046123e-07
1.821165e-08
5.991912e-11
3.745057e-09
9.168945e-08
6.2460153e-09
4.548285e-07
2.205479e-07
4.9005456e-07
2.7137745e-10
1.6042472e-07
1.3408402e-07
2.4834364e-08
7.7941266e-08
1.7008297e-07
3.529907e-07
7.4472597e-09
1.56988e-08
2.6382892e-07
3.537378e-07
3.6853405e-07
1.0707147e-07
2.403186e-07
4.8191623e-07
5.1645765e-07
3.3339987e-07
3.4449224e-07
6.3954286e-07
3.644198e-07
2.2562907e-07
3.197938e-07
2.751514e-07
3.9107033e-07
8.281965e-07
6.9073036e-07
5.0877367e-07
2.1511416e-06
1.8756392e-06
2.2565798e-06
7.3587566e-06
8.2382564e-07
2.1411215e-06
1.882459e-05
9.1177804e-05
0.0024016534
0.027945586
0.93959177
0.012241199
2.0479999e-07
3.2381195e-05
7.334291e-05
0.000104460705
6.972262e-05
0.00040534345
4.4604963e-07
9.926496e-06
3.7483627e-05
5.231635e-06
5.4560305e-06
9.5838195e-06
0.00094648724
1.2225746e-05
9.147833e-05
1.4761163e-06
