6.8228316e-09
5.856588e-09
1.4889008e-08
3.301874e-08
5.2681774e-08
3.7433264e-08
3.127586e-08
1.6987462e-07
1.3629267e-07
3.8957594e-08
3.5016885e-08
2.7473492e-09
5.235e-09
2.7215423e-08
1.2406894e-08
1.13971744e-07
1.0174823e-09
7.670955e-08
1.4286425e-08
3.6494188e-07
2.2148296e-08
1.0855996e-08
1.6872335e-08
3.632348e-07
7.476587e-08
2.3306056e-08
4.7691934e-08
1.2671584e-09
1.0272683e-07
1.8194174e-07
2.1744047e-07
3.0435208e-07
2.832886e-07
1.5487768e-08
2.7557652e-08
1.1065494e-07
1.6417829e-09
4.7004326e-07
6.34524e-07
5.5594622e-09
6.413166e-08
1.0536073e-08
1.1028457e-06
3.4765872e-09
9.95675e-07
8.4880395e-07
1.2162947e-07
3.4382302e-07
1.09175936e-07
2.946502e-08
1.5966285e-07
1.1990417e-07
2.0282157e-07
9.276117e-07
9.118152e-08
1.17370064e-07
3.4973334e-07
5.4513738e-08
7.9077523e-07
2.4588175e-07
7.4271657e-07
1.1366765e-07
7.9706854e-07
1.1182811e-06
3.1882152e-07
6.6741435e-08
9.825911e-07
3.1590764e-06
4.4698857e-07
9.757184e-07
2.288313e-06
2.630193e-06
1.768105e-07
1.1702136e-06
3.4942468e-07
9.257273e-06
3.194537e-06
2.4929059e-05
1.6543485e-05
1.2047506e-05
1.8784734e-05
3.41117e-05
6.9505266e-05
0.9946476
5.1182184e-07
5.869939e-06
0.00012257884
0.04563657
0.0025046242
0.00021940537
1.41143855e-05
5.6005953e-05
7.22748e-05
0.00017444676
0.002515417
0.0018579192
0.00050753297
5.3575236e-06
2.1500052e-06
1.590993e-06
