6.8390165e-09
1.7202066e-08
3.7620225e-08
8.130088e-09
1.0648904e-07
8.670183e-08
4.24702e-08
1.924202e-07
1.573562e-07
5.0483678e-08
2.6085652e-07
2.5783493e-07
1.6164367e-09
1.4037252e-07
5.12801e-08
6.6075905e-09
4.081766e-07
2.2054644e-07
2.062998e-09
7.551389e-08
3.4905092e-08
2.4387134e-08
3.7832734e-08
2.2569712e-07
3.3144283e-07
2.7129195e-07
2.3359593e-07
4.1813315e-08
6.538246e-07
7.59241e-07
5.5342837e-09
5.850607e-07
1.287148e-08
2.0063618e-07
4.0139733e-07
7.120047e-07
1.6742751e-11
6.85417e-08
2.4403112e-08
9.420915e-07
1.8753826e-07
1.0258764e-06
2.3659462e-07
2.4128216e-08
1.3281161e-08
1.2600513e-07
1.613719e-08
1.1002946e-06
7.686097e-07
8.25903e-08
7.8641176e-07
2.0418122e-08
7.527777e-07
5.66032e-07
7.3766347e-07
5.494331e-07
1.3756915e-07
3.1247802e-07
1.9460062e-07
2.0022908e-07
1.2669531e-07
3.498984e-07
9.836459e-07
8.736839e-07
1.5915231e-06
4.4613336e-07
4.6120828e-08
2.3708797e-06
2.0510527e-07
2.6783707e-07
1.072124e-06
1.0592788e-06
1.0135361e-05
1.854507e-05
1.6359993e-05
3.2245985e-06
3.1354073e-06
5.6935473e-06
7.271127e-07
5.9304934e-06
4.401284e-05
0.0002462921
0.00069681817
0.00016856755
0.9914192
6.966174e-05
8.6518376e-05
2.3824684e-06
8.6273154e-05
0.009063353
0.015079796
5.8116996e-07
1.34092925e-05
0.00062380004
7.1877757e-06
2.4925888e-05
0.0021888816
6.096177e-06
8.1985956e-05
8.824365e-07
