9.2457215e-09
1.2212502e-08
4.0500012e-09
4.3598396e-09
6.224275e-09
4.8402987e-10
7.961279e-08
1.0105351e-07
1.3317249e-08
6.7311625e-08
3.682639e-08
2.614402e-09
1.3721703e-07
7.314159e-08
1.3871169e-08
3.2441128e-09
1.5857516e-07
1.8518355e-07
5.5045914e-09
2.5393675e-07
2.3761109e-08
1.3922133e-07
1.87825e-07
7.147414e-08
2.0328186e-07
1.02457854e-07
4.775553e-08
4.237745e-08
3.3645108e-08
6.673258e-08
1.232531e-07
9.4937334e-08
4.952914e-07
2.9130234e-07
3.0458622e-07
2.9037184e-07
2.7958316e-07
9.7595425e-09
1.8128086e-08
3.2724606e-07
3.4083637e-08
2.0997703e-07
6.893647e-08
3.324619e-07
4.1060196e-07
2.5889888e-08
6.395909e-07
5.6731363e-07
1.9336003e-08
8.1328615e-09
1.554696e-08
6.0394e-07
7.4362774e-08
1.1883204e-06
7.3358986e-09
1.0959326e-08
9.725564e-08
1.9299497e-07
5.585462e-08
1.1308968e-07
1.416443e-06
4.1041437e-07
1.2643312e-06
2.0679414e-07
1.4956174e-06
4.825377e-07
6.602365e-07
5.2676165e-07
1.2859404e-07
1.3219721e-06
9.879666e-06
2.602704e-07
3.7202726e-06
3.060902e-06
1.2602835e-05
3.3626307e-07
7.1523264e-06
3.975648e-05
5.1207175e-05
4.0368122e-06
7.8602477e-07
0.00012843915
7.009709e-07
2.7164222e-05
1.0404366e-05
1.9366164e-06
0.99404484
9.4695846e-05
0.00017543804
9.4901145e-05
0.00391586
0.0027272215
0.09260486
9.598523e-06
0.00028112743
0.0019993496
1.7894134e-06
1.0023346e-05
4.9189042e-05
0.00016021448
