1.1334901e-08
1.8125145e-09
1.5349537e-08
3.268364e-09
1.4061635e-08
7.548096e-09
2.6008178e-09
1.6132047e-08
4.9550778e-08
1.3000175e-07
1.4090581e-07
2.3772357e-08
1.8816209e-08
3.7388613e-08
1.954661e-09
4.3885247e-08
4.2926928e-08
6.007391e-08
8.206003e-09
1.047512e-08
7.2587454e-08
9.4418006e-08
2.0370106e-07
2.2215e-07
1.19143756e-07
9.10506e-08
9.655551e-08
2.1018998e-07
2.0092186e-07
2.2793332e-08
5.0559176e-08
1.1828466e-08
1.9040655e-07
1.2077352e-07
5.9894063e-09
7.450679e-10
3.2217838e-07
9.56159e-08
7.944529e-07
1.6071478e-08
2.344079e-08
9.191032e-08
1.9740197e-07
1.3867275e-07
1.9988484e-08
2.927114e-08
6.788362e-08
9.1539306e-08
4.888336e-08
3.383864e-07
3.4857567e-07
5.144105e-07
2.0811117e-07
5.1034e-08
4.4205802e-07
2.983318e-09
1.3892714e-08
1.0147604e-07
1.3099657e-07
1.2899753e-07
3.533894e-07
9.1882106e-07
3.5768923e-07
5.7163682e-08
3.6721138e-07
3.070166e-07
6.9435106e-07
2.1720437e-06
5.39371e-07
2.1178355e-06
1.7538795e-06
6.889162e-06
3.0400802e-06
5.190135e-06
9.451792e-06
4.196225e-06
4.622954e-06
5.3920365e-05
0.000114407216
1.3561708e-05
2.6660815e-05
8.048836e-07
3.0048388e-06
5.0827304e-05
0.00044506008
0.0009857272
3.713671e-05
0.0021506527
1.1841395e-06
0.004954938
0.00912534
0.9891528
1.0237753e-06
1.552211e-06
2.4593586e-05
2.047309e-05
3.186131e-08
2.9329183e-07
6.208697e-07
7.372151e-08
