3.39625e-09
2.0414296e-08
2.9622523e-08
3.295375e-08
6.867366e-08
1.8489976e-07
8.555948e-09
6.98382e-08
1.4932566e-07
6.915969e-08
6.0014463e-07
2.8359075e-08
4.6467916e-10
3.5308219e-09
3.1051094e-08
6.177708e-10
1.687903e-07
2.623653e-09
9.275704e-08
4.18038e-07
5.0418315e-08
3.8465046e-08
2.5495018e-07
1.3845094e-07
9.2547516e-08
8.680768e-08
2.4232602e-07
3.5953826e-07
4.054976e-07
4.4894506e-07
5.2471745e-07
1.8134712e-09
6.9998094e-07
3.8076038e-07
1.9398249e-07
1.207386e-07
1.3242082e-07
4.2873e-07
7.1006694e-09
1.1806966e-06
1.8136566e-07
3.0270587e-07
1.8556324e-08
4.629406e-07
4.9189637e-08
5.512282e-07
4.9203317e-07
7.6941046e-07
6.544533e-08
4.6399585e-08
7.9863963e-07
3.364198e-08
2.1247168e-07
1.137147e-06
1.6974296e-07
1.4301979e-07
4.356952e-08
4.9008932e-08
1.420277e-06
7.682911e-07
4.8289627e-07
8.179553e-07
8.82957e-07
7.976874e-07
4.5084693e-08
1.5908184e-07
2.1334165e-06
5.9650375e-07
1.2531129e-06
7.9008197e-07
2.0234443e-06
1.5521077e-06
3.3446404e-06
3.783766e-06
3.7210623e-06
1.1567023e-06
6.043621e-06
4.8481334e-06
1.945943e-05
3.7881268e-06
3.000411e-06
9.548512e-05
4.2982712e-05
0.0004163356
0.0004904119
0.000805702
0.00881366
0.98615575
0.00015138884
0.05140784
4.8454207e-05
1.456825e-05
2.0934564e-05
0.00069238147
3.0386687e-05
9.076445e-06
0.0014193779
4.0687158e-07
5.7962907e-06
5.969872e-05
