1.1784462e-08
1.9287671e-10
1.3212206e-08
2.5169928e-08
1.5370915e-08
5.627743e-08
3.196849e-08
1.0881896e-07
2.2519759e-11
4.695989e-08
1.8964231e-08
5.206344e-08
7.345092e-09
4.40265e-08
7.256856e-09
7.397015e-08
1.810305e-08
2.8113977e-08
6.709619e-07
2.080773e-07
1.0707655e-07
6.1525306e-08
9.883126e-08
2.802404e-07
5.210243e-07
7.5008495e-07
4.0532353e-07
3.2608307e-07
3.362048e-07
4.6644155e-07
5.522012e-07
4.162635e-10
7.523771e-08
4.4416765e-08
4.3504357e-08
1.894699e-07
1.4421903e-07
1.2601686e-07
5.896138e-08
4.64378e-08
5.640373e-07
6.871431e-07
1.1924456e-07
2.9021032e-07
1.7654273e-07
4.793213e-07
4.0814417e-08
2.5028643e-07
8.119104e-08
2.995613e-07
4.0770556e-09
1.6030788e-07
4.249023e-07
1.0506092e-07
9.500286e-08
3.80187e-07
9.0133295e-07
3.3936215e-07
3.7272886e-07
6.947797e-07
3.9586713e-08
4.2149057e-07
6.711097e-07
6.845509e-07
5.747059e-07
3.7337884e-07
7.8094695e-07
5.0447863e-07
8.98836e-07
1.2772236e-06
1.2157639e-07
6.776058e-07
3.4511396e-07
2.1268768e-06
5.211618e-06
6.2910335e-06
2.8374018e-07
5.026786e-06
1.9749577e-06
1.6212065e-05
4.919004e-06
3.606056e-07
1.4647492e-05
0.000114893934
0.00017787215
0.0002795094
3.101697e-05
2.943628e-05
0.0004580959
0.00019493475
3.9858052e-05
0.0006964031
0.9723044
0.0149095515
1.0878383e-06
7.3225296e-05
0.046047743
1.8980665e-05
9.748524e-08
2.7300275e-06
