2.1918735e-08
2.3957174e-08
4.2700616e-08
7.093551e-08
1.0410707e-08
5.2546003e-08
1.7482488e-09
9.7734954e-08
2.5476306e-08
3.7070674e-07
1.037366e-08
2.6255142e-08
1.6443552e-07
3.5875541e-10
5.4634466e-08
5.0096947e-08
9.358379e-09
6.860767e-08
2.4455937e-07
1.4323957e-07
2.4140397e-07
1.3346947e-07
6.2080495e-08
3.0507977e-08
3.8461817e-08
2.838419e-07
3.2601258e-07
1.2349096e-08
3.3589055e-07
3.2625756e-08
9.3341306e-08
2.9411849e-08
1.816102e-07
3.6462885e-07
1.3594545e-08
4.683202e-08
5.9670576e-08
8.981233e-08
1.5156387e-07
4.9444242e-08
2.482134e-07
2.5495387e-07
1.3661311e-07
2.7432654e-07
2.056156e-07
2.3467418e-07
2.2504159e-07
4.697452e-08
2.677352e-07
3.4116638e-07
2.4513534e-07
1.6222673e-08
6.13552e-07
2.206264e-07
1.3522715e-07
4.7575426e-08
1.9308852e-07
7.638399e-07
5.0896915e-07
2.9108918e-07
1.0722279e-06
3.7062034e-07
5.504667e-06
1.6440841e-05
3.926167e-06
6.4384176e-07
6.5139657e-06
1.5836677e-06
1.9546785e-06
1.3904069e-05
1.0434553e-05
4.482704e-05
1.0554813e-05
2.8802172e-06
0.00020234815
6.975092e-05
0.00063017354
0.01574517
0.9942374
6.1276705e-07
1.1506119e-06
1.0200682e-06
5.404721e-05
1.0512962e-06
0.00043833564
0.0148871215
0.00014404046
5.0672105e-07
7.377122e-05
5.768333e-07
1.5978434e-06
4.95245e-07
2.59584e-07
9.222464e-07
0.0008009735
4.0179373e-08
5.1030537e-07
2.2527975e-05
4.5372844e-06
0.00013310013
