7.329664e-09
2.0390264e-08
3.4285183e-08
4.9014762e-08
2.6970444e-09
2.4913955e-08
1.6372226e-07
2.8269044e-08
1.3261232e-11
7.3230964e-09
1.1512138e-08
7.551386e-09
1.532039e-07
1.8660177e-08
1.8036882e-08
2.7208107e-09
3.29141e-08
1.3883014e-09
1.1740726e-09
5.3524317e-08
3.994841e-07
2.185342e-07
1.9372813e-07
2.958613e-07
2.6335334e-07
3.5628474e-07
4.4696247e-07
5.572261e-07
6.241993e-07
3.4605915e-08
7.88921e-07
5.8347456e-07
1.5129995e-09
2.8054518e-07
1.1407624e-08
1.465119e-07
1.3698128e-07
1.4075877e-07
2.2328132e-08
1.07377154e-07
3.2504572e-09
5.1217803e-08
1.2500378e-07
7.423139e-08
4.539521e-08
5.7117187e-08
4.7489692e-07
4.999395e-07
7.525045e-09
2.8646775e-07
3.1284347e-07
9.8518264e-08
1.2241517e-07
3.7793433e-07
2.4137358e-07
1.1811138e-06
4.949278e-08
4.7364e-07
2.8894792e-06
1.2778631e-06
1.7450805e-07
5.79772e-07
6.032681e-07
1.2058713e-07
4.6298146e-07
2.5757873e-07
7.18942e-08
1.145126e-06
5.7585555e-07
1.7974293e-06
1.691762e-07
5.495598e-07
2.258429e-06
1.6338645e-05
8.6600985e-06
2.647328e-07
1.8297893e-05
0.98985755
2.357091e-07
0.0013545173
0.01873816
0.0064061284
3.005208e-07
7.9270365e-05
4.569926e-05
7.105545e-05
0.000100855395
6.855586e-05
1.8364108e-06
8.4963966e-07
1.198041e-06
9.495977e-06
0.0003490109
3.4628624e-06
0.0012355355
4.6099303e-06
7.505349e-06
1.2429456e-05
1.1189945e-06
0.00012231179
