3.868906e-09
4.0675223e-09
1.0502191e-08
3.481549e-08
5.9233994e-08
1.241167e-08
8.570952e-08
2.315868e-07
2.1339957e-08
1.5879946e-08
5.6322882e-08
4.4588946e-09
3.135326e-07
5.3829844e-08
1.9781682e-07
4.169914e-09
1.8312478e-07
9.2200025e-08
2.1626462e-08
9.126839e-10
2.1816102e-07
1.7210783e-07
4.9150457e-09
5.6282115e-08
1.2500362e-07
2.0165352e-07
1.8200498e-07
5.6010887e-08
1.7355451e-07
1.5412775e-11
3.03807e-07
2.775165e-07
8.1550877e-07
5.0414204e-08
5.3132737e-08
2.305461e-07
1.6066463e-07
7.1820455e-07
2.9364722e-07
3.7663437e-08
4.1181661e-07
1.2826042e-07
7.539417e-07
2.4806884e-08
2.5089233e-07
6.367754e-09
4.5507008e-08
2.3186017e-08
4.7169837e-07
8.613588e-08
4.173225e-07
5.475104e-07
8.386128e-08
5.605872e-07
1.133446e-06
5.271298e-07
4.3862352e-07
5.701756e-08
5.208256e-07
2.9742989e-08
3.7628593e-07
3.3930843e-07
1.0104101e-06
2.3021144e-07
2.2501254e-06
1.7857179e-05
8.902158e-06
4.5933873e-05
1.1761728e-05
0.00010391866
0.0001626666
2.6192008e-06
7.746707e-07
8.8122266e-05
0.0005839393
3.721269e-07
0.0018216615
0.0018188044
0.00020110235
7.4736425e-05
0.0042650313
0.99623656
1.512344e-06
4.301672e-06
0.00014226131
3.2127908e-05
5.097766e-06
2.3717585e-06
1.7921737e-05
4.9805186e-07
1.4411288e-05
2.0679142e-06
3.6376467e-05
3.1015525e-06
1.4807132e-06
1.1217782e-06
1.6536898e-05
0.006784101
5.741575e-06
6.7223875e-05
