4.0115102e-09
1.8419561e-08
1.4126074e-08
3.4794871e-09
2.8122825e-08
1.0405284e-07
2.0022329e-08
2.5052449e-08
1.8973525e-07
1.7305703e-07
2.3045892e-08
1.5042608e-07
1.0944036e-07
1.2490122e-07
1.1640355e-09
1.0256561e-08
5.5720815e-09
6.989476e-08
7.416624e-08
1.477389e-07
8.310675e-08
8.48791e-08
1.0815563e-09
2.8352508e-08
1.0601523e-07
8.5808814e-08
9.5075805e-08
1.9163863e-08
4.362124e-09
1.0349935e-08
5.450922e-07
5.4299977e-07
3.2998594e-07
2.2226766e-08
2.5293087e-07
2.2359221e-07
2.7313682e-08
2.7260809e-08
4.7406154e-08
2.0506414e-07
8.64945e-08
4.2383996e-07
7.9508155e-08
4.067164e-07
4.5921013e-07
7.281287e-07
4.0259926e-07
6.5570987e-07
1.9066194e-08
6.6640773e-09
5.3304757e-07
3.333848e-08
1.011371e-08
1.203575e-08
1.3881362e-07
8.675196e-07
5.681925e-07
2.1002315e-08
3.957141e-08
5.892293e-07
6.426898e-07
7.4358104e-07
1.6912679e-07
2.3950696e-07
6.392379e-07
8.6268625e-07
1.7296601e-06
1.1216976e-06
9.211782e-08
3.6986512e-06
9.765481e-06
1.4385304e-06
2.8845136e-07
2.3864309e-06
6.173375e-06
1.8486426e-06
9.977006e-06
4.9293323e-08
3.9699142e-07
5.3436306e-06
1.33745325e-05
3.5154353e-05
8.5409e-05
2.545213e-05
3.9252896e-08
3.9760132e-05
7.247118e-05
0.9991904
1.9840148e-07
0.00020142236
0.0011843622
0.0065401467
0.00017307172
0.000116480354
3.0843632e-05
1.1393558e-05
3.0915714e-07
1.0746937e-06
2.430521e-06
1.827141e-05
