5.6101945e-09
1.18446986e-08
1.7537781e-08
2.3500391e-08
3.183183e-08
6.5323884e-09
1.3711252e-07
2.2472468e-10
1.1413455e-07
1.5728438e-07
1.0445379e-07
5.0700084e-08
3.7104229e-09
1.9304944e-07
1.6702631e-07
2.6141542e-08
4.7243472e-07
4.3342325e-08
2.5370007e-08
3.1816862e-07
2.297667e-07
2.8160187e-07
3.3263615e-07
1.6609402e-08
2.0456798e-07
1.541298e-07
5.9234722e-08
1.18611325e-07
2.92796e-07
5.942293e-07
4.4688107e-07
6.9282794e-07
1.0527005e-07
1.7215739e-07
3.3918238e-07
7.0862694e-07
9.747391e-07
1.2539256e-07
3.375254e-08
1.582728e-07
1.2038435e-08
7.3400105e-07
5.2807245e-08
3.4318506e-07
9.57606e-08
1.0372451e-07
3.8364576e-07
3.289096e-07
2.3238947e-07
6.459967e-08
9.283642e-07
8.08335e-07
3.1281272e-07
1.8623392e-07
2.8313076e-07
4.032698e-07
5.405106e-07
2.3147287e-08
2.4692417e-07
9.981276e-07
3.5430205e-07
2.5539097e-07
1.8534294e-06
4.6669228e-07
2.159855e-07
1.6276981e-06
6.732253e-08
5.318878e-06
5.9348423e-07
1.1897768e-05
1.738854e-05
3.5344474e-05
1.689571e-05
0.00012346818
0.00014647568
2.4736214e-06
1.3987196e-06
0.0022193454
0.01132553
0.99335957
9.090189e-07
8.4798245e-05
0.00016539374
1.322866e-05
6.484127e-05
0.0043690233
0.00066855416
3.0620602e-06
3.556497e-06
1.1293003e-05
0.0032486704
2.566655e-06
6.2000885e-07
4.422128e-06
1.8759579e-07
2.0944071e-05
4.974502e-07
8.0682634e-07
6.035259e-06
0.00011954633
