5.1421218e-08
1.0363232e-07
1.658184e-08
1.2705986e-07
1.14454345e-07
2.277583e-08
1.6136676e-08
1.6627422e-07
3.1810708e-07
7.416307e-08
1.7382182e-07
6.524533e-08
6.414608e-08
7.787418e-08
1.7462577e-07
2.2662594e-07
8.046467e-08
5.502531e-11
1.3280169e-07
1.3002288e-08
1.1875897e-07
4.262267e-09
2.892382e-07
5.031771e-07
2.6154702e-08
2.2532385e-08
1.3688071e-07
3.10553e-07
2.6819208e-08
1.7185616e-07
7.0513735e-08
3.2424475e-07
3.258721e-07
1.4531771e-06
1.26592e-07
6.9306827e-09
2.4189955e-08
1.02994406e-07
2.1379726e-07
1.1896866e-08
2.4614525e-07
1.9812462e-07
3.5138945e-07
1.2458705e-07
4.3447756e-08
1.5685626e-07
7.434218e-07
1.3303872e-06
4.7519316e-07
1.1351322e-06
8.746924e-07
9.612214e-08
1.0194054e-06
4.972737e-06
2.6579721e-06
4.1000933e-07
1.2530569e-07
2.8036948e-07
5.7458105e-06
3.9197303e-06
2.016109e-05
0.0003130079
0.00027075698
0.9442719
0.094644725
0.0001357206
2.005291e-05
5.6179742e-05
0.00014127305
1.37315565e-05
1.8433706e-05
7.9061965e-06
0.00019764513
2.967619e-06
9.705011e-06
3.768266e-08
1.4640292e-05
2.3151646e-05
3.3329206e-07
8.160424e-07
3.6879806e-05
2.829053e-06
1.2223865e-06
1.227515e-06
4.1857862e-07
1.7880498e-06
1.3971968e-05
2.1422468e-06
1.1727936e-06
4.7943846e-05
7.604543e-06
3.3808973e-07
6.877932e-05
5.51164e-07
5.2454663e-08
3.575006e-06
3.3176448e-07
2.2684496e-06
0.0016740083
7.227357e-06
