2.756258e-08
8.511272e-08
3.3631785e-08
4.3666817e-09
4.7406242e-08
2.4301443e-07
1.2058183e-07
9.701038e-08
1.8888159e-07
4.305847e-09
4.228482e-08
9.775735e-08
1.3102317e-07
1.7459973e-08
4.4458442e-08
5.37208e-09
1.350348e-07
1.0902824e-07
3.652229e-08
1.6057339e-08
7.702477e-08
5.3016848e-08
1.4518106e-07
1.9315446e-07
3.7970736e-07
1.4355728e-08
1.8840535e-07
3.6916563e-07
2.8182245e-07
6.087832e-08
1.1049294e-10
4.0001007e-07
1.7872513e-07
8.076023e-11
1.6611905e-07
1.8392853e-08
1.8877559e-08
1.6865918e-09
5.4054304e-08
8.6014994e-11
3.353774e-09
1.6678965e-07
2.3128429e-07
2.8233883e-08
1.945763e-07
1.3463836e-07
3.2718486e-07
8.8671123e-07
1.3373067e-07
7.45955e-07
7.4739637e-07
2.236446e-06
2.8527742e-07
2.1658882e-06
3.6756697e-07
1.1881516e-06
2.7043582e-06
1.7458166e-06
1.0562563e-06
1.5174922e-07
2.5354097e-07
1.8865338e-06
3.4975424e-06
2.5716079e-06
6.701798e-07
2.704994e-06
2.6004994e-07
3.8250414e-06
2.159854e-05
8.521638e-06
4.4041717e-05
2.9347257e-06
4.2577717e-06
4.9380746e-05
5.0727186e-07
0.9660629
3.503238e-06
0.0001494376
0.0008471239
0.04777557
8.84145e-06
9.044386e-06
7.4816217e-06
2.7718502e-06
3.1045383e-06
5.7414065e-05
5.3004725e-05
0.0011646992
3.111128e-05
6.7519522e-06
2.1643773e-05
3.1218802e-05
0.00034108877
1.8291537e-06
2.9902237e-06
1.5199151e-06
3.589636e-08
7.4436906e-07
1.3251554e-06
1.2453393e-05
