1.192824e-08
5.0833386e-08
1.8013913e-09
3.114308e-07
2.0963066e-08
2.2797093e-07
5.0652165e-08
2.8301042e-08
9.781826e-08
5.7521763e-08
2.0301152e-09
6.42669e-10
4.6477875e-09
3.74743e-09
1.481688e-07
1.3948001e-08
7.281584e-07
2.2352074e-09
1.6377872e-08
5.097048e-08
5.54838e-10
3.092993e-08
6.0100454e-08
6.9910957e-09
4.9440313e-08
2.4590295e-07
3.976091e-07
2.6631267e-07
3.6552962e-07
4.752447e-07
4.346534e-07
2.5432217e-07
1.4847576e-08
4.7821835e-09
4.191955e-07
4.3700453e-07
1.0002853e-07
1.0805833e-07
4.074736e-07
4.795415e-07
6.1146477e-07
1.5284655e-07
4.3058017e-07
3.4202492e-07
1.9104742e-07
4.1785864e-09
1.9718039e-08
1.3941704e-07
1.6001621e-07
3.8656324e-07
1.2882188e-06
1.5207816e-06
2.4131427e-07
3.0242816e-07
2.2442973e-06
1.3564004e-07
4.484347e-07
8.350231e-08
9.8145364e-08
5.1271047e-07
1.3875677e-06
4.767484e-07
4.4156397e-07
8.611264e-08
8.1319735e-07
4.4169446e-06
1.0164578e-05
5.503813e-06
1.669914e-06
2.2803652e-05
1.1389717e-06
6.8353114e-07
7.960429e-07
1.0566563e-06
1.9829001e-06
1.876446e-05
6.42794e-05
7.986481e-05
3.5866626e-06
0.00010747449
6.5120676e-06
0.00028237337
1.8156288e-05
0.99733806
0.00063415896
0.00047006024
0.019173589
7.154921e-05
1.2755518e-05
3.8057242e-05
0.0050320104
4.906525e-07
2.0770408e-06
1.2791038e-06
6.665886e-05
3.948441e-06
0.00010420397
1.2545399e-05
2.375116e-05
0.00073284627
