3.0885727e-09
1.2469549e-08
1.574458e-08
4.6671977e-09
2.5563764e-08
6.532846e-08
6.011478e-08
1.9436069e-08
1.3126036e-08
9.414321e-08
4.6987353e-08
5.7044827e-09
6.3502355e-08
6.842443e-09
2.8564167e-09
1.10725026e-07
1.2603867e-07
4.1618605e-08
1.6991673e-07
5.7096344e-08
4.966501e-08
7.5897255e-08
1.3493717e-07
9.0045376e-07
2.0348709e-07
4.4509738e-07
3.5796806e-08
4.9781914e-08
3.523868e-07
1.04068874e-07
1.4051139e-08
5.9090536e-07
5.029954e-07
2.0039595e-07
2.212426e-07
5.442166e-08
1.3594213e-07
2.4309704e-08
5.768668e-10
2.981917e-08
1.185179e-08
2.3860636e-09
1.9181562e-07
2.1710155e-10
6.919127e-08
1.6222923e-07
1.9149425e-07
1.2161384e-07
1.85909e-08
1.7311697e-08
6.5557214e-07
6.9525896e-07
1.8300616e-07
9.3192895e-08
1.3431642e-07
1.3099173e-06
1.8204993e-07
6.6958684e-08
1.815828e-07
4.71309e-07
8.872172e-07
9.76295e-07
3.5610876e-07
8.8848196e-07
2.6243256e-06
1.8259923e-06
7.829708e-06
1.3172383e-06
2.4632213e-06
7.046205e-06
1.23478585e-05
1.09967705e-05
1.2633172e-05
2.828848e-05
0.00012160327
5.139698e-07
3.326303e-05
0.000116692034
0.0049537253
0.00030786224
0.00026393906
0.9519769
5.7169596e-05
6.0104696e-07
1.3862314e-05
0.048353743
2.8543002e-07
3.1300304e-05
6.261198e-07
4.6641976e-06
1.0320009e-06
1.8526455e-08
3.5589983e-07
1.3532832e-06
4.9875307e-06
0.0006631867
6.5794273e-07
5.5754263e-06
9.838042e-07
3.8525628e-05
