4.203011e-09
1.0596464e-08
1.8107766e-08
1.6951297e-08
1.6580398e-07
1.0065369e-09
3.2863536e-08
3.1233995e-08
7.1488837e-10
8.766105e-08
1.9624398e-08
1.3084895e-07
1.4464143e-08
3.5375294e-08
2.2607452e-07
8.165354e-08
1.9632458e-07
3.104163e-08
6.83116e-08
1.606356e-07
3.0508824e-07
4.68071e-08
1.6073885e-07
1.5184e-07
1.1998435e-07
1.15748676e-07
2.598197e-07
2.778454e-07
2.4404426e-07
2.070464e-07
1.2976747e-07
8.360681e-08
4.7299005e-09
3.0066363e-07
3.1094015e-07
4.525371e-07
2.8562463e-08
2.470636e-07
1.2823584e-07
1.5907635e-11
9.576977e-08
9.4069e-08
4.543432e-07
8.734759e-08
1.4160221e-08
2.3074587e-07
8.401567e-08
1.1835736e-07
2.288415e-07
1.7762396e-07
2.3562195e-07
2.0382137e-07
2.16082e-07
8.878185e-08
2.0704563e-07
6.3282755e-07
2.3518562e-06
9.21435e-07
5.176742e-07
1.4367096e-07
6.9534576e-06
0.00041980055
4.6772508e-05
4.478823e-06
9.033294e-06
1.4154149e-05
2.7402812e-05
0.000820893
0.8697134
0.00013163233
0.5438571
0.005594281
0.00024496124
1.7726695e-07
3.4122393e-06
4.851846e-07
3.340413e-05
5.3530246e-05
1.8829714e-05
0.00012122516
3.7144414e-06
5.760853e-06
9.5378045e-06
6.659699e-05
1.1371565e-06
1.7989647e-05
3.4322313e-06
1.0730246e-06
0.00031875173
3.0677577e-07
4.225097e-07
3.3664143e-08
6.4348933e-07
6.0190346e-06
1.2445104e-06
1.477188e-06
9.233695e-06
5.0992938e-05
1.3147151e-05
0.0012014679
