6.4756584e-08
2.757381e-08
7.357865e-08
2.120405e-09
1.5094638e-07
1.4449974e-07
9.486123e-10
1.1180453e-10
1.3043466e-07
3.249772e-09
6.7766774e-09
1.5926352e-08
3.555317e-08
2.9619756e-07
3.233006e-07
7.824824e-08
4.9936045e-07
7.433501e-07
9.1570433e-07
9.288539e-08
3.845717e-08
2.0957382e-08
1.4296606e-07
2.5085714e-09
1.802952e-07
1.13651734e-10
9.9893704e-08
1.6388317e-10
1.07379485e-07
6.756795e-08
3.137229e-08
2.8719155e-08
9.829884e-08
1.6661201e-07
2.7739313e-07
2.6121236e-07
1.674526e-07
7.139932e-08
1.5867981e-07
2.5548866e-07
1.4264964e-07
1.9460443e-07
5.111784e-07
7.545525e-07
1.7962275e-07
4.013305e-07
5.2189787e-08
3.9862552e-08
8.0741967e-07
3.7450846e-07
4.970425e-07
2.5680104e-06
1.6685452e-06
3.9384345e-06
7.396597e-07
1.2251054e-07
1.9788763e-06
5.191773e-06
7.214496e-07
4.0508928e-07
9.583323e-07
2.5525695e-05
9.544255e-06
5.0419053e-06
1.804234e-06
4.654079e-06
1.0926982e-06
3.0956635e-05
2.8683851e-05
2.199516e-05
2.8525749e-06
4.6209084e-06
8.888347e-06
0.000111243375
0.0002638424
0.9979547
7.3968573e-07
3.3352053e-06
7.7463545e-07
2.3590687e-06
0.00022135056
1.1995369e-05
3.8544546e-05
0.0075484915
1.4062965e-05
1.7813966e-06
2.036311e-05
3.315747e-05
0.0004931091
4.5409055e-07
3.523022e-07
4.261314e-06
1.29055825e-05
1.0054781e-06
4.914263e-05
4.108433e-07
0.00010839101
7.170399e-06
3.0011324e-06
2.7861057e-08
