2.2098272e-08
4.755557e-08
6.262345e-08
2.9346086e-08
3.9524853e-08
4.5592532e-07
3.513893e-10
1.5610296e-07
5.2118356e-08
1.7867316e-07
9.82151e-10
4.524977e-10
6.401747e-08
3.8562916e-07
1.660382e-09
1.3666897e-08
1.863672e-08
1.0018426e-08
2.0026125e-07
2.6312468e-09
5.3489293e-09
1.1468598e-08
2.5741807e-08
4.500714e-08
1.530449e-07
7.270868e-08
2.0546835e-07
2.4561353e-07
2.3030428e-07
2.8797993e-07
4.025576e-09
5.3665474e-07
5.671816e-07
5.8935217e-07
5.665031e-07
5.09783e-07
1.1106598e-07
3.3332714e-07
3.6183982e-07
5.649309e-09
9.530641e-08
1.4116286e-07
4.109366e-10
1.2348345e-07
4.1654263e-07
1.5487036e-08
9.263788e-09
2.268176e-07
5.9761686e-07
1.3656194e-08
2.2146028e-07
5.984637e-07
3.2279476e-07
6.6778405e-08
6.106446e-08
1.7233086e-07
2.3784648e-07
3.331342e-07
5.298717e-07
1.1020704e-06
1.3153407e-07
9.0032145e-08
1.2864926e-06
4.899769e-07
1.3799321e-06
2.0755444e-06
1.9187143e-08
2.938403e-06
1.4460562e-06
1.2509186e-06
1.9998664e-07
1.0871192e-06
2.1224353e-06
1.930413e-06
3.0820145e-06
3.6823847e-06
1.3147527e-05
8.305437e-06
3.93615e-06
3.041846e-05
1.1527656e-05
1.1548735e-05
0.00013549744
2.8494156e-05
4.8488117e-05
0.00011353008
3.6544938e-05
0.00034054587
0.0002467312
0.0016852529
7.08566e-07
5.264708e-05
1.6480474e-06
0.0009504704
0.95635104
0.07290411
0.003329932
5.4720826e-06
2.4964718e-05
4.623261e-05
