3.032945e-08
9.20566e-08
1.3206705e-06
4.734383e-11
9.776016e-10
2.3096223e-07
1.6917079e-09
2.2466635e-08
1.2696086e-07
4.1278156e-08
2.0359401e-08
2.6393292e-07
6.933381e-09
1.01368745e-08
4.8563493e-08
6.775214e-08
4.2451234e-08
4.0183127e-07
1.602156e-08
6.133584e-08
1.4519138e-07
1.8316932e-07
2.7124804e-07
3.1164143e-07
3.9804257e-07
1.4119557e-07
3.5459294e-08
4.5935593e-08
2.9009192e-07
2.7872508e-08
4.965977e-07
2.490196e-07
6.5276815e-08
6.789228e-08
6.4697286e-07
3.211272e-07
1.3875367e-08
1.5338233e-07
2.1199773e-07
3.845202e-07
1.31458355e-08
4.988633e-08
3.9595257e-08
4.500173e-07
1.7183929e-07
3.827585e-07
2.551636e-07
5.651261e-07
3.3180962e-07
2.1423392e-07
5.908123e-09
5.2381072e-08
6.239451e-07
2.1365935e-07
1.131765e-06
2.4083167e-06
2.0545808e-06
2.1962494e-06
1.6657311e-06
6.4819824e-06
3.748144e-06
6.999482e-08
8.986235e-06
2.1027603e-05
4.9879507e-08
2.6249936e-07
4.4476186e-05
2.4701333e-07
9.679122e-07
5.627254e-07
7.08913e-05
8.5935564e-05
0.0003795163
1.8633784e-08
0.00057224446
0.00030343197
0.0015473493
0.9514462
6.573052e-07
4.5707733e-07
1.3181977e-06
1.2324601e-06
8.478073e-05
0.00038037627
0.42579597
3.5930105e-07
3.994022e-06
1.0002029e-05
9.862726e-06
6.6466106e-05
2.9562936e-05
2.2928814e-06
6.685657e-07
4.554296e-07
5.2199016e-07
0.003113913
6.9431335e-05
7.002364e-06
3.035236e-06
1.2594024e-05
