2.1430525e-08
9.188838e-09
2.5253485e-08
3.2414583e-08
1.5505457e-09
6.1121575e-08
2.0231333e-07
2.161333e-08
5.1664106e-08
2.5711057e-07
4.097015e-09
1.260543e-07
1.10641366e-07
7.8624245e-09
1.2130397e-07
9.555063e-08
7.633507e-11
2.3465538e-09
8.8844937e-10
1.1837057e-08
4.126895e-07
2.2894866e-08
1.9994927e-08
5.2400377e-08
1.3359356e-07
1.05414365e-07
4.7370396e-08
4.0603855e-08
3.8764195e-08
5.679678e-11
9.1660965e-08
2.3703572e-10
3.4749803e-07
4.227144e-07
5.0477283e-08
7.2045165e-09
4.6610932e-08
4.675568e-09
8.709365e-08
3.0230896e-07
5.3393445e-09
1.0206942e-07
1.8525196e-07
9.653701e-08
6.2867616e-07
1.877668e-08
2.158002e-08
3.0540487e-08
1.1338961e-08
1.4278062e-07
1.00503e-06
5.3130805e-08
7.275444e-08
7.959093e-08
1.9638517e-07
1.2014547e-07
4.7688224e-07
2.0079935e-07
8.1658214e-08
9.355158e-08
7.221972e-07
4.3052076e-08
5.2499126e-07
9.043645e-08
1.3597233e-06
2.2562581e-07
5.091728e-07
6.933224e-07
1.1513793e-06
1.1724969e-06
1.7653224e-06
7.025729e-07
1.4800824e-07
9.45843e-07
2.310157e-06
2.6205416e-06
3.1597563e-06
4.724718e-06
6.686082e-05
1.4576712e-05
7.835547e-06
6.078387e-05
0.000102892685
0.0001277784
9.186312e-06
0.99514
0.0010772024
0.00028769128
5.213277e-05
0.012313875
0.0013596864
2.792183e-07
6.030544e-05
0.010677753
5.9832178e-06
0.00033237977
1.9748577e-06
2.336949e-07
2.0449941e-05
1.2106032e-06
