2.161098e-08
3.8065327e-08
3.2988506e-08
1.0641154e-09
6.522425e-08
8.642173e-08
1.541594e-08
1.146864e-09
5.1338916e-11
2.4840102e-08
1.1986278e-07
1.5056906e-07
4.6961357e-08
2.729784e-08
6.7394936e-08
5.767023e-08
1.01761046e-07
3.6560262e-08
1.516294e-07
1.2657592e-08
1.1161339e-08
4.1878973e-08
8.296704e-08
5.686169e-08
9.952458e-08
1.4619228e-07
2.1459016e-07
5.4422316e-07
4.0656184e-07
2.514543e-07
1.033666e-09
6.929325e-11
4.0325946e-07
3.2441488e-07
2.3538396e-08
8.368544e-08
5.784549e-08
3.3647822e-09
1.3056963e-07
4.2365937e-08
3.5755174e-10
1.8381445e-09
1.8179149e-08
6.533273e-08
5.883977e-08
1.5283936e-07
2.8450802e-07
3.6164337e-07
3.2060317e-08
2.001131e-08
3.9811685e-08
1.9471645e-07
5.7771032e-08
1.3110669e-07
5.661687e-07
6.762895e-07
3.6549204e-07
1.5546037e-07
1.576687e-07
7.3672744e-08
6.9909277e-07
4.2389976e-07
4.9966974e-07
1.6677111e-06
2.030188e-07
1.6807389e-06
9.443628e-07
2.4121655e-06
1.79372e-06
1.7039032e-05
1.1613885e-06
6.4875104e-07
6.159309e-07
1.4175804e-05
2.9922955e-06
2.5475043e-05
9.900168e-06
1.0206905e-06
6.3400557e-06
8.9012165e-06
0.00010261976
0.00018433428
0.00020388204
0.0003203061
6.836375e-05
0.0010764437
6.1437745e-06
0.0127976695
0.9894421
1.6193319e-06
6.9395655e-06
2.399748e-05
1.5383706e-05
0.0005980782
1.5371584e-06
0.00012052655
1.8058319e-06
0.012058096
4.4227305e-05
2.3381222e-06
