3.014613e-08
3.9218527e-08
1.2371757e-08
2.5407973e-08
9.729546e-09
4.9236245e-08
4.6707168e-08
5.629276e-09
1.283018e-07
1.4150681e-08
3.617912e-08
2.5923766e-10
2.334843e-08
2.9861405e-07
1.1255199e-07
1.4103823e-07
2.434756e-07
3.3362045e-07
2.5123816e-07
6.884928e-08
1.2773367e-07
1.4944125e-07
8.668894e-08
1.02887725e-08
6.695088e-08
4.9424877e-08
1.4424242e-08
2.5516602e-08
2.9143017e-08
1.714909e-07
2.1327875e-07
1.9867757e-07
1.3889906e-08
1.5059454e-08
2.734197e-07
3.8088257e-07
6.623629e-08
8.790528e-09
2.2000768e-07
7.289239e-08
5.1509193e-08
9.911361e-08
1.2040474e-07
1.16502804e-07
2.2504429e-08
3.0916546e-08
2.236421e-07
2.8832827e-07
1.9270782e-07
5.6580996e-07
1.6302397e-07
3.6189352e-08
3.6545291e-09
9.40524e-07
8.360373e-08
4.1243916e-07
2.6160347e-07
8.715855e-07
2.03159e-07
2.401241e-06
1.3911975e-06
1.3123467e-06
3.0211697e-07
9.384713e-07
4.0511472e-06
4.812724e-07
5.768701e-07
2.896152e-06
8.958335e-06
1.5728947e-06
3.8516302e-07
1.3125708e-06
2.0822524e-06
1.2687567e-06
1.4934529e-06
1.4156076e-05
6.5421787e-06
4.0755418e-05
1.5855085e-06
2.6703021e-06
0.0004113862
0.00019472744
0.99330586
0.030682344
0.0065679206
7.952731e-05
0.00011406384
1.905368e-05
1.2354292e-05
2.0682386e-05
0.00019818971
1.0541061e-07
3.406386e-05
5.8155583e-09
5.5533474e-06
0.00016262403
0.00056293496
3.5445265e-08
1.1419617e-06
8.7713e-07
