8.410285e-09
1.742576e-08
2.0229795e-08
5.2073045e-08
1.3362417e-09
4.668723e-08
2.4692685e-07
1.682093e-07
1.7835925e-08
2.814163e-07
1.3323705e-07
1.6071205e-08
1.8695745e-07
1.0038518e-07
6.0176234e-08
6.6152815e-08
3.463771e-08
2.291121e-07
3.8555505e-08
1.0192699e-09
1.17431895e-07
4.8247554e-08
9.5505676e-08
2.4228228e-07
7.1152243e-07
7.4695515e-07
7.7090186e-07
4.61889e-07
1.3588571e-07
8.35029e-08
5.994464e-08
3.887735e-08
2.785937e-10
1.5208768e-08
4.5358956e-08
8.70401e-08
2.0255982e-07
7.411989e-08
7.6471444e-08
2.8453048e-08
5.3666037e-07
1.6731302e-07
7.2109486e-07
4.902108e-07
4.843055e-07
5.068294e-07
2.9754403e-07
1.6856877e-07
4.643895e-07
8.318433e-07
5.3967636e-07
1.5994854e-07
1.7082522e-07
7.488724e-07
9.49327e-07
8.335973e-07
3.1094476e-07
1.0826376e-06
4.132491e-07
3.7595038e-07
1.7030708e-07
1.0238551e-06
2.046792e-07
5.8655274e-07
1.1597346e-06
1.5845283e-06
3.8370754e-06
6.257426e-06
2.375213e-06
2.3876498e-06
1.8150978e-06
1.3115637e-05
1.2855649e-05
2.2345166e-05
5.9758436e-06
3.3596698e-05
1.0963066e-05
9.72384e-05
1.6296992e-05
6.426728e-05
5.3813725e-05
0.00050228415
0.0004872375
2.0253834e-05
0.995727
0.00019695696
2.7742324e-06
0.011979793
8.2259285e-05
0.00021504262
0.024853267
0.00078623404
0.00077878934
5.3904445e-05
2.8546586e-07
2.4313385e-06
1.10263635e-07
3.8474445e-06
1.7424574e-05
7.446768e-06
