2.8273177e-09
1.9783883e-08
6.515849e-08
1.8031501e-07
1.9803132e-08
1.8358726e-07
1.6991765e-10
8.12558e-08
1.9904078e-07
1.6001852e-08
1.7015748e-07
9.561821e-10
8.669188e-08
2.7935265e-09
6.0478264e-08
1.3238247e-07
8.1004046e-08
4.9023954e-09
1.9646649e-08
3.8146048e-08
6.152904e-08
2.6088998e-07
3.2117674e-07
1.6024131e-08
2.1890711e-08
9.612866e-08
3.3042136e-07
2.3897425e-07
4.2007252e-07
3.0873926e-07
1.5645504e-07
1.0751734e-07
1.0935103e-07
2.6449456e-07
9.310213e-08
5.2873713e-08
5.6317977e-09
3.3333674e-07
3.6791384e-08
9.7353245e-09
5.6455324e-08
1.0517918e-08
1.7181335e-07
3.4684962e-07
2.9646506e-07
8.725058e-08
5.7503772e-08
1.50512e-08
1.4409023e-08
4.3240186e-07
3.6691694e-07
4.9744165e-07
9.479468e-08
5.57318e-08
2.312334e-07
2.0076502e-08
6.512219e-07
4.1051862e-07
4.1438994e-07
4.1864106e-07
9.781338e-07
7.7690424e-07
2.938102e-07
1.3813968e-06
2.8399736e-06
8.5115624e-07
1.0346695e-06
5.5223804e-06
2.7618182e-06
2.4822174e-07
6.325126e-07
2.40557e-06
2.2022657e-06
1.5139146e-05
5.909944e-06
0.00010226373
0.99686235
1.141363e-05
3.4033965e-05
0.00011526043
6.3591564e-05
0.0009905954
0.0030487918
0.010557926
1.4990604e-05
4.638245e-06
2.313255e-06
2.0142192e-05
0.00028726133
4.717249e-05
1.6731692e-06
6.710482e-07
8.642351e-07
7.4131424e-07
9.592906e-06
5.1413033e-05
9.3773255e-05
1.1185912e-06
5.650071e-06
0.0007210503
