2.279911e-08
2.0459014e-08
3.614788e-09
5.0966165e-08
3.4672878e-09
2.1391248e-08
5.034647e-08
1.18320855e-08
2.1418325e-08
9.7731146e-08
1.1143293e-08
3.157283e-10
5.7282307e-08
9.491913e-08
1.2903062e-07
2.3780373e-07
1.2419164e-08
4.273601e-09
7.168995e-08
9.6682996e-08
7.924239e-08
9.227613e-08
2.405926e-07
1.3497105e-08
2.3733167e-08
6.629699e-08
3.4285744e-10
4.342462e-09
6.4289765e-08
4.5853287e-08
3.6144353e-08
1.9306128e-11
4.6302467e-10
2.1298439e-08
1.5249348e-08
3.1566984e-07
1.3841147e-07
5.7485066e-09
2.5960856e-07
5.790401e-08
5.3879457e-08
8.882752e-08
4.7923095e-08
2.87217e-08
1.3600166e-07
1.1487579e-07
1.2293653e-09
2.4805288e-07
1.4846824e-08
6.2217543e-07
1.0880802e-07
1.9585632e-07
4.0195908e-07
3.7992997e-08
2.6014797e-07
2.2129697e-07
3.6477214e-08
9.03567e-07
1.3161757e-08
2.8116244e-07
3.0284508e-07
4.882978e-08
1.1056688e-06
6.577548e-07
6.697883e-07
8.418427e-07
3.6717784e-06
9.2024226e-07
1.7813622e-07
4.895321e-06
6.3088846e-06
2.5987637e-07
6.7808475e-07
3.7676918e-07
2.7597984e-05
2.6809339e-05
0.00021751426
0.9566613
6.1161705e-07
6.2866445e-07
2.8788138e-06
1.8766201e-06
6.1566054e-05
0.00043490928
0.42607176
2.5677917e-05
0.0021658328
0.0031573172
9.37273e-06
7.923982e-05
6.607915e-06
4.3044741e-07
3.569996e-05
0.00080646056
8.340349e-05
0.00039485673
0.00018597732
2.1331763e-05
2.7717558e-06
7.886206e-06
