2.119217e-08
3.3958127e-08
3.401377e-08
3.9440433e-08
7.329189e-08
1.504699e-08
2.1236447e-08
2.2202624e-07
1.2001719e-07
1.0178936e-08
2.4286267e-10
1.7877483e-09
2.2351658e-07
2.2188718e-10
3.6386675e-11
1.3679795e-07
2.6620208e-08
2.2654443e-07
7.8446085e-08
5.005938e-08
4.4399023e-08
4.2703178e-08
3.8088924e-08
4.8225604e-07
2.7553259e-07
4.9727447e-08
4.358929e-07
1.11801434e-07
1.3228386e-07
1.3023389e-07
1.272819e-07
1.69639e-07
1.4698542e-08
2.0820794e-09
1.8278915e-07
9.476223e-08
5.7623936e-07
1.412455e-07
1.8320203e-07
2.6621055e-07
1.20109e-07
1.0937301e-07
3.7281e-08
3.1001403e-07
3.4130224e-07
1.9022247e-08
5.4378372e-08
3.4544772e-07
1.7165856e-07
5.88804e-08
1.1261716e-09
6.3422916e-09
6.069941e-08
6.950126e-07
2.7900072e-07
9.201217e-08
3.0719644e-07
3.654724e-07
1.8773422e-07
2.9188394e-07
2.0509823e-07
7.6870015e-07
2.1953765e-06
4.273713e-07
1.0556862e-08
5.970142e-07
1.0720319e-06
7.2370955e-07
1.5691176e-06
9.838676e-07
6.2555694e-07
7.3432527e-09
8.666862e-07
8.171579e-07
3.2584264e-06
2.7434085e-06
7.0492215e-06
2.1446535e-06
7.3912543e-06
4.8275474e-06
6.859868e-06
2.6979755e-05
7.583958e-05
0.0001433432
7.4315714e-05
5.3594663e-06
1.0313189e-06
1.7384544e-05
0.0008191208
0.70955974
0.6072385
5.9445054e-05
0.0005006516
0.0002322747
0.0020417154
0.002407868
2.9757543e-06
1.0252608e-05
4.5533147e-06
2.8035738e-05
