4.419055e-09
1.3478236e-08
2.6924923e-08
9.340657e-10
2.8823017e-09
5.4219105e-09
2.5408455e-09
1.12928234e-07
2.0379467e-07
6.8661805e-08
4.189671e-09
4.4004548e-08
1.6426533e-08
8.70166e-07
4.0937522e-07
6.537566e-08
1.0144446e-07
1.1403866e-07
1.962811e-07
1.270984e-07
1.3473324e-07
7.7986805e-08
2.1830997e-08
1.18923936e-07
1.7495476e-07
1.600682e-07
1.08055744e-07
3.841371e-07
3.9002967e-07
7.37486e-08
9.57869e-08
1.6088315e-07
1.2544636e-07
3.277965e-07
4.2406933e-07
8.9930175e-08
4.107038e-09
2.7838973e-09
2.2983922e-07
2.0051984e-07
5.030053e-08
1.3250857e-07
2.4654462e-08
2.0941134e-07
3.040578e-08
4.2161423e-07
2.3470578e-07
1.1014546e-07
2.8596968e-08
9.032102e-07
4.4444204e-07
4.0139923e-07
7.916125e-08
7.2204233e-07
9.921629e-06
1.4686458e-06
2.6688367e-06
5.595799e-07
1.5646548e-05
6.9060366e-07
3.955837e-07
5.2046982e-08
1.17912464e-07
5.8560777e-06
1.8662702e-07
9.4155155e-07
3.703341e-05
2.1932286e-05
7.460361e-05
4.39622e-07
0.00012788577
9.2471146e-07
2.1123249e-07
0.0001320957
1.4046929e-06
0.99490494
2.3041876e-07
3.8411716e-05
1.4522701e-05
0.0024938139
0.00053673884
0.00115216
0.0029648046
0.018998962
1.0883481e-05
9.5867304e-05
1.2813489e-06
3.8782505e-06
3.7607367e-06
7.725587e-05
9.182204e-06
6.605926e-07
3.5955638e-06
2.7044991e-06
0.00011807648
8.473952e-06
1.4073984e-07
0.0002742009
2.9696937e-05
1.8234737e-06
