9.771196e-09
1.8751185e-09
2.7698178e-08
2.77864e-09
8.025442e-08
3.0315626e-08
9.614494e-08
8.381007e-09
2.4437155e-08
5.309614e-09
1.178419e-07
3.451494e-08
6.833126e-08
2.5087263e-07
2.0415354e-07
1.3328668e-07
1.16040916e-07
1.0100027e-07
4.2845951e-07
2.9294537e-07
1.4490627e-07
2.3018787e-07
4.8721635e-08
3.7156713e-08
6.275151e-08
4.541727e-08
5.1922413e-08
3.323988e-07
1.3234506e-07
1.6227193e-07
1.8894858e-07
2.4472124e-10
5.966174e-10
8.834673e-09
1.8340138e-08
3.3832296e-07
1.446547e-07
1.4055438e-07
5.3856875e-09
1.9073704e-07
2.6869625e-07
3.89167e-09
1.9057964e-08
2.2451187e-07
2.124886e-07
2.1030274e-08
1.03371235e-07
1.8939471e-07
1.6995371e-07
7.0072346e-08
2.0237692e-07
2.4792886e-09
8.856304e-08
4.910636e-07
9.962534e-08
5.0934955e-07
2.4176625e-09
3.9751023e-07
1.0692182e-06
6.4245467e-07
2.3512227e-07
2.3584454e-07
2.6739937e-07
6.2424874e-07
2.1529245e-06
5.722267e-06
4.5942634e-06
4.1819015e-07
1.1705607e-05
0.0001276526
0.9898578
1.7974122e-05
8.6021646e-05
0.00014821088
0.07694146
0.00067136204
0.00015660719
5.058289e-05
3.4535013e-05
2.1214126e-05
9.1231006e-05
0.00028997054
5.389158e-07
4.092029e-06
6.367597e-05
2.1199144e-06
1.3136614e-05
6.4356695e-06
3.9946276e-06
7.4894774e-06
2.7256453e-07
1.0085561e-09
8.9780985e-07
1.8760687e-07
4.0287112e-05
1.2637732e-07
0.0017893868
2.4359338e-06
3.3603501e-07
1.8679453e-05
