1.3186985e-08
1.8076523e-09
2.2764596e-08
1.4640242e-08
8.967468e-09
1.7590794e-09
4.7518785e-08
1.440769e-07
1.5718146e-07
3.4352308e-08
1.778629e-07
3.4543874e-08
2.4839295e-09
1.9511383e-08
8.071862e-08
2.319302e-07
1.863069e-08
6.6944263e-09
1.6181102e-07
1.623459e-07
2.1071052e-08
2.8654709e-08
5.7224263e-08
7.8801335e-08
4.1507246e-08
6.244487e-08
8.426615e-08
4.406928e-07
2.6482056e-07
3.0985169e-07
2.0710088e-07
6.497677e-08
1.0270485e-08
1.7961791e-07
9.13031e-09
3.0534792e-08
2.3318014e-08
9.042311e-08
8.169494e-08
2.7081077e-07
5.6987125e-07
5.264677e-07
1.2970713e-06
1.5640405e-09
4.3302666e-07
6.167859e-09
4.2858048e-07
3.7742487e-07
1.6920206e-08
8.900734e-08
1.8914147e-07
9.7340745e-08
1.7925035e-07
3.2423873e-07
1.6413105e-07
1.5401766e-06
2.867525e-08
1.680687e-07
1.8740719e-06
3.839498e-07
2.7324123e-07
1.7102339e-08
4.0646424e-07
2.7886804e-06
1.9274522e-07
1.6449534e-06
4.0598047e-07
1.4758497e-07
3.471034e-06
7.910191e-06
1.8923452e-05
1.9086303e-07
2.952592e-07
0.000106840314
0.00013018833
1.5511822e-06
8.7259167e-07
3.8205712e-06
2.3593877e-06
9.209132e-06
1.800921e-05
0.0004507123
1.3411909e-07
8.758134e-06
0.9964038
1.4472199e-05
0.00036461675
0.00015290256
3.8420754e-07
0.012932894
4.6526435e-05
1.8109075e-07
3.832634e-07
0.00023059487
2.1072633e-06
3.0908726e-07
3.6422896e-06
2.8254142e-06
2.3378114e-05
0.009556302
