3.3508638e-08
1.2118984e-08
6.04327e-08
9.188507e-08
5.6129924e-08
5.045665e-10
4.419349e-08
2.5618718e-08
2.1626914e-09
1.2231538e-07
9.3783274e-09
6.5623595e-10
1.46663e-09
7.7399235e-08
1.9147848e-08
1.4717178e-08
5.8161206e-08
1.090227e-09
1.4955349e-07
1.6935312e-08
1.8131239e-07
5.9862714e-07
3.9460198e-07
3.3719087e-07
3.268243e-07
1.9550588e-07
5.0077375e-08
4.14865e-08
2.833375e-07
5.1640814e-07
4.2562792e-07
4.2341662e-07
5.203807e-07
5.2490714e-07
1.4454123e-07
1.20294175e-08
4.341304e-08
8.408933e-08
5.8977754e-08
3.692458e-08
4.498148e-09
5.150114e-07
1.4599505e-08
2.4499676e-07
7.7631466e-07
2.0938076e-07
1.7743301e-07
4.1790742e-07
3.4123016e-07
1.3491729e-07
8.712744e-07
6.299944e-07
5.6856977e-09
7.568763e-09
9.282878e-07
7.660554e-07
5.276718e-07
1.6919033e-07
2.0524271e-07
7.4660807e-07
7.2963405e-07
4.922815e-07
1.3068229e-06
3.8994526e-07
3.0931162e-06
3.8448666e-06
1.9621205e-06
5.7869374e-07
1.6736087e-06
1.0271674e-06
1.09225184e-07
3.4353252e-06
8.2417046e-07
1.0990021e-07
2.4762636e-05
9.017269e-08
1.5229389e-05
0.00010121082
9.061264e-07
2.7988554e-07
9.551999e-07
4.863773e-06
6.381153e-06
4.426529e-06
0.010998329
0.96342945
0.00021919016
6.360569e-05
1.8416364e-05
0.11101887
0.00026373198
0.0007094543
5.365334e-05
3.051049e-07
0.00011084638
0.00017746651
2.0513412e-06
8.964872e-06
0.0005854608
1.797567e-05
