1.297182e-08
1.5946677e-08
2.3091932e-08
5.4098933e-08
6.839405e-08
1.2014047e-07
2.0451913e-07
2.5906849e-07
4.166981e-07
5.0551034e-07
7.649832e-07
1.283841e-06
1.3722907e-06
1.6692452e-06
1.941606e-06
2.5591119e-06
2.9791677e-06
3.6161412e-06
4.4604076e-06
5.493981e-06
6.668718e-06
7.459506e-06
9.039606e-06
1.1832108e-05
1.3073407e-05
1.43806365e-05
1.8684275e-05
1.9782234e-05
2.309315e-05
2.5979934e-05
2.8913853e-05
4.034643e-05
4.2359505e-05
3.3137872e-05
4.6578407e-05
4.5947458e-05
3.64992e-05
5.2702508e-05
3.7552352e-05
4.2433316e-05
3.8320322e-05
5.4437616e-05
5.5432145e-05
5.0854695e-05
6.2426225e-05
5.7133286e-05
1.7254566e-05
4.4703083e-05
4.93546e-05
3.377176e-05
5.6625026e-06
5.271581e-07
6.141287e-06
1.0342971e-05
6.429426e-08
9.314141e-07
6.029057e-05
2.9482477e-05
1.6315811e-06
2.3612542e-06
1.5981004e-05
7.096382e-07
2.8652514e-06
1.8776638e-05
2.8397659e-05
1.2080892e-05
6.646594e-07
2.3342336e-06
7.503626e-07
1.360488e-06
1.3850674e-05
3.0498297e-06
3.8075254e-05
6.4624015e-05
3.2412012e-05
3.652622e-05
7.177573e-06
4.3471126e-05
8.525238e-05
8.9555724e-05
0.00011208391
0.0002957689
0.0005245623
0.0008779002
0.99860835
0.003970783
7.993135e-07
3.445266e-06
0.0002109182
0.035278246
2.4350544e-05
0.0002119001
0.00064184744
0.0012137118
0.10123477
0.0018671032
0.0070541473
2.5070056e-05
8.4474086e-05
0.00038554994
