1.6212999e-08
2.2700057e-08
4.1417742e-08
3.3762614e-08
4.5667242e-08
1.6769093e-08
9.794003e-08
1.0491177e-07
7.260663e-12
6.8693154e-08
1.2675144e-07
9.122678e-08
1.7677333e-08
5.881781e-08
3.4529674e-07
1.8657948e-08
3.9010564e-07
1.1967072e-07
5.3343985e-08
1.3000344e-07
1.9498055e-08
1.4752832e-08
4.2698638e-08
9.415968e-08
6.3750356e-08
6.387028e-08
1.2149755e-08
3.4023078e-08
2.3958665e-07
1.7525426e-07
2.4498337e-07
1.2754603e-08
1.17645405e-08
3.958852e-07
2.5647145e-07
5.3317746e-07
6.900579e-08
7.0853326e-07
6.818549e-07
1.0782229e-08
9.346824e-08
4.01131e-08
5.682182e-07
5.3270956e-08
8.6856835e-07
8.851965e-08
2.3375598e-08
1.678184e-07
4.514121e-08
2.0209061e-08
6.5556696e-07
8.6898393e-07
3.7450695e-07
1.3447685e-06
4.7749335e-08
6.713747e-07
3.0150287e-07
1.3247173e-07
6.5037693e-07
1.3745855e-06
2.4348472e-07
1.5897917e-06
2.004762e-06
3.0908939e-06
4.2926263e-06
3.1556467e-06
8.177517e-06
1.8464929e-05
1.0516388e-05
1.2616884e-07
9.976375e-06
2.614477e-06
4.3407486e-05
5.2528743e-05
3.0213172e-05
0.00013928696
0.9863596
0.028917108
3.1734144e-05
0.0069801877
0.0015236402
5.820725e-05
0.00023300931
4.4908086e-07
0.0010019325
7.250049e-05
2.4116023e-06
9.552505e-07
0.00021663177
1.6196638e-05
1.0716684e-07
1.4688821e-08
1.2345033e-06
2.4050954e-07
2.2229958e-07
2.2545555e-05
0.00012302533
2.9812018e-06
7.485889e-06
0.00010557053
