3.2970764e-08
2.7092561e-08
1.733037e-08
6.532861e-08
2.7610934e-08
1.161639e-07
9.604364e-08
7.3445326e-11
7.993876e-08
1.0607143e-07
1.4786448e-07
5.002144e-09
4.1188112e-08
8.9288086e-08
9.515101e-10
1.0421742e-07
2.0598425e-07
7.796723e-10
2.1426473e-08
1.0539187e-08
8.08635e-09
9.247599e-09
4.070966e-08
6.532895e-08
6.724819e-08
9.009454e-08
7.43091e-08
3.7554912e-08
2.0102762e-07
2.675021e-07
4.876086e-07
5.990474e-07
1.46226e-07
7.886405e-08
4.0074497e-08
3.8132402e-08
1.8368087e-09
9.688684e-08
1.7646093e-07
2.4438646e-07
6.4184796e-08
4.336065e-08
5.317993e-07
1.3801996e-07
4.785959e-07
4.6678313e-08
1.8215708e-08
2.9584706e-08
2.1298401e-08
6.4108065e-08
9.7243664e-08
4.5066125e-07
9.104554e-07
6.3192715e-07
5.899825e-07
3.367472e-07
3.7616218e-07
1.443489e-07
3.998805e-07
4.2595698e-07
5.29251e-07
5.323597e-07
9.293922e-08
2.160081e-06
3.622594e-06
3.4985496e-06
9.932104e-06
4.393265e-07
2.6685273e-05
1.4256424e-05
1.0385318e-06
2.3580303e-06
1.1485952e-05
7.569514e-05
3.2010623e-05
5.4800796e-07
1.3568896e-06
7.156e-05
0.00016411093
0.0009771484
0.00027572384
0.0029754154
0.59961617
0.749246
2.2247455e-06
9.829894e-07
2.9611958e-06
0.00041485165
1.9713256e-07
1.0199696e-07
2.8833589e-05
4.616258e-07
1.4230612e-06
1.0757539e-05
4.6006758e-06
0.0009863762
6.722369e-05
1.6346661e-08
5.191368e-07
4.9964905e-07
