1.7027243e-09
9.235552e-09
8.11882e-09
1.6926442e-08
7.127232e-09
1.4980257e-08
4.344867e-08
3.689083e-10
3.7751516e-08
2.0922442e-08
1.1949301e-08
2.6702338e-09
1.9129065e-08
2.106903e-08
1.4462461e-07
3.96081e-08
3.4615322e-09
9.612821e-09
1.412433e-07
5.965479e-08
1.9438569e-09
5.551304e-09
4.264388e-09
2.641168e-08
3.102484e-07
3.646711e-07
8.798372e-08
1.5039772e-07
2.1571111e-07
2.6912323e-07
5.2301643e-09
3.7081165e-07
2.6312208e-07
3.7169113e-07
7.148622e-07
7.522798e-07
6.2974403e-10
2.1925432e-07
7.847819e-07
1.3038948e-07
1.5440888e-07
2.506533e-07
3.404761e-08
1.4166008e-07
4.9761036e-07
1.750379e-07
2.0243034e-08
5.515047e-08
2.0346256e-07
4.2798224e-08
5.760654e-08
1.0354588e-07
1.126533e-07
1.391509e-07
1.2125948e-06
4.9097796e-08
4.3021646e-06
2.5048163e-07
1.7910826e-06
3.7099312e-06
9.311128e-08
8.867453e-07
4.99465e-07
1.7749021e-06
3.9141074e-07
7.3488756e-08
2.1325337e-05
9.202916e-06
5.641193e-06
1.7331772e-06
1.13685985e-07
6.388576e-08
3.6762012e-05
1.160623e-06
5.608411e-07
2.6858468e-06
4.1666076e-06
0.00029121307
6.4740445e-05
6.3182365e-06
4.583515e-06
0.0012978022
0.984098
0.006267774
1.6749167e-05
9.014886e-05
0.00011502992
1.585961e-05
5.04315e-05
0.011148664
8.092881e-05
8.279325e-07
3.283878e-05
0.000973087
2.569114e-07
1.0476639e-05
2.5661557e-05
2.5073168e-06
2.4342066e-06
1.3958419e-06
