1.6698113e-08
3.7732036e-08
2.0570443e-08
1.2172886e-07
1.9554978e-08
1.3273909e-07
1.3176466e-07
2.080152e-08
7.154288e-08
3.4951128e-07
3.1816091e-07
8.8418595e-08
8.0298745e-09
4.0922896e-09
8.2259755e-09
3.916803e-09
1.4284561e-07
6.135645e-08
7.2878853e-10
3.6336743e-09
7.460786e-08
4.2057806e-08
1.4131268e-07
6.4814265e-07
2.5166345e-08
6.5300995e-08
1.12248046e-07
5.6503615e-07
3.0380798e-07
7.8656015e-08
1.02595536e-07
2.0723062e-08
2.554295e-07
4.066266e-11
1.304327e-07
6.511612e-08
1.9571948e-07
3.9042156e-08
4.957382e-07
1.2246856e-07
4.5971163e-08
1.16304095e-08
7.3810014e-07
2.2516409e-07
6.065032e-09
4.3513322e-07
1.9523344e-07
2.4341574e-07
7.949178e-08
5.3926755e-07
1.6053053e-07
8.381141e-07
5.908307e-07
3.7631565e-08
4.2961292e-07
2.4722578e-07
1.542822e-06
8.3481996e-07
4.472002e-06
5.082438e-06
1.1358563e-06
2.0805853e-06
8.38017e-07
3.137554e-06
1.2431925e-06
8.605218e-07
3.7314715e-06
9.062385e-06
2.0763708e-05
2.7003807e-05
6.3294834e-07
9.8485536e-05
4.9947783e-05
5.2984806e-06
6.0085236e-05
0.000349039
0.005223277
0.000491729
0.9951355
0.050613396
2.9305475e-05
7.596024e-06
0.0004982671
1.871361e-05
8.38628e-05
6.1217674e-05
1.6950048e-07
1.3215912e-06
1.9724716e-06
0.0009294322
1.1711558e-06
1.0979926e-05
2.6026604e-05
0.00017409683
5.6741044e-07
1.2264984e-06
6.7535234e-07
5.2671254e-07
8.004701e-06
0.0010153973
