1.2717401e-08
2.1712834e-08
4.849834e-08
6.0923346e-09
2.258483e-09
3.377233e-08
8.081728e-07
7.267927e-08
2.4329825e-07
4.7426944e-08
5.785497e-09
1.3733221e-07
2.2796291e-07
7.2713675e-08
1.3210695e-09
1.5015735e-07
9.6155134e-08
1.7219095e-07
6.3641636e-08
5.9845334e-08
9.9998815e-08
1.9384387e-07
2.570676e-07
3.687173e-07
4.7976442e-08
7.684638e-08
1.1403096e-07
2.8853714e-07
7.720626e-10
4.6670343e-07
4.944716e-07
2.680477e-07
4.024486e-07
1.3846524e-07
4.794207e-07
1.2590326e-08
4.5024458e-07
8.805401e-08
2.1350243e-07
4.870509e-08
1.17879885e-07
6.45471e-08
3.1066076e-08
3.3128916e-08
4.814445e-08
1.4227821e-07
1.2125173e-07
7.8699196e-07
8.5666265e-08
1.220578e-07
7.421687e-07
7.7512703e-07
1.0224737e-06
8.4452273e-07
3.4698033e-07
5.1230995e-07
9.1142476e-07
2.3683288e-06
6.3890894e-07
7.3080884e-07
2.4818148e-06
3.7030952e-06
7.0324354e-06
7.3600773e-07
3.2962676e-06
0.0015835837
0.0025976796
0.9883181
0.07959552
0.0048439372
1.2493558e-06
2.3391423e-05
0.0004940841
0.00015016671
4.725903e-05
0.00046777827
8.201053e-06
4.7753456e-05
1.925371e-05
7.97883e-05
2.2721879e-07
1.1456667e-06
3.3736123e-07
0.00015826242
2.0232314e-06
6.2804734e-06
5.1459206e-06
1.9077595e-05
2.593704e-07
9.315463e-06
1.7558322e-06
1.2316549e-06
9.0266076e-07
2.1350968e-06
9.790424e-05
2.9847806e-07
1.3865947e-05
1.0525327e-05
3.5495393e-07
0.00028538355
