1.9754992e-08
4.413993e-08
6.95172e-08
2.8939342e-08
2.7851693e-08
7.186352e-08
2.8757732e-08
3.6582186e-08
5.243047e-08
2.2162183e-08
5.471655e-08
2.2985446e-08
3.756728e-09
1.2742688e-08
4.175449e-08
1.5570995e-08
2.7190939e-07
1.8382023e-07
1.356714e-07
3.7928746e-08
7.926576e-08
4.4782293e-08
3.5741405e-08
1.7602879e-07
4.9938694e-07
9.725764e-08
3.722339e-08
5.050167e-08
1.634329e-07
6.3312315e-09
7.436555e-08
9.86215e-08
1.768269e-07
1.4480548e-07
1.7380926e-09
6.684366e-09
1.1340553e-08
1.502124e-08
3.024537e-07
1.6111689e-07
5.4594405e-09
1.7358306e-07
3.951544e-08
2.8258071e-07
1.11014575e-08
5.9937037e-07
1.934182e-07
3.8669478e-07
8.685787e-08
3.743352e-07
2.4251447e-08
3.2196635e-07
7.05534e-07
6.9010504e-08
1.9734159e-07
3.7778005e-07
1.1899727e-06
1.1065523e-07
2.3841389e-07
1.5816319e-08
8.8238926e-07
1.0582216e-06
9.956549e-07
5.5586113e-08
4.0896984e-07
3.316814e-07
2.7761766e-07
2.6104735e-06
4.0508692e-07
5.744023e-07
3.8527933e-06
2.6761018e-06
1.0792694e-06
6.4956816e-06
1.3532832e-06
1.9323115e-06
6.047917e-06
8.813694e-07
3.0958493e-06
0.98142534
0.0001648926
1.9136314e-05
0.13381906
0.004453407
0.00029751327
5.10149e-05
7.967646e-05
4.461187e-05
0.0016170824
0.0002505671
4.341826e-06
0.0003214074
4.978805e-06
2.5738576e-05
6.7255814e-07
3.5870983e-07
1.5061837e-05
2.3221237e-05
0.00014702446
0.0001849082
