2.2462164e-08
2.8881376e-08
7.102905e-09
1.4532815e-09
5.3672203e-08
1.508937e-08
2.2454227e-08
1.1088868e-08
5.3393155e-08
1.5073354e-08
1.4930298e-07
1.7011527e-07
1.2490533e-07
5.5576654e-09
2.2669694e-07
5.1165838e-08
1.6657292e-08
1.2567939e-07
1.2272166e-07
3.987154e-07
5.4637815e-07
2.1141078e-07
2.98267e-07
2.3902726e-07
2.8309915e-07
1.6244375e-07
1.2125993e-07
1.0761256e-07
3.9674966e-08
3.7186696e-09
3.6502044e-07
2.0844014e-10
2.8930593e-09
2.110755e-08
1.4582832e-08
1.3929187e-07
2.0573415e-07
1.1510752e-07
8.5629416e-08
4.960308e-07
1.11943265e-07
8.371772e-08
6.647023e-08
2.4675015e-07
2.6680218e-07
2.721258e-07
7.555547e-09
3.2216028e-07
1.2733074e-07
2.1867078e-07
6.411236e-08
1.7371251e-07
4.4469104e-07
1.8702418e-07
3.817978e-07
6.6977503e-07
5.432872e-07
2.0070107e-08
4.3449084e-08
8.8307723e-07
4.2144092e-07
1.2722437e-06
8.8226983e-07
1.0920596e-06
1.5194447e-06
2.2587527e-07
1.0418016e-06
2.5374035e-07
1.4420982e-07
2.826748e-07
4.5953922e-07
7.720595e-07
4.5356946e-06
3.4301866e-06
2.464807e-06
3.837525e-06
4.1559616e-07
1.5520442e-06
2.0876619e-06
3.3764577e-06
4.9324186e-05
5.9962054e-05
2.4111225e-05
0.00011337943
5.1578118e-05
6.591747e-05
1.6442496e-05
0.00040309338
0.0008209058
0.0042149913
1.082462e-05
0.9097138
4.5481224e-07
0.002905575
2.3572345e-06
1.4899425e-06
6.512626e-06
0.09042188
5.4135626e-07
7.094795e-06
