2.2869385e-08
4.719797e-08
5.1623854e-08
8.048701e-08
1.3187972e-09
5.9117163e-08
2.9979677e-07
3.083678e-08
9.7673626e-11
3.164452e-08
1.0600621e-07
3.2801364e-09
8.280338e-08
1.8573357e-07
1.9349652e-07
1.7055977e-07
2.2901833e-08
3.0931567e-08
1.4331137e-07
3.4631498e-07
2.9186657e-07
1.5031475e-07
1.6261328e-07
1.9155058e-07
1.9532558e-07
2.030532e-07
3.6009993e-07
3.8803446e-08
2.540254e-07
1.7588327e-07
8.423775e-08
6.001264e-08
6.3866885e-08
1.4460658e-08
6.305372e-08
1.0063973e-07
1.6994203e-07
3.8877013e-09
3.8793257e-07
1.6131981e-08
1.501239e-08
1.029835e-07
3.2633872e-07
6.8592946e-08
7.52469e-07
8.6690903e-07
6.85359e-07
5.721023e-07
8.005708e-07
5.135407e-07
2.458389e-08
1.5434505e-06
7.397995e-07
4.123887e-07
1.2765344e-07
5.903955e-07
6.539369e-07
2.4899578e-07
5.158117e-07
6.5441844e-07
7.042705e-07
1.3773737e-07
1.4032915e-07
1.1927721e-06
9.606576e-07
8.9043056e-07
1.2627648e-06
1.1901751e-06
3.7120816e-07
1.4798534e-06
2.395292e-06
4.1995463e-08
1.1692622e-06
5.6710824e-06
9.016928e-08
5.6496206e-06
3.837886e-06
2.7585866e-05
7.054108e-06
1.7622584e-05
6.2534986e-05
0.0001368711
0.0007727598
0.00020485539
0.000104866194
0.001852863
0.0001325397
1.7013805e-05
0.00016332015
0.97573626
3.5769604e-05
0.18264961
5.0607387e-06
3.088433e-08
0.0031050295
7.00167e-07
1.9735598e-05
6.7785404e-06
2.7676222e-05
2.8574843e-06
