1.3032569e-08
1.8318692e-08
9.4231964e-09
3.8067014e-08
7.161555e-08
6.9748946e-10
8.887313e-09
5.266709e-10
2.9403052e-10
4.528049e-08
3.0677708e-10
8.478398e-09
1.3897534e-08
3.5117742e-07
1.2315238e-07
6.888942e-09
4.558406e-09
2.0848983e-09
2.2973858e-10
1.6946444e-08
2.1256895e-08
1.05635065e-08
4.46086e-08
1.1588722e-07
7.5051815e-07
4.686305e-07
4.3611523e-09
9.5949105e-08
3.3394417e-07
3.8741672e-07
3.6351878e-07
6.8288773e-07
4.4918994e-07
2.655768e-10
2.1883437e-07
7.755461e-08
9.052404e-07
1.1551936e-06
5.9300302e-09
1.4190334e-07
1.0981195e-07
8.930032e-07
2.905815e-07
1.3746243e-06
1.3670376e-07
1.6686853e-10
7.40561e-08
4.8576112e-08
3.4483404e-07
2.7774508e-08
5.5324744e-08
1.0227303e-06
1.9152355e-07
3.0677537e-08
7.906746e-08
9.6300505e-09
1.810515e-08
1.6490394e-07
3.0681355e-07
6.165606e-07
3.9569008e-07
2.806355e-07
1.5261723e-07
1.5664196e-07
1.9728577e-06
7.265752e-07
7.79236e-07
3.2674898e-06
4.4923263e-06
2.3847083e-06
2.7871515e-06
6.7700225e-06
9.323753e-06
9.81474e-06
1.030931e-05
4.285638e-06
1.7825272e-06
1.629009e-06
1.2004148e-06
4.1267342e-07
2.2767754e-05
5.2554537e-05
1.8924158e-05
9.572693e-05
3.839292e-05
4.1733576e-05
0.00019309565
9.7963755e-05
3.204205e-05
0.08888091
0.99279374
5.9188587e-06
0.0002510729
0.00015095802
1.7562881e-05
0.0012647797
0.0018135638
0.00055098924
6.8825952e-06
6.7450905e-08
