3.5041972e-09
4.743537e-09
2.6342919e-08
4.3777132e-10
1.2134572e-08
3.4728618e-08
3.366589e-08
1.5147954e-07
2.0077486e-07
1.268836e-07
5.079738e-08
2.3375557e-08
2.9588574e-07
5.111529e-08
6.470792e-07
2.0589773e-08
1.4543605e-10
6.168126e-08
6.735104e-07
2.7390877e-07
3.8850448e-08
1.1923831e-07
1.2124582e-07
1.5646643e-07
5.1502525e-07
5.4956115e-07
2.5218628e-07
2.1260198e-07
1.6184062e-07
5.458021e-09
1.3023085e-08
4.3634323e-09
4.2802306e-08
2.1467301e-07
2.324818e-07
5.7344234e-08
7.439605e-08
1.3970248e-07
2.3897764e-10
1.7558955e-07
9.378065e-08
1.9560295e-07
2.2100939e-07
2.7793095e-07
2.139061e-08
2.2809472e-07
4.999592e-09
5.3978948e-08
2.9679794e-07
2.5263805e-07
2.927545e-07
6.055661e-07
1.5025503e-06
6.619614e-07
4.7009874e-07
6.443278e-08
1.2537606e-07
9.9819175e-08
3.670342e-07
2.6558246e-07
2.7076624e-06
4.9991144e-07
1.6033349e-06
8.282241e-07
1.4367546e-06
1.7198566e-06
6.290496e-07
5.091471e-06
9.600794e-06
1.8992068e-06
2.2816912e-05
1.1306031e-06
2.1190694e-07
7.793685e-06
2.019436e-06
8.9221685e-06
1.4548827e-06
5.0194444e-06
9.440657e-06
1.0444552e-05
9.504474e-05
0.00023056715
3.120502e-05
5.57523e-05
6.605117e-05
0.00026754313
0.9594618
0.15569818
0.0021320262
1.7098724e-06
2.7991124e-05
0.004394925
0.00034612487
2.0055645e-06
0.00027558726
0.0004624837
5.7679496e-05
0.00013846497
4.191755e-06
2.8367904e-05
