2.226811e-08
2.3346898e-08
3.5554372e-08
7.2855024e-09
2.8563933e-08
2.030377e-09
2.2636928e-07
2.7031635e-09
3.6345105e-09
5.8582902e-08
1.762607e-08
9.609816e-08
9.879801e-08
2.1239929e-08
2.8209627e-08
2.100472e-09
3.5683692e-07
1.2568139e-08
2.3482896e-08
7.595616e-09
1.3293264e-09
3.058546e-07
1.1016236e-07
6.095475e-08
1.6398218e-09
1.01203206e-07
1.6374673e-07
2.644798e-10
4.137735e-07
4.369349e-07
1.1840896e-08
1.990613e-08
1.8461641e-07
4.0701767e-10
3.6461373e-07
3.7320584e-07
8.126676e-09
1.5463459e-07
2.1423428e-07
9.1427566e-08
1.1709744e-07
3.8688228e-07
2.5169942e-07
7.909835e-07
1.6884128e-07
2.82439e-07
1.7164899e-07
2.5856198e-07
7.2075125e-08
4.6522334e-07
3.314711e-08
8.845786e-07
4.2719924e-07
2.976201e-08
1.5164379e-06
3.8358735e-07
8.484347e-07
1.4772205e-06
5.8740574e-07
8.3943576e-07
4.1318637e-07
5.1785953e-09
2.3803322e-07
1.7452435e-06
1.1089813e-06
1.4782114e-06
9.684687e-07
2.46357e-06
4.0867894e-06
3.6259533e-07
3.6737028e-06
2.2739925e-06
4.896006e-06
1.5440534e-06
1.3736751e-05
2.8942955e-07
7.0984083e-06
1.5806105e-06
1.610658e-05
1.1002652e-05
4.374949e-07
5.7714904e-05
4.075186e-06
0.00013038018
0.99142385
0.009196855
1.4391047e-05
1.9722485e-05
5.683602e-05
7.121104e-05
0.0053490014
0.0020853803
0.0011920608
7.987625e-05
7.488419e-05
1.9621551e-05
0.0006567911
0.00015315636
2.6718557e-05
2.1368169e-06
