193.47685
174.33374
63.720894
48.174587
40.280872
36.404945
34.429012
22.396305
20.739473
18.710594
15.922386
14.497489
13.082493
11.224733
11.030138
9.024344
8.120588
8.210955
6.7614226
6.239092
5.81042
5.5145164
5.253747
4.8444023
4.733662
4.2987313
4.1485023
3.8560452
-2.61751
3.620095
3.3609831
3.2753177
3.1748497
3.0915058
3.0020201
-2.4124389
-2.3728647
-2.2463
2.750149
2.6561544
2.5670917
2.497073
2.5118384
2.326855
-2.184547
-2.1569204
-2.1147213
-2.0840142
2.0918107
2.1674354
2.3060293
-2.0317388
1.9309902
1.9859649
1.6160371
1.7242433
-1.9680567
-1.9605712
1.5224534
-1.9168141
1.4403968
1.0049388
1.1186634
1.2433559
-1.8329809
2.2588022
0.7868032
0.67977095
0.56858695
-1.7274512
-1.665231
0.46768093
-1.5947721
-1.3999009
0.15504675
6.299588e-05
0.056038123
-1.3224943
-1.5534132
-1.0794026
-1.0007892
0.36744663
-0.046306375
-0.9121535
-0.53406644
-0.6315477
-0.14179474
-0.7214483
-1.498764
-0.44157645
-0.34564188
-1.1677338
-0.24196015
1.3243278
-1.7740026
0.25922555
-0.8164297
1.8169926
0.8928735
-1.243486
