435.27957
334.32312
322.6434
270.81128
224.62212
191.92116
122.93832
111.99427
92.967255
85.710884
83.089516
71.82895
66.73774
62.359955
59.222893
55.73818
54.738464
49.663662
48.38126
43.7307
41.662777
41.993042
38.020176
37.89597
35.619907
34.120132
32.26751
31.027864
29.79725
29.336168
28.457363
28.709137
25.622583
23.796625
24.397419
22.788765
22.345457
19.853136
19.43752
18.245815
17.15
16.361044
-13.808354
-13.332065
-13.031729
-12.628695
15.691547
15.506194
-12.236885
-12.017704
-11.715035
-11.870612
14.282172
14.117001
-11.638932
12.917949
13.3629465
-10.97449
11.784654
10.636452
11.300671
-10.712652
-10.54672
12.260887
9.315804
8.066107
8.69082
-10.190077
5.728535
-9.47586
-10.068181
6.4561114
5.041818
-7.6441956
-8.38353
-8.651963
-7.274754
2.3076391
-5.1605277
-5.635082
2.9379778
-4.63279
1.6251968
4.3148947
-6.835756
0.91434413
-2.7790754
-1.584906
-2.2189999
-0.91053754
-3.987651
0.2847827
-0.00017123182
-9.076481
9.966811
-6.2417493
-0.29635328
3.6359136
-3.3836436
7.1147246
