1822.6826
1159.4296
842.8599
633.87256
543.2391
412.7699
383.4451
361.05225
288.12476
224.03535
206.60808
187.92958
173.21848
165.79706
147.62042
134.39287
132.05168
125.62781
124.46183
113.856804
112.98692
101.661674
-86.21241
-83.6956
-80.49697
-78.11952
99.48613
94.92419
91.9682
87.83317
86.47835
-74.88395
84.42033
81.19744
76.93542
-69.859024
-68.7644
-67.455414
76.503105
73.41934
70.72754
-63.672043
-61.61352
69.774185
68.05874
65.60769
-58.926445
-58.410107
-57.9988
57.793434
52.571484
54.764763
50.14817
47.37079
41.49974
-55.79127
-57.267265
38.562305
-53.46411
36.062046
32.836334
-52.437412
-46.17913
-44.731194
-43.023228
18.69667
21.6643
24.424788
-48.131355
62.390587
0.00087766093
-38.737354
15.812253
7.077961
4.0843596
1.3982577
-1.2880838
-51.11554
10.057057
-36.99791
-15.145622
-12.417146
-9.734334
-6.86593
27.46022
-33.043858
-30.29185
-17.75436
-25.5359
-23.084993
-27.983137
-20.282139
63.652004
61.00515
44.630104
-50.103844
-35.053783
30.063665
12.914415
-3.9278083
