31.583755
-20.22852
18.628023
16.395912
-16.359505
-15.778042
-15.302799
-14.953179
-14.718165
-14.493607
16.213236
16.10888
15.45984
-13.761174
-13.490501
-13.278274
15.021092
14.943298
-13.103351
-13.018305
-12.817605
-12.757391
-12.477604
14.247232
-12.284294
-12.003493
-11.867871
13.782593
-11.622197
13.431092
13.312898
-11.432771
13.215075
-11.11089
12.956184
12.906899
12.793572
-10.756606
-10.547012
-10.182489
-9.963318
12.53636
-9.245492
-8.909555
11.555958
11.191646
-8.561073
9.874938
10.138097
11.021356
10.411427
12.135633
11.895018
9.356303
9.14154
-6.7110224
8.83655
-7.0896835
-6.2643056
-0.6607869
9.868156e-05
-0.19090414
-2.0279586
-1.1078551
-2.488353
0.31295747
7.9714117
-5.8389425
-2.9062853
12.036655
0.77584517
-3.3450615
7.6404257
7.252061
-3.7834132
-5.454399
1.2340515
3.0337703
3.4778087
2.5930002
-4.23171
6.8231554
3.9058259
4.3451324
-7.483314
6.4757824
1.6955099
-4.6130967
4.773366
6.0171013
5.1850886
-8.307219
5.596045
-9.598404
10.714691
2.1427476
8.412946
-5.05216
-1.560344
-7.841415
