182.60483
148.45815
78.58796
45.112534
35.44001
31.252592
27.86812
24.705713
20.393932
18.570587
17.891891
13.956189
13.015397
11.549231
10.050167
9.121874
8.783697
6.6541767
6.004181
6.1005507
4.8910685
4.6558013
4.1046667
4.0498834
3.0929902
3.2248018
2.7934458
2.4588833
2.3241072
2.1992657
-1.6594275
1.9322151
1.8961842
1.797352
1.7512053
-1.4804249
-1.46734
-1.4058425
1.6452314
1.6167374
1.5246193
1.5384378
1.4360896
1.4606503
-1.3406259
-1.3154562
-1.2779213
1.3821843
-1.2656811
1.2977716
1.3393011
1.2386492
-1.233425
-1.2131759
-1.167478
-1.1868824
1.2022758
1.1740798
1.1096146
-1.1058878
1.0358676
-1.0936167
0.9774807
-1.0583752
0.80686855
0.73994696
0.8710908
0.68618697
-1.0146137
0.5533249
0.48993245
0.4254264
-0.98529387
-0.94829965
-0.90390694
-0.86606914
0.3622226
0.9396796
-0.7652266
0.17075899
0.10726458
0.045365047
-0.60149735
-0.5479834
-0.2573422
-0.3185218
0.00031003947
0.23561303
-0.1967653
-0.13482705
-0.015242067
-0.809612
-0.6529681
-0.49553502
-0.3790684
-0.7032167
-0.073154055
0.2988419
-0.4351406
0.6280273
