1796.0876
1210.6083
1123.1713
826.36554
723.13025
613.9139
510.67838
445.98462
291.40097
269.14728
243.2026
232.06001
194.95358
175.00581
156.99986
143.91515
129.53015
121.91971
115.578
104.918205
95.852165
86.11896
78.510124
72.55295
70.12378
68.969
63.83487
62.268917
56.10453
54.413082
52.540833
-45.452312
-42.920883
-42.723473
-41.231693
49.900677
48.909214
45.412888
44.191975
42.865334
-39.40033
41.441612
40.883698
-37.810326
-37.6418
-36.876
-35.40085
-36.376545
38.731186
37.854897
36.641006
35.347557
-35.03082
34.496735
-33.761726
32.983852
31.176228
-33.134163
-31.904129
-30.897797
30.237944
27.255669
28.64189
25.242378
23.351448
-29.245733
-27.48115
-26.18941
-24.9663
-32.458866
-22.114859
-23.490967
21.151733
18.081358
16.18451
-28.545782
-20.86019
-19.174898
-17.912489
14.404922
7.2647777
9.060228
5.4736285
-12.965698
-11.2928095
-9.82011
-14.618408
12.712875
-3.0077941
-0.012910666
19.778498
-1.3275299
3.6869705
-8.154445
-4.7652783
0.32765302
10.876841
-16.282995
1.911578
-6.5051064
