340.76773
168.7976
68.97699
53.133507
41.08232
31.85156
27.344557
23.526093
21.363789
17.719212
15.794532
13.259472
12.05799
10.115388
9.256912
7.9896703
7.223977
6.519543
6.247329
5.9173107
-3.5586958
4.805719
4.534549
4.439893
4.0937877
3.9116192
3.8072174
-3.279355
-3.1357944
3.479241
3.4195225
-2.8994637
-2.8516457
3.219748
-2.6431968
-2.6206307
2.9712276
2.9462821
2.856488
-2.4971187
-2.5259202
-2.5287926
2.7938495
2.7503052
-2.440983
-2.3741598
-2.2306266
-2.2420595
-2.2661984
-2.125287
2.6371531
-2.0640376
-1.9787922
2.3372378
2.397726
2.4612052
2.5725267
-1.9117208
-1.8650166
2.1858883
1.9996645
-1.7948514
1.491656
1.6149943
1.840014
1.3889686
0.9552454
0.83166564
1.0593568
0.71829855
0.26404446
0.15247849
-0.00013181283
0.04470481
-0.07031589
-1.6814554
1.9215264
0.6008123
-0.28776965
-0.39943933
0.37896943
-1.0279269
-0.50715405
-0.9362809
1.2942238
-0.6120781
-1.1331861
-1.2227142
2.5508258
-1.5711981
-0.71927303
-1.5321087
-1.3473727
1.1708077
1.7110008
-0.8278978
-0.17832622
2.217612
-1.417327
0.48935935
