1381.3171
1086.5846
769.23804
698.4972
459.26526
395.12262
300.03284
229.58769
200.93709
187.73671
173.99063
156.83252
152.69637
143.28737
135.05171
-77.18526
103.143745
99.519714
95.36094
83.17346
78.87293
67.54521
62.66892
61.179806
59.53334
56.050377
53.2465
48.077686
44.977177
-35.427902
-34.306087
44.219902
41.430756
40.259438
39.191135
37.413742
38.597042
-33.275517
-32.4393
36.590816
35.9927
-31.35403
-29.97448
-29.55079
31.44323
33.553665
32.812717
-28.199379
33.14089
29.523392
-27.341274
-26.898643
28.864193
24.016167
25.36166
26.351894
22.66773
-26.009811
-25.686802
28.030176
19.976595
18.77133
17.316881
-25.194014
-24.411102
-23.96372
-23.030987
15.93094
-21.804934
13.052122
10.305069
11.749768
-20.87232
8.918745
5.998607
4.51282
-18.324001
3.0854409
-10.245143
-11.532018
-20.031124
-16.979046
-16.051271
-12.805849
-3.706115
-5.08826
1.6700727
-9.002274
-2.324535
-6.442946
-0.0042245984
14.699573
0.36121142
-19.510576
-15.024815
7.4416347
-0.94486994
-7.6918144
-13.803817
21.478027
