2285.1199
1962.3442
1714.052
1246.3801
1069.3206
744.85626
668.75
655.9024
413.81464
373.7347
349.5347
315.08145
280.98447
242.65201
236.65494
200.79619
183.56723
168.13484
159.17767
144.34763
139.67973
130.02187
113.15331
105.68084
103.38552
100.38107
-60.360203
91.77765
84.026764
82.77521
78.49847
71.5302
70.04292
65.50749
61.389088
58.50211
54.16109
51.85716
47.88256
47.630917
-36.78499
44.46664
43.677464
-33.06952
-31.998697
40.09532
37.716705
-30.248365
-29.933397
37.80049
36.420002
35.49622
-29.50666
-28.116472
34.052704
32.69947
-27.537104
30.25012
31.215755
28.709923
27.39638
-26.528616
-24.91161
-26.046324
26.04056
-25.833605
-23.598347
-22.900826
-20.741772
-20.040485
23.33534
22.4754
-18.77677
-22.153227
18.834412
20.592213
17.309378
-17.500362
-15.006392
-13.515076
-16.177984
14.97038
11.82602
10.074707
-12.258977
8.256492
-7.7145925
-9.354061
3.1768012
13.474414
-6.261665
1.5104127
-0.0517279
0.06119767
6.5814505
4.9327826
-4.683246
-3.0847707
-1.4744077
-10.687594
