427.16077
367.8018
306.88507
288.83737
226.28583
207.16315
162.9947
141.63759
116.54589
96.95344
85.18112
82.704384
78.10791
68.568146
67.62939
64.07887
59.554787
53.63051
56.220997
49.872284
46.927666
44.322166
41.26266
40.425667
35.930157
34.976738
-20.491741
33.001465
32.177773
31.909101
30.83815
29.271814
27.400856
25.519781
24.701471
-18.72355
-18.362196
23.724545
23.35744
22.472713
21.195103
20.636948
20.177217
-16.871777
-17.113644
-16.547987
-16.197414
19.277893
-15.93762
-15.723934
-15.476397
18.597363
17.503479
16.740387
-15.125783
16.279028
15.261953
18.241983
14.389382
-14.017189
-13.781494
-14.689623
-12.800689
-11.519531
-10.917557
-10.523063
-7.5048413
-9.021137
-8.173003
13.63989
12.716694
-6.8984246
-2.2963424
-3.091487
-3.8600633
-4.6429257
-6.0966353
-14.535255
6.8171873
1.6744432
0.8029397
-12.090663
5.9036894
2.4983482
0.07332749
-0.013206324
7.821258
5.0819726
-1.5021942
10.319146
9.412588
3.3337038
11.242749
4.197967
-0.6685611
-12.393299
-9.631385
-5.378166
8.542216
11.972703
