4063.7422
2375.1143
2144.5876
1708.3745
1514.3584
1266.8774
1107.1692
837.4183
804.7194
735.79614
546.0289
397.1523
312.21484
294.07693
258.75912
236.39474
223.06259
-136.12067
201.52753
186.81824
180.43605
176.8156
158.57617
153.0583
143.3271
-107.79078
129.62582
-97.937325
-95.91917
-94.159676
-89.97329
118.643074
113.7457
111.182495
109.170654
106.398544
-86.12473
104.91488
102.79602
-83.75806
101.16542
97.563866
-81.739136
-80.58481
-78.751205
95.52539
93.017105
-76.759315
-76.136795
91.32393
89.07395
84.3449
-74.0957
-71.08462
-68.208496
79.345436
76.706
-66.907196
81.989365
-58.671227
-55.68842
72.55105
58.476532
62.099068
-72.948494
54.764187
-52.605644
-61.5572
-50.152565
50.915382
66.577805
39.42783
43.624737
35.497448
-40.533306
-37.22131
-34.06934
-44.034203
-30.510147
-63.462845
31.575724
-15.767241
-19.606615
-11.7806225
27.66132
-7.899345
11.504789
15.701732
19.683641
7.4667354
69.466934
-23.194695
-4.001955
3.4607615
0.055822097
-0.30800653
47.38937
23.666664
-46.784554
-26.73127
