911.4356
84.31017
68.05653
57.478893
51.289547
46.18482
45.82134
41.343536
35.560257
32.619793
-24.67531
31.041534
27.752447
25.942577
-19.801785
-18.513067
-18.053675
23.084326
21.788073
20.814407
-15.161175
-15.528857
-14.05926
20.046486
19.23689
18.48169
17.52435
17.01112
16.16304
15.838574
-13.158604
-13.324491
-12.580438
-12.175534
15.48208
15.101724
14.785588
-11.626909
-11.253591
14.37031
-11.197307
-10.932223
13.983036
13.5668335
-10.72889
-10.587881
13.416555
-10.36733
-10.051951
-9.829355
12.9585085
12.4346895
-9.481713
12.149789
11.832145
-7.67177
-8.429844
-8.099095
-7.2027698
-5.919809
-6.4316607
10.711352
10.360259
9.867501
9.455199
-5.5163617
11.501053
1.5865134
2.1285589
3.1729999
3.6962242
4.2122726
1.0196269
0.5022598
-5.071626
7.4212904
0.0051513286
7.821234
6.7854967
-0.025964305
8.4386
4.7636433
-4.5612764
-1.608035
6.378184
-2.110993
-9.057144
-1.0489528
5.3213234
-4.0749598
-3.087094
-2.5919766
-3.5469308
-6.882772
5.8324738
11.163093
8.843338
-0.5453306
2.6423228
-8.877098
