1721.6465
1467.4242
1201.0421
848.9279
712.0927
651.35455
528.17786
448.28308
428.8293
320.1519
299.32788
256.50943
241.52837
193.4158
172.3996
156.25137
148.8447
135.4886
130.24197
112.36421
99.172165
84.550804
74.44002
72.31885
63.06583
54.77373
-42.770454
47.171364
45.889088
42.147472
39.76059
37.79289
32.933826
-24.69125
31.5814
29.756758
27.81393
27.093616
-24.213394
-24.082382
-23.077623
26.85305
25.954725
25.603695
24.769909
-22.14233
-22.236303
23.88116
22.18116
22.857153
22.603827
-20.070232
-20.75064
-20.369047
20.165724
19.741186
-19.098806
18.132563
17.234945
-18.57091
-18.280115
16.422153
19.016634
15.111072
14.108546
-17.908323
-17.498343
-16.742178
-15.395195
-16.190514
13.115718
11.998113
-14.561479
-13.138375
-14.079549
-12.386485
-11.535936
9.814023
8.805407
10.989567
7.7288322
-10.623481
-5.8988705
-6.8818827
-7.8574104
-8.823791
6.6445303
5.5312095
4.491567
-1.7586954
-0.0055024107
0.2518843
-9.816586
3.3990173
2.286095
-0.73642254
-4.8695827
-2.8087456
-3.8426485
1.219875
