460.1301
332.07898
306.36215
253.7117
203.50833
170.0562
160.3486
113.56254
100.886314
90.63587
82.79375
73.25851
67.59928
65.82445
63.794323
60.774853
58.42903
52.54696
51.12867
48.228863
46.09707
47.474335
43.000042
41.517868
39.689976
37.337967
36.369938
34.785255
32.506447
29.859215
30.110708
28.218037
25.337294
24.383024
23.709791
-20.229435
-19.635405
-18.890408
22.29631
-18.13886
-18.015482
-17.62664
21.296246
21.105995
20.159569
-17.301033
-16.771029
-16.332006
19.226229
18.763739
18.183647
16.939266
16.199139
-15.606441
-15.510913
-14.1971445
-14.914165
-15.189682
15.257749
14.043842
-13.843798
-13.495173
-12.432691
-13.183758
13.241139
17.640932
-11.999932
-11.217913
12.456398
10.920841
-10.171328
-10.723553
-8.693293
9.791406
8.894603
-7.996918
-6.6309624
-7.269192
-4.3113856
-3.600583
-2.831031
1.2318379
0.3886592
0.000557982
6.301414
5.432017
2.1285763
-0.3324471
11.591422
-5.0721817
8.091612
-2.024096
7.1810102
4.6248345
2.9678624
3.794485
-9.372468
-5.8776617
14.64304
-1.1136051
