7011.666
2973.5266
2763.0159
2097.7952
1772.1937
1685.7621
1285.9728
1016.3827
868.94403
932.0036
575.2239
483.758
438.0711
382.0219
348.64774
-250.99255
307.5461
292.31174
257.9124
245.13248
228.38222
221.7446
214.75945
203.01656
-192.56165
-177.57748
196.96147
189.90388
184.1029
181.63806
176.59573
174.40639
-166.57065
-163.85774
168.60876
165.10843
-155.90372
159.81302
157.50015
154.09038
-152.47386
-150.44073
150.5847
-146.12306
146.2589
-144.68141
143.029
-140.42297
134.82611
131.0025
-137.10051
108.10832
115.5989
119.65006
125.73022
103.295166
-123.616035
-127.375435
-135.8787
-131.5093
-133.50272
96.48566
-121.035065
-115.469406
-105.03665
84.53553
77.94743
72.05059
64.74604
-108.68768
-97.52636
58.536907
39.20265
45.761032
-93.292496
32.89003
25.971561
-79.15027
-83.81192
-73.6325
0.1335459
-0.34878412
-67.29734
90.78558
-44.675518
5.9774847
19.4827
-12.77486
-6.422326
-50.07667
-38.354744
-19.695099
-112.48447
-89.317535
12.590324
-61.984127
-56.358616
-32.565426
-26.108753
52.31048
