992.1605
703.1383
554.5443
539.0521
430.84894
356.3018
303.3217
235.67241
223.15056
135.99008
110.18675
107.857
95.78802
89.03745
83.976425
85.060356
78.02603
76.08037
73.14165
69.4829
67.44907
66.34256
63.147316
61.838455
60.729626
58.97749
56.652744
55.600033
52.709732
49.98199
48.680378
46.57968
45.233604
43.47844
-35.999702
40.793667
37.759872
38.901215
39.2814
-30.968262
35.55392
36.627354
37.060978
-28.718822
33.44398
32.038918
30.476637
-26.31242
-25.653423
28.43872
27.499327
26.246778
24.308422
23.228022
-24.022894
-23.810005
21.82517
19.32569
17.880022
16.226105
14.785982
-22.725525
-22.546402
12.033947
10.673782
-21.588072
9.147418
7.6984706
4.9605727
3.566793
-21.437529
-20.01092
-20.67074
-19.495146
-18.567009
2.1326199
0.82275915
0.0022831713
-16.83378
-11.209733
-10.188378
-21.101086
-12.318416
-16.187279
-0.39186335
-9.093366
-15.065865
-2.953593
-5.42055
-4.209816
-13.348876
-6.700782
-14.175473
-17.655348
-1.5997708
30.944416
20.303713
13.363406
6.3164268
-7.908176
