291.92474
209.51398
119.37881
117.810684
97.26618
71.53586
61.53566
55.083847
44.54652
35.50461
24.667713
21.353363
17.449303
13.810369
13.026499
11.097784
10.466096
8.532504
7.5322537
6.2128005
5.820408
5.58835
5.255705
4.9296713
4.801148
4.2463284
4.17626
3.9575427
3.755084
3.6855564
3.5393295
-3.164236
-3.1371286
-2.9940863
-2.8959706
-2.860231
3.3931644
3.1612067
-2.7000272
-2.6285586
3.1308477
3.055369
2.9554658
-2.4973824
-2.5114763
2.867625
2.822585
-2.3799608
-2.4262216
-2.4088407
-2.2506514
2.7578123
2.699546
2.6353064
-2.2824104
-2.1556568
-2.0540488
2.5046523
2.3966873
2.3581507
2.1829786
2.0811658
-2.009394
-1.9234581
-1.8515717
1.9839139
1.5314378
1.6171944
1.72922
-1.7859653
-1.6978185
1.3768007
1.0145409
0.8969641
1.8627168
-1.5841987
0.7624952
-1.5075259
0.397583
0.27118415
-1.0060015
-1.1044885
-0.43147182
-0.5466608
-1.2977517
-1.2053411
0.14946157
-0.6630283
-1.4180529
-0.88670045
-0.31250545
0.039020333
-0.00036531524
0.5165753
-0.19213466
1.1299821
-0.7698536
-0.07827072
1.2774229
0.64128274
