1833.8118
1371.5771
1195.2745
857.2325
725.4291
626.6628
577.3912
491.39703
460.2482
431.21478
320.4478
306.96878
259.70114
216.91234
160.7554
130.6081
108.8562
93.02668
90.179245
76.82228
67.69013
57.539574
50.18115
-40.655533
46.84816
44.913185
-35.457203
-33.81282
-33.039707
40.348473
38.61617
37.036472
35.815037
33.884895
-31.428188
-30.114748
33.423054
31.998438
-28.372133
-27.915928
30.950798
30.766157
-27.370646
30.117626
28.483034
-26.969553
28.06673
27.493374
-25.97331
26.858667
-25.131422
-24.76892
25.187893
25.968117
24.28752
23.389086
-23.157488
-22.47832
-23.906004
-24.555954
21.61097
-21.749548
-20.588537
20.733824
-18.598398
-19.754768
18.797276
-17.88932
17.409092
-14.991303
19.897797
16.163654
-13.941993
-16.132204
-12.82842
-11.894057
15.129814
12.582562
13.85938
-16.916475
11.29057
6.3492546
5.067488
-9.55837
-7.2485657
-8.456814
-3.5867586
-1.0805564
-0.025834471
3.778404
0.090985045
7.606826
-6.095668
-2.331671
2.5057812
10.132257
1.2056772
-10.656681
-4.821212
8.873495
