232.79346
150.65852
115.79855
110.578964
100.31119
84.72605
67.45765
40.952915
33.324966
26.817493
25.033688
21.341682
20.583792
16.764807
16.128489
14.499149
12.846502
10.253465
8.944975
8.1159525
7.375996
7.235638
6.315737
6.141366
5.5044203
5.214002
5.1697946
4.879007
4.3718905
4.4072866
4.092675
3.8834493
3.7739348
3.6906981
-2.6518724
-2.59591
-2.5017717
3.5803237
3.4968393
-2.356646
-2.2447257
-2.204301
3.2210798
3.1737251
2.7728724
-2.1467636
-2.1143208
-2.0553608
-2.0151339
-1.9747864
2.679765
2.6073186
2.9498422
2.95762
-1.9063532
2.5205684
2.3115747
-1.849647
2.2118232
1.76202
1.3069124
-1.7962232
1.8969254
1.1856842
1.0555414
1.4392256
1.6820823
0.93787146
-1.7118489
0.69087255
0.5709027
-1.6483219
-1.5864263
0.0010711116
0.4533137
-1.5160885
-0.23572206
-0.014615542
-0.12000347
-0.6697297
0.09492504
-1.4109641
-0.77046734
0.33359507
-0.5642802
-0.34836844
2.097274
-0.9682615
-0.8738393
-1.1604656
-1.3238258
-1.2682005
2.96899
0.21202661
-1.0727276
2.0442903
-0.45926425
2.470667
1.5673963
0.8137908
