823.8921
612.1625
498.60574
401.67804
355.97806
273.03943
258.06198
179.17421
125.25921
123.71852
105.949715
93.49495
92.11499
81.33692
76.46669
71.70868
64.42222
62.59599
-35.97863
-33.077152
57.410454
54.771294
53.505493
51.804207
51.52859
48.88202
47.21558
45.459526
43.397022
41.467155
-30.925829
-30.35641
-28.905476
-28.356855
-28.172815
40.89109
40.485874
39.56842
-27.023212
37.22297
-26.609564
-27.105534
-25.474823
36.227688
-24.85334
-24.515034
35.92166
-24.204172
34.81206
33.7713
33.03878
-22.93901
-21.73551
32.063553
28.813814
27.585085
30.652706
22.690084
-20.89904
-22.440321
-20.157364
26.336168
24.59127
21.601316
20.174047
18.970228
-18.715652
-16.162056
16.130901
-15.038126
14.746495
-14.051668
13.345896
-9.721546
-8.604174
7.892207
6.6295247
-2.5637603
-3.8415008
-7.401267
-1.0929533
12.01587
5.3215027
-10.913012
-5.0635395
0.06333895
-0.04410669
4.031565
1.1373835
-12.034153
-18.05039
9.312289
2.6980395
17.36975
-13.086998
-6.251799
10.5876
-17.382837
31.179232
25.516378
