422.88605
165.14597
124.5886
74.08166
47.8512
44.05264
29.547445
22.683022
20.518015
15.4356985
13.69517
12.276535
11.605515
11.248005
9.572115
-7.318083
8.507586
8.326052
-6.904351
7.6260695
7.5040364
7.274585
7.087855
-6.425314
-6.5138645
-6.168403
6.650887
6.4746284
6.27729
-5.8265
-5.616242
5.983849
5.83367
5.7175198
5.5562162
5.443183
5.3609667
-5.484375
-5.3241234
-5.2374363
-5.1169214
5.110077
5.1794615
-4.946864
4.91111
4.795738
4.57437
4.457796
-4.731862
-4.683899
-4.6054487
3.982296
4.106311
3.7964623
-4.523939
-4.472155
-4.336525
3.2318811
3.0093994
2.7649472
2.5406668
3.5853555
-4.1971374
-4.022661
4.311223
2.3696961
1.5141698
1.7392967
1.9476962
1.3184831
-3.7414327
-3.5896075
1.0933751
0.6675421
0.4522466
-2.7608368
-2.221185
-2.4026985
-2.6005166
-1.2326281
0.2385312
-1.4281371
-1.0221039
-0.82256067
-0.0012066308
0.031189932
-3.4827604
-2.0293243
-3.2963343
-1.640723
-0.6096695
-0.19049634
-3.8861349
-3.1079068
-0.39983678
-1.8366619
3.4386768
2.172204
-2.9862628
0.88464934
