545.05774
214.8885
174.3135
151.02728
98.761566
86.186455
48.040833
42.73321
37.904995
28.199064
24.069147
17.834595
16.783594
14.709676
13.550139
12.384264
11.914909
10.629691
9.777691
8.422146
7.8838634
7.687206
-6.17624
6.7371364
6.424058
6.2205534
-5.5786242
-5.407726
-5.2425866
5.7012095
5.5960126
5.4191813
5.277708
-5.060344
-4.894556
-4.775299
-4.551676
5.070626
4.951479
4.855244
-4.467865
4.7377186
4.564855
4.37794
-4.337042
-4.1595097
-4.086625
4.2769127
4.167765
3.824968
-3.9462776
-3.9260645
3.697457
4.1340933
3.6418457
-3.7929795
-3.6936853
-3.5613751
-3.4345744
3.3010943
3.131193
-3.8536499
-3.306413
2.911636
3.4564345
-2.9396338
-3.108018
2.7745166
2.4067018
2.2265074
-2.729858
-2.0946476
-1.9229305
-2.2983725
2.0289268
1.438575
-1.0402788
-4.3726246e-05
-1.7442573
1.2484647
1.0654362
-1.2215495
-0.8541852
0.09349336
0.27925518
-0.10219633
-0.2875846
0.8621947
-1.3993325
-0.6681058
-3.1981404
-2.4318037
-2.54122
1.6387135
0.47253564
2.5685983
1.8164178
-1.5802293
0.66987026
-0.47906074
