1200.2097
1074.8717
686.0564
606.0961
524.3411
392.36584
366.0755
294.4996
267.32193
183.64653
143.14143
118.32182
109.26111
102.75401
94.43116
91.93018
86.67559
82.33689
-62.47655
-57.08588
76.38479
73.01459
67.950905
63.10359
60.93941
58.573963
-54.356987
-52.732635
56.1927
55.92079
54.69581
53.64506
52.993263
50.276913
-48.835884
-47.3936
48.771656
47.818493
-44.73943
-43.41305
46.344303
-43.528084
45.237988
44.118633
43.05028
41.54234
-41.56387
-40.014496
-38.912865
-38.120018
38.966198
36.885162
30.403767
35.21829
-36.845943
32.46013
29.010752
26.719296
21.472996
23.456736
-35.95867
-35.45748
19.45524
17.856304
12.08969
13.979152
-34.013325
10.215033
40.343067
-33.32351
-32.241486
8.43005
-0.90028167
-0.0024018586
0.6934807
2.4743292
-2.6833458
-31.022114
-6.618496
-8.386384
-10.114409
-27.32354
-28.734093
-11.798307
-21.70816
-20.106342
-16.564617
-18.482225
-26.032894
6.5445957
-13.533451
-24.627508
-15.245245
33.828808
4.6915007
-29.585735
15.80218
25.091957
-4.771633
-23.034355
