913.16394
659.23474
500.59296
434.98254
376.9177
359.4292
271.5835
238.96526
189.66849
112.20715
102.34959
95.335205
87.52024
84.2822
82.186676
77.66802
72.53986
71.32974
67.13802
-39.574104
64.50458
60.407528
59.104843
55.910587
53.190483
52.430153
49.37543
-24.18719
47.504944
46.995735
45.62532
43.717773
42.476
40.797787
39.754856
39.34277
38.20023
37.10637
-21.748005
-21.184399
-20.692284
36.02291
34.90837
-19.52951
-19.435677
33.66082
-18.616716
-18.534391
32.578598
-17.7267
-17.584507
-16.880848
30.675198
29.489195
26.06694
25.209682
-16.245646
-15.297201
-14.618747
-14.189444
23.729208
14.283361
18.367588
19.357033
13.041323
6.7672815
5.5801144
-13.506421
8.018379
4.380622
28.263449
-5.518059
-1.2049326
-2.3384502
0.0051931166
-0.17842078
20.396515
11.440143
2.0011916
-4.4388742
21.687809
-6.553386
0.8410223
15.564125
9.213286
-11.711599
-11.024908
-7.4717236
-8.419592
-10.217478
27.77124
-12.532004
16.50506
-9.354346
23.193487
-16.55366
30.377422
-3.4656353
10.421214
3.210746
