438.5233
446.70193
362.68427
283.94843
273.3548
228.77425
157.68658
146.37614
106.061485
99.65575
87.650444
74.04461
72.96885
71.37367
65.767555
60.450317
58.162827
50.826233
48.0081
46.447
44.850525
42.91211
40.98215
38.942837
37.664886
35.06572
34.049885
33.361195
30.167625
29.068851
28.62988
-17.463987
26.07953
25.719955
24.879059
23.162024
22.1836
20.641577
-12.734655
-11.916445
-11.98829
19.406836
19.081638
18.180058
17.219301
16.563011
16.006607
15.610504
-11.317601
-11.110834
-11.08986
14.919433
-10.76953
-10.539777
14.130204
14.464601
-9.920499
-10.456234
-10.235867
13.44011
12.96898
-9.336788
-9.040592
11.677082
-8.522426
-8.314403
11.219046
12.35345
9.002844
9.504564
10.45704
-7.4964075
-7.0558944
-7.923804
8.301766
7.040308
-6.5165486
-5.0471535
-4.4883265
-3.9018536
6.126107
5.556364
-6.106331
-3.3736558
7.7269473
-2.213468
-1.5952952
-0.97166157
2.1495109
-0.34276295
-0.0010415782
1.4913849
-5.541225
4.8595066
2.802676
0.81975615
0.21469288
-2.779832
3.4828873
4.1802363
