583.9005
448.06357
409.56213
325.70755
294.1713
246.84567
196.36845
169.52077
136.12465
107.67454
104.593925
89.875885
81.89724
75.533455
70.836266
69.652596
64.089966
58.84658
56.804317
56.06272
50.890553
48.946014
45.87488
42.86405
-28.685995
37.983067
34.06043
33.3941
30.901737
29.768959
28.8032
-20.94952
-19.613829
28.063335
26.924147
26.510038
25.174116
23.589733
22.699093
-18.677216
-18.37052
-18.11422
22.152508
21.320818
20.812265
-17.400219
-17.187672
20.380955
19.733114
-16.397266
19.018396
18.6543
-15.672459
16.949596
16.494322
15.599583
-15.246914
-14.700672
13.372537
14.042204
11.883679
11.264087
-14.211685
-13.828468
-13.324437
-15.122225
-12.778064
-12.408587
17.86971
10.557044
14.793173
8.640192
7.779818
-10.001555
6.852551
-10.601356
-11.679082
5.959267
-11.374064
-9.299701
-7.882919
-7.1739593
-6.4648547
-2.5811186
3.2928746
2.4534914
4.148061
-5.719051
-3.3805685
-1.7636428
1.5763896
-4.1559362
-4.921473
0.6449649
-0.84095204
-0.102708206
0.008873405
9.605914
-8.715215
5.06787
