359.5825
155.56316
130.17332
97.78217
29.453978
26.35204
23.293207
19.056974
15.118217
13.502653
12.104448
9.711963
9.091772
8.317671
-7.1756196
-6.678084
-6.4799576
8.0451975
7.3648076
7.1542583
7.0106063
6.863984
6.5219216
-6.2566204
-6.131066
6.4262147
6.252115
6.0882983
-5.928195
5.9725084
-5.7848897
-5.642977
5.68423
-5.574274
-5.590367
5.5118585
5.5023866
-5.268284
5.3726273
5.129904
-5.185656
-5.0964
5.056216
-5.0006127
-4.9451156
-4.697849
-4.634103
4.6496687
4.822095
4.5753517
3.9734707
3.8603296
-4.811876
4.2464795
3.5591555
3.4320517
-4.472445
4.3700666
-4.333618
-4.203575
3.034795
2.8501406
2.6656935
2.4684772
1.4116273
1.6213835
1.8377573
-3.9930964
1.1911132
0.00031616053
-1.508585
-1.3199457
0.1413551
-1.1131324
0.3398846
-1.7280463
-0.08582994
-2.6607423
-2.2963324
0.55314726
0.9779792
-3.6102858
-0.9051973
-2.115064
-2.8802173
-0.2772886
-3.7151477
-0.6987099
2.0374837
-3.2794323
-2.5080957
-3.3863888
2.2609463
-3.869106
-0.48797637
4.8675275
3.2196157
-3.0389957
0.7703703
-1.9375465
