221.63208
202.44214
115.62461
63.78595
61.27297
38.119972
31.504414
30.156029
31.268707
22.184437
20.918652
16.473154
15.90817
14.287636
13.56862
13.194054
11.509201
11.144669
10.378696
8.805389
8.141038
6.9520392
6.7418756
6.3804216
5.487942
5.2607393
5.03746
4.582545
4.1797595
3.9444287
3.7485971
-2.6850917
-2.6075265
3.5392706
3.4315634
3.3057325
3.1352768
2.9949825
-2.475272
2.7772582
2.7284942
-2.3980265
-2.3454928
-2.3263826
-2.3052416
2.6035745
2.5244381
2.4974272
-2.2356975
-2.1658885
2.4073932
2.2504923
-2.1087232
-2.0707853
-2.0450487
-1.9828532
-1.9150106
-1.8503675
2.1547654
1.999811
1.7960808
1.9207906
2.3106363
-1.7680104
2.0849977
1.598465
1.4812628
1.391161
1.2526551
-1.5796741
-1.6807835
-1.6351491
-1.4711312
-1.4046103
0.7982044
0.9142417
0.6768734
0.3363278
0.2194897
-1.3267217
-1.1384727
-1.0446825
0.1077031
-0.31898263
-0.42257294
-0.9346017
-0.20551713
0.0077932896
1.0216218
-0.83301634
0.44785967
-0.5291891
-0.0022757796
-0.6318792
-1.2380569
0.561617
1.143048
-0.7383717
-0.09702755
1.6831496
