1485.0176
1180.5819
1012.24695
782.30865
584.3717
553.92053
492.8784
436.2112
336.72092
231.18611
220.31117
205.95457
178.8698
164.6324
156.17055
140.51724
131.86537
117.41218
114.96121
105.92253
97.11721
94.480316
93.33785
87.596794
72.07837
63.058456
-45.341347
58.982204
52.427532
50.80107
44.16377
39.953117
38.38097
-27.914148
35.016148
33.090603
-24.944662
-23.918118
-22.545774
32.49726
30.91094
29.90317
27.87172
29.411715
26.931913
25.96849
-22.315222
-21.929886
-21.281271
-20.420776
-19.68702
25.069891
24.7239
23.942759
23.135841
-18.967306
21.993979
20.427296
19.40645
18.252285
17.133259
-18.648375
-18.354074
-17.430908
-17.892942
-16.375383
14.330479
15.234521
12.966707
-13.775666
-15.180927
16.29565
10.557464
-15.871538
-14.539346
-12.976324
9.4445715
8.288425
-11.931398
7.1245623
-9.239996
-8.288861
-10.214166
4.789757
3.6097782
-4.0880904
-3.00151
2.440863
-5.221392
-7.396216
-1.8954594
1.279172
-0.7914447
-0.0046904604
-11.105179
-6.287476
0.24575882
5.9596286
22.612812
11.847941
