1072.6227
841.3647
802.0301
706.64026
526.8592
462.3303
365.7083
359.10907
324.61298
173.29617
167.39136
154.15579
140.91766
135.43414
130.86888
120.06223
115.35773
109.23394
100.869705
88.49459
85.152306
78.473564
75.7366
72.948006
67.433716
61.949192
57.22299
51.894264
-36.90751
51.35763
46.82286
45.31353
43.28014
40.67124
38.22792
37.539394
35.65901
-22.697424
-21.962458
33.72477
32.753784
31.5286
30.276676
29.698942
29.369371
-20.53044
27.74761
26.113457
25.818207
-19.358894
-18.713665
24.294542
24.004915
22.707737
21.985426
21.29102
-17.965946
-17.369753
-16.986382
-16.537743
-16.28736
19.319483
17.50221
16.467297
-15.704544
-15.018662
-14.590656
20.099825
13.360354
14.560775
-14.019027
12.08462
10.776924
15.616309
-11.291111
-12.67901
-13.390342
-10.61228
-8.943949
-8.137225
-7.132276
8.693011
7.3726597
-4.251981
-3.2688553
1.8415483
-2.2576866
6.289206
0.75456923
0.004123348
-6.2177753
-0.22090699
-9.90541
-1.1947961
-12.104215
9.630865
2.9473646
4.0816894
5.2358246
-5.295191
