1093.6404
99.3977
88.18886
66.293304
58.295734
47.94997
40.502872
39.87509
36.28181
34.340607
33.300644
30.371796
-23.415905
27.204899
25.946932
-21.720572
24.540384
23.808569
-20.695877
22.55266
-19.180174
-18.805815
21.62614
20.69671
19.374645
18.720528
-17.514034
-16.917969
-16.456255
-15.420664
-15.1206455
18.204725
17.778582
17.182392
17.033327
-14.107841
-14.621422
-14.752637
16.751455
16.140049
16.155529
15.282271
14.79854
14.690689
-13.521913
-13.34703
-13.082585
-13.000393
14.231062
-12.375987
13.352318
13.906031
12.8807125
12.497128
12.130058
-11.663212
-11.2394905
-10.761747
-9.278988
-10.101818
-9.840155
11.405223
11.03398
-8.819241
10.34083
9.81959
-11.503085
-7.8288546
-6.829057
-7.2417936
-6.2559433
6.918117
7.465159
-4.607729
-4.024397
6.3685846
3.2555058
4.5232067
-3.3638928
3.91729
8.151955
2.610104
-0.0005664662
5.7146044
-2.8111463
-1.0261585
0.1629598
0.7703116
-5.195018
2.017109
-1.6633176
-0.43206793
9.310408
-2.217596
1.4225419
-8.384045
-5.743953
8.660252
5.0966816
-10.491808
