2048.7036
1563.1646
1351.7922
1112.0922
778.24915
642.43866
585.305
401.86444
351.23126
331.67572
238.32101
225.90211
224.90128
197.03123
194.40099
177.0755
153.40506
136.40779
-98.83281
122.15715
113.09912
106.09312
-79.38894
98.66054
-71.77229
94.06821
90.9554
84.67218
82.026955
-65.66212
75.405426
72.63078
67.75622
-62.979576
-61.160904
-60.551476
-58.751644
65.9545
64.16712
61.314888
-56.571983
-55.187515
-53.245193
-50.915607
-49.810047
59.878185
57.58182
56.60563
56.04965
-48.61146
-47.02535
-45.84293
-45.278816
-43.031246
50.419434
48.419918
52.24337
51.951244
46.924862
41.544308
-41.24541
-37.635136
-34.166344
42.79337
44.5745
-44.081158
-31.9563
-35.49338
37.850433
-26.055286
31.76674
33.80271
-39.578003
-27.739052
-23.626387
-21.4862
-19.315763
28.966093
26.604172
-12.471132
-10.068908
16.724464
14.422179
-7.688986
35.78315
19.20585
21.840372
4.297985
0.0124684945
1.826642
-0.46101367
6.8753433
-14.871148
-5.279783
-2.7345805
11.799094
-30.045864
9.328547
-16.968004
24.301563
