659.5729
606.84894
525.3169
471.27332
340.85547
315.371
327.63788
232.55489
271.07227
84.25779
79.79478
76.007416
66.848366
60.985703
60.53344
57.964924
54.881207
53.58362
48.45795
49.0917
46.824043
45.441063
43.426655
41.813766
40.855526
40.45878
39.025627
38.15914
36.37908
-19.63092
34.61298
34.132427
32.636066
32.10872
31.211617
30.488014
30.042164
29.460728
29.70116
-15.344376
-14.185711
27.125246
26.60195
25.688406
-13.253204
-12.824479
24.898485
20.477047
21.6378
22.387823
-12.436698
-12.382415
23.945845
19.480814
18.78418
-12.099937
-11.854298
-11.451088
-11.034731
13.892841
14.969318
16.036572
17.029484
13.136051
-10.780281
11.102979
9.995872
9.105731
-10.017483
-8.505706
-7.980215
-7.477779
-6.8643613
5.550537
-4.8473907
-4.1868377
-3.4561684
4.5752053
6.4072723
1.110996
-0.39061043
0.32845604
-0.0003822012
-1.1523621
3.7105489
-2.7041953
8.135146
-5.4733086
1.9576144
-9.509335
23.524723
-10.418315
2.8206816
24.459087
17.428972
-9.10772
-6.0969477
-1.9441924
11.959642
7.282615
