203.49538
141.20967
93.75404
45.72761
38.421505
36.025898
30.814657
22.992184
18.777548
15.033312
14.226644
11.99212
11.107946
10.099977
8.764696
8.197794
7.384201
6.1614785
5.5503707
5.089697
4.7540545
4.294619
3.8750901
3.539665
3.2603238
2.9389284
2.6064484
2.39322
-1.6424996
-1.5747795
-1.4966416
2.1044345
2.0533795
1.943507
1.8779405
1.764084
1.7013028
-1.4419802
-1.4232087
1.6349039
1.5794944
1.558228
-1.3640307
-1.3427457
1.5140582
1.4701297
1.4397153
1.4146117
-1.3052118
-1.2751334
-1.2581812
-1.2278906
-1.2074214
1.3459456
1.3169347
1.2827983
1.2088151
-1.1584709
1.1556348
-1.1267682
-1.183822
-1.0628729
1.0888633
0.97987694
0.9280065
0.66291946
0.7366249
-1.0286741
-0.8988127
-0.93544245
-0.8433269
1.0427412
0.59841055
0.85299546
-0.81190276
-0.68803114
0.5373805
-0.99639106
-0.6340529
-0.74050474
0.402828
0.33991808
-0.5846308
-0.00019161278
0.27339602
0.02108166
-0.04281117
-0.10342819
0.20846808
-0.41047812
0.08080237
-0.47002915
-0.35164008
-0.16518863
-0.5275914
0.14479983
0.47068965
-0.22715726
-0.28986415
0.7963426
