2252.4102
1758.5809
1484.0448
1183.6976
1119.528
879.7815
668.8528
500.59195
460.38074
401.56842
323.12637
265.37628
242.02864
211.24469
185.48088
166.449
148.4462
131.47256
-103.10319
113.897385
108.31067
104.51606
-87.62466
99.53767
-77.783806
-76.16916
94.70805
89.20535
88.28364
-69.39086
-68.16816
-66.45138
80.22369
-62.380123
-61.743023
76.402985
74.201904
69.78481
-59.37239
-58.25758
-55.97138
67.908325
66.7858
65.360504
65.10896
62.780148
-54.952843
-54.333897
60.172222
-52.86624
57.426254
-51.756077
-49.102257
-47.596035
-41.468624
-39.79984
-45.675835
-38.33846
35.22046
52.937855
51.354416
54.5446
-35.717953
32.449898
38.108147
40.10835
-31.39102
29.739681
46.997654
-29.494896
44.629295
-27.139538
21.854809
19.105387
-24.40986
3.0744479
5.706942
-0.012437194
16.520294
0.6359973
-9.662243
-12.353715
-7.1105576
8.402293
55.413513
-17.361448
-14.820436
-1.8979708
-50.13102
13.818827
-22.36446
-45.033722
48.105442
24.441046
42.42954
-19.777199
-4.448718
26.97145
11.16772
-33.622578
