371.98886
185.05705
131.71733
103.93694
93.09144
71.65109
50.512917
38.2386
28.055569
24.81115
20.392885
15.970327
14.670027
13.589914
9.976757
9.074584
8.717837
7.0910068
6.28621
5.543575
5.365105
-4.4275894
4.886884
4.784084
4.603917
4.392147
-4.0826
-3.952783
-3.8008602
4.0921073
-3.6200929
-3.5842547
-3.4793577
4.014241
3.899107
3.606036
3.684089
3.523522
3.504569
3.3683004
-3.3143177
-3.1975446
-3.2394173
-3.0360467
-2.9641314
-2.9045172
-3.0020118
3.2420275
3.1893888
3.0240707
3.109688
2.9810846
2.7200136
2.8194778
-2.8010974
-2.601931
-2.6624072
-2.7568705
2.5718503
2.433695
2.354687
-2.5135045
-2.3889368
-2.1799932
-2.321189
2.1009462
2.001285
2.237111
1.8165561
-2.0967734
-1.927957
-1.7830175
-2.0248697
-1.6636139
-1.5389594
1.2877618
1.4357886
1.5649788
1.7003281
1.1512285
-1.0349602
-0.91854024
-1.4241735
-0.36780062
-0.23177393
-0.00031051663
-1.311554
-0.509147
-0.095720336
-0.7774141
-1.1686044
0.04335547
0.5974359
0.7360873
0.45753774
0.3146512
1.0153766
0.1756496
0.87785846
-0.6460446
