815.6885
698.1162
540.3316
493.99622
359.21454
335.98904
276.79675
265.67184
217.7791
150.59811
124.822136
116.10434
108.467514
107.15246
97.00874
95.007805
93.06386
91.24793
87.85116
78.876915
74.24619
72.85208
70.24678
63.61257
-38.185425
59.8044
55.62758
52.101532
46.082863
44.539204
42.100636
38.69276
36.071156
-20.8325
30.83819
29.814056
28.530579
27.860014
26.049467
-19.550278
-18.83062
-18.078388
24.663425
24.101278
22.356106
21.597734
21.243843
20.301281
19.922716
-16.96462
-16.621273
-16.457724
19.604212
18.853409
18.269598
-15.319754
-15.4524765
-15.6796465
16.976873
-14.627572
16.364613
-14.015895
-13.679558
15.424999
-13.168274
15.102306
13.575123
12.962955
-12.692929
12.019992
-8.190093
-8.90986
-11.675021
-10.403711
-11.096372
10.32219
-7.5751686
9.19943
-6.701745
-4.2998753
-3.4722137
0.02466448
-0.03421578
0.8141602
-0.8192097
4.576607
-12.031856
8.293046
5.5289593
-5.129505
1.7382919
-2.6110337
-9.74104
3.551927
6.38828
7.299487
2.6770158
-1.7310876
-5.9537125
11.110789
