382.36322
201.81024
109.63988
86.71275
46.437645
42.23513
31.835257
30.880756
27.495974
25.88753
23.20048
20.555653
18.866697
15.713181
12.882048
12.119751
10.495278
9.08851
8.320308
7.5186505
7.1275363
6.4436865
5.8811297
5.5913997
4.997898
4.6929016
-4.177097
-4.050355
-3.9960525
-3.7726712
4.7877975
4.4156985
4.306282
4.249269
4.087782
-3.5364501
-3.4261677
3.8873706
3.7211118
3.6727905
3.6188772
3.4842088
3.5629535
-3.3187466
-3.2640958
-3.2135124
-3.159429
-3.1010623
3.3172598
3.0248163
3.1547344
3.2001169
2.8771098
2.760679
-2.9813373
-2.9658146
-2.859102
-2.8351796
-2.7064066
2.6405265
2.3713865
2.2277646
2.078322
-2.6632721
-2.6098804
-2.4101863
2.5078964
-2.2966647
-2.221079
-2.1088188
1.9429791
1.3440288
1.6469404
1.5008245
1.1852374
-1.7761247
-1.6586195
-1.1272372
-0.9997533
-0.8544153
0.74481195
0.5967634
-0.13838494
-0.0037746641
-2.0157168
-1.5238869
-0.28408864
0.0065295207
0.89180785
0.44401932
-1.2718426
-0.71666694
-1.8725278
-0.43068153
1.7892292
0.14486282
0.2930064
1.0374908
-0.57432973
-1.3903582
