2227.9204
1655.0768
1275.663
1151.6594
911.0093
667.7729
580.42993
417.59103
347.74133
298.3784
253.727
240.38342
226.18303
217.3021
201.92801
191.86264
-120.827736
184.6797
173.2938
163.17227
156.96255
148.9337
145.96455
144.72531
-114.05385
139.6887
129.60173
-104.08318
-103.37954
-99.795525
-96.372826
-91.091805
119.72257
117.89732
115.66275
111.40246
108.24781
-88.56004
-87.45164
-85.25115
-83.332344
105.690704
106.30025
101.240364
100.301704
-80.71462
95.78055
-79.14931
-76.944626
-76.08786
92.05661
84.54696
87.13232
81.55478
-69.590645
-63.0639
-58.966946
-56.47629
-53.26904
77.54459
70.362
68.001114
-67.82243
-50.86915
-44.33494
47.413086
43.461884
62.562508
-40.902065
39.189564
-37.49851
50.91816
31.297712
27.321558
23.426256
-26.84934
-23.32053
-19.871487
0.02883121
19.37468
-0.5386727
3.0202081
-16.089615
-34.07869
-4.102613
7.2402005
89.9775
-72.71142
-12.366462
15.4776
55.855377
59.3992
74.825035
-73.264
-8.368754
11.462103
-66.00697
-47.342247
-30.827917
35.32306
