118.28771
82.67188
49.186733
38.40122
35.825848
28.751345
25.180016
23.22605
21.088715
17.514174
12.8744545
12.005904
10.038375
9.786352
8.689466
7.899047
7.3225565
6.6825333
5.9695826
4.889735
4.6693316
4.3265266
3.823813
3.3288596
2.8436084
2.7082465
2.4759014
2.4461255
2.2130976
2.1405978
2.0243716
1.8920554
1.8368334
1.7679464
1.718993
1.5274832
1.5089369
1.4017407
-1.2199956
1.3673781
-1.0772965
-1.0690969
1.2538962
1.187017
1.2163674
1.2226658
-1.038882
-1.001256
1.1286013
1.1117392
1.085658
-0.97819877
-0.95730096
1.0199836
1.0010874
0.9484855
0.8508425
0.8123951
-0.92457724
-0.8799177
-0.89005905
-0.89881295
0.9011674
0.76199025
0.69763047
0.54540473
0.5955394
-0.8489445
-0.7541899
-0.737207
-0.7045346
-0.66424596
-0.6257478
0.4893395
-0.592035
0.43109614
0.3225916
-0.7975355
-0.4661229
-0.5108198
-0.41211858
0.26858088
-0.2792005
-0.23078667
0.65584546
0.2173668
-0.53831977
-0.034335904
-0.00027763244
-0.377753
-0.3263623
0.112945974
-0.08428548
0.058415394
0.011775161
-0.8189267
0.37567535
0.16620955
-0.13671239
-0.18451998
