186.31883
110.689995
53.107624
40.3659
15.664242
14.28352
11.826587
10.9853735
8.9275
8.66689
7.8447704
6.755435
6.0378904
5.412976
4.78136
4.6089196
4.156218
3.7454622
3.3374944
3.2241495
3.0245817
2.8945482
2.7562525
2.7473524
2.558856
2.534007
2.3508844
2.1394703
2.0311399
2.0748818
-1.4840342
-1.4279362
-1.3583853
1.8942983
1.7908977
1.6916584
1.7329309
1.6048203
1.4701654
-1.3295591
-1.2462897
-1.2146701
1.4443972
1.4116614
-1.1943027
-1.182124
-1.1391517
1.3794435
1.3249304
-1.0743088
1.2712109
1.2034708
-1.0638725
-1.0470315
-1.0242037
-1.0020443
1.1400882
1.0917834
1.0508767
-0.9389972
-0.9100501
0.985847
1.1581739
0.96125156
-0.87089765
-0.9743289
0.8860524
0.79174614
0.7273495
-0.8183423
-0.7837231
-0.7513629
0.6599314
0.42715183
0.48916438
-0.71729296
-0.5686642
-0.5135209
-0.46211112
-0.41348758
0.36688524
-0.25709334
0.07334162
-0.20143817
-0.14687961
-0.00011373687
0.019865151
-0.61633563
0.18909195
0.30526212
0.12967247
0.6047975
-0.6535367
-0.09067794
0.5425999
-0.3097742
-0.3626988
-0.03673573
0.24595258
0.8398853
