642.91974
579.0961
532.28424
447.38766
403.16663
300.22357
223.5994
198.924
192.71617
148.85284
136.27351
127.515114
103.92332
98.40342
90.4529
-61.461876
74.32354
69.53975
63.19572
59.397488
55.44483
-44.758713
52.361065
-41.430336
47.70577
45.451088
-39.371918
-36.797657
-35.5921
42.608044
40.72815
39.268345
37.63142
36.27854
35.33191
34.31473
-33.805504
-34.44279
-31.694822
-31.422462
-30.526115
32.873493
32.588127
32.213608
-29.379484
-29.940937
-27.861979
31.202736
29.744364
30.092758
-27.429289
-26.84709
28.104904
27.509573
25.437933
26.68727
-26.05685
-25.42228
-24.438622
-23.624346
23.963255
20.53346
21.756247
23.30763
19.67023
-22.681444
15.752983
14.428128
18.067865
-19.006292
-19.96193
-20.814367
13.129487
-17.674143
11.640556
-15.643429
-14.6032915
-13.184237
-12.089839
7.6033487
6.2524996
17.245295
8.957692
4.8609047
0.0022349358
-8.356866
-7.0486317
-9.575136
-0.47365394
0.7582923
-1.7370462
2.1037025
-5.751933
-16.785295
3.5188057
-3.1250453
10.279293
-10.841132
-4.475236
-22.251682
