2086.2407
1583.2894
1111.8207
826.1177
752.1318
649.5581
485.48486
414.02008
332.7106
308.4584
292.12564
303.15036
253.20395
238.4922
214.25325
194.30447
178.29042
171.39088
142.92285
133.57974
115.14352
103.63721
103.29572
85.63297
80.8524
76.06811
74.0425
65.428604
-53.878883
-51.053722
-47.603397
58.80086
56.161827
54.33364
53.32681
-46.959377
-44.97595
-43.20097
50.605743
48.659477
-41.837543
-41.167046
-39.93383
48.77753
45.140705
43.647133
-38.43434
-37.498642
-36.69328
43.04608
41.620453
40.90717
-35.09794
-34.177273
-33.42905
39.09298
37.67374
36.12362
-32.38957
-29.678316
-30.942247
34.662037
31.750757
-27.017515
-25.099686
-24.228815
33.64788
30.617237
-27.999353
-22.09478
-17.486977
-15.877018
-14.050907
-7.0527864
-8.801864
-10.63309
28.539528
-5.212635
-0.016009675
5.873973
3.9208627
2.003313
0.29306778
-31.679659
9.75626
-19.200796
21.308128
15.440002
13.45017
11.627515
23.153618
25.096281
-3.30861
-1.4452215
19.026077
26.68373
17.448233
-20.698462
-12.372338
7.7779016
