1172.0876
682.0105
492.0449
453.4902
429.02887
404.29706
358.54855
337.1862
316.47095
290.36667
-206.81454
-187.72334
271.86337
263.56082
248.83636
244.69286
238.3599
227.26585
220.25233
211.89534
-179.37537
-166.84338
208.76253
202.55695
201.20262
194.23306
-160.41624
188.77007
186.14182
180.9439
-152.84666
177.0888
-148.22974
-140.35852
168.46027
169.45694
-135.34065
-138.77335
162.73058
161.39873
155.60768
-130.86003
-131.47003
151.12566
-127.11484
147.55417
-123.88029
-119.75163
141.50706
138.10706
133.9499
-117.98008
-112.998535
-109.866875
-106.76467
116.646805
111.66828
77.19597
82.72404
88.811844
105.0906
100.24156
-100.49546
70.79842
-95.018875
123.01576
-87.4778
-1.5004218
3.347863
0.024856547
-7.5593057
52.689766
33.966873
28.243696
9.640781
40.273792
-91.017746
-82.18291
-19.7692
46.169964
-30.777542
-57.965164
-63.326195
-36.58578
-41.829037
-53.043842
-68.32601
15.810368
-73.72748
-25.408041
64.93231
58.861732
-77.69328
-47.611107
129.05414
-115.36492
-103.25452
95.55616
22.252567
-13.78983
