379.36847
230.98079
173.44353
117.74602
73.9043
62.51867
53.07106
49.79147
44.270042
31.065134
24.266
20.743595
18.841934
17.331442
17.56025
15.420211
13.533973
12.417733
12.187637
12.15088
10.48749
9.163331
8.483242
7.186934
6.341379
5.936517
5.7956486
5.4306726
5.293365
4.9771605
-4.634217
-4.510481
-4.433693
4.691035
4.4822316
4.346172
-4.206584
-4.1481347
-4.076022
-4.005114
4.289918
4.2172356
4.1486187
-3.9133682
3.9562528
-3.7212582
3.8527682
3.7759523
-3.642285
3.648813
3.4109406
-3.5377445
-3.472991
-3.4382923
3.2643454
-3.348598
3.1569319
2.6595862
2.9153173
-3.2328904
-3.049702
-3.1216946
2.5133114
2.3593626
-2.961011
-2.82283
-2.5996332
2.8389084
2.0128958
1.8151743
1.6476222
1.4702542
-2.4871678
-2.7218783
0.9442879
1.1212624
2.171731
0.772216
0.5929737
-0.00015065
-0.10085228
-1.895634
0.07599681
-2.0578837
-0.2659887
-1.1029019
-1.7234492
-2.270325
-2.1626105
-1.262238
-0.94837177
-0.4347834
-1.5981302
-0.77416563
0.23984759
0.41567498
-0.6116277
-1.4098698
1.2972091
3.5627992
