284.95972
229.26921
136.33492
102.21702
66.81544
55.983555
39.197372
38.18231
31.1698
25.981834
24.52815
19.525597
17.988747
14.225056
13.649603
10.573739
10.453573
9.17051
7.863541
7.2000494
6.4681935
6.03113
5.7895026
4.8375607
-4.0416775
-3.927577
4.5910244
4.3657126
4.199202
4.101547
-3.6126232
-3.5077903
-3.3982904
-3.2389233
-3.0952008
-3.1419644
3.7733245
3.7128832
3.5533667
3.6149433
-3.005874
-2.9346569
-2.8566828
-2.7860973
3.6030285
3.4211774
3.265001
-2.766495
3.193147
-2.6839447
-2.5808246
-2.5207047
3.0973864
2.910546
2.8161771
-2.4495633
-2.3430643
2.6748676
2.6166694
3.0459669
-2.2888505
2.4951754
2.4010618
2.3038685
-2.098217
2.0328608
1.9067175
-2.1834948
-1.9569501
1.7619507
-1.2974097
-1.4251909
-1.5371721
-1.7841132
2.1822443
1.6212622
-1.8553016
-1.1821235
-0.54721546
-0.6779078
-0.8038829
-0.4173401
1.4907372
-1.0626056
0.24283907
0.107717104
0.0010035577
1.2214124
-0.021151958
0.38647446
0.9320308
1.0779188
-0.28052256
-1.6790985
0.80370194
0.5206472
0.6582002
-0.93684494
1.3352227
-0.1433221
