2564.816
1684.43
1300.8234
1244.3466
985.8256
742.9895
687.31177
655.43274
487.13293
408.6786
349.3749
303.04144
282.07547
261.0251
255.06549
199.24072
193.92194
183.4335
170.30368
152.3514
144.52258
134.7816
129.78804
120.1404
114.08897
111.1072
107.08937
96.54358
95.80354
89.46846
86.3489
76.57415
70.69387
65.2487
63.698833
60.141945
-44.178272
-43.533073
53.742687
54.56504
50.803085
48.51355
-40.473763
-38.343193
-36.482853
-35.597023
-35.099342
-34.990124
44.64432
41.378456
42.8611
42.689926
39.70919
38.84308
-33.140408
-32.51323
-31.524908
34.277775
32.22749
-30.890888
-30.094435
36.306328
30.58373
25.023874
27.110031
36.691628
23.213398
-29.24486
-23.556736
-24.657629
-25.824488
-28.181381
29.129972
-21.910196
21.12594
-27.435432
-17.541376
-15.760828
-18.933653
17.381258
-14.111687
15.401263
13.468014
-20.388365
-12.43867
-9.050191
11.5176525
-7.285104
19.322004
-5.4317937
5.537569
7.5390406
-3.5846553
3.607727
1.7111644
-0.09040384
0.063539974
-1.7417096
9.39589
-10.763931
