769.1533
631.57996
557.26776
526.27997
477.04666
400.45563
316.37482
281.09927
234.65997
90.385124
85.03506
78.77164
71.72071
69.41482
66.82327
-33.954815
62.27522
58.88637
56.9364
55.23659
55.039642
52.04171
50.73768
49.095062
49.46621
46.508236
45.197376
42.42712
42.68197
41.485504
40.44025
39.921787
39.337402
37.879368
36.347767
-19.949688
-19.173138
35.612972
34.319366
33.690453
33.333828
-17.79609
-17.13416
-17.041212
-16.637281
-16.280891
32.261402
26.332682
27.047129
28.641521
25.38517
23.287735
-15.301134
-14.829189
22.294498
-15.867677
-14.282408
-13.918734
20.695063
19.882256
-13.494817
-10.979758
-11.540199
-10.213093
10.598395
8.222249
9.371809
-9.406968
15.462975
7.136516
13.904394
5.9633026
0.0011387338
-4.1936493
-3.297507
-6.965504
-6.103027
0.590826
1.6002406
-0.35340452
-5.1566186
12.967331
17.595928
2.6913943
-12.194305
16.247513
-8.549658
-1.2974358
3.7509022
29.592295
30.949444
-12.831372
18.56642
-15.667208
4.8551474
29.975231
-2.312487
-7.794098
24.16195
11.610844
