513.5824
393.72177
295.58713
325.4295
196.33136
188.95453
166.93497
120.27985
116.016495
111.992165
89.58014
91.242615
77.055145
70.45077
63.268593
61.63279
54.342926
50.04123
46.821037
42.808983
40.26018
38.114513
35.60786
33.202164
32.086346
30.977802
-23.0736
-22.178795
-21.567667
28.768236
26.533466
26.092005
-20.522013
-19.913887
-18.819801
23.500631
23.011765
22.27816
22.412912
-17.997341
-17.748861
-17.461872
21.15007
20.916826
20.202589
19.58189
-17.139193
-16.841412
-16.42291
19.020706
-15.395991
-15.640527
-15.094978
18.26356
17.749481
17.2193
-14.196637
16.730442
-13.700692
15.696836
-14.915959
14.938788
-12.931939
-12.464245
12.841216
12.228287
11.249161
10.3969555
9.6708355
-11.399224
-10.786675
7.9595714
6.3347454
7.0847664
-9.957924
-9.492203
14.491841
-8.021897
-7.4049726
2.9501588
3.768287
5.3773685
2.0927308
-6.6230288
1.2037047
-11.984973
-2.7856815
-5.8794746
-3.5691824
13.922911
0.4067246
0.0005673423
-1.981543
-1.1074389
-4.311215
-5.1117353
-0.34079778
-8.759009
8.790659
4.597637
