4053.2886
2877.9521
2265.7751
1856.7054
1679.051
1150.4142
903.67596
745.7797
631.0519
585.6845
413.73306
409.07962
356.53723
338.24573
310.84964
305.65143
281.12302
264.00345
241.71785
233.33217
206.91031
191.11629
180.86797
169.04463
159.83087
-113.252686
141.35214
138.2766
135.84589
122.9521
112.886955
115.09568
-87.01263
-84.959274
-81.21924
-77.67081
96.72675
93.986336
91.58643
86.70341
84.03546
-75.3102
-73.41671
81.13421
78.982925
76.878395
74.786514
73.61675
-70.622665
-68.50059
-66.837296
-65.60679
68.01564
71.47764
64.03569
63.209812
-63.349342
-62.526848
44.035286
46.748695
55.14508
53.59431
59.64044
-60.783012
-56.414566
-57.947807
40.213875
-46.97609
-54.02023
-59.549393
36.744507
29.872864
-44.144638
-48.66386
-41.68609
26.485565
22.993584
-35.64813
-33.00661
5.530537
9.121255
-29.84061
0.008170553
-51.400322
-26.857986
19.569511
2.0962825
12.630054
-17.664469
-14.4002695
-1.0445615
-38.631664
-11.103283
-24.033644
-20.836088
-7.675734
-4.2248774
33.784092
16.113527
50.277554
