5.892314e-08
3.7538417e-08
8.1837285e-08
9.2583484e-08
9.8749385e-12
3.272632e-08
1.4792457e-09
9.422921e-08
5.8932706e-08
3.286438e-08
2.0922425e-07
1.3326009e-07
1.6497903e-09
2.004002e-07
5.816089e-08
3.1682063e-08
2.9146566e-08
3.284555e-08
5.646382e-08
4.7718057e-08
3.722489e-08
2.868721e-07
3.3416669e-07
1.05718385e-08
4.5250695e-07
4.5268035e-07
1.2721683e-09
5.728601e-07
1.5509716e-08
4.7587312e-07
1.3189817e-08
4.4560025e-07
2.0040238e-08
4.141406e-09
1.2392726e-07
3.187591e-08
4.3436142e-08
3.0245167e-07
8.681428e-08
3.142286e-07
5.3254587e-07
5.405817e-07
1.1287892e-07
2.3996963e-08
1.9735923e-07
4.2877446e-07
1.3816615e-06
8.391189e-11
1.8811677e-06
7.3142576e-07
1.4857736e-07
1.3338595e-07
8.2888745e-09
2.7605188e-07
9.900948e-07
3.8155773e-07
5.299059e-07
2.0335856e-06
1.2912747e-06
5.7041557e-06
2.4140357e-08
5.1235106e-06
4.672202e-06
1.559262e-05
1.3999343e-05
1.2787486e-07
3.899412e-07
1.1751885e-06
2.7931519e-05
2.6106548e-07
0.00012973647
0.0002697894
0.00011863577
6.312249e-07
2.8330991e-05
8.468912e-06
0.00034580642
4.4601857e-05
4.5033767e-06
2.9280166e-06
0.00047122652
4.4415854e-05
8.864573e-07
3.1249265e-06
0.0013522741
1.9118504e-06
0.8568949
0.25205693
4.892628e-06
6.325359e-05
6.164498e-07
1.6812712e-05
1.5563313e-06
6.964541e-05
1.8110501e-06
4.451475e-06
1.4068165e-06
0.0009719312
1.1758365e-05
5.152362e-08
