1.7924865e-08
3.116306e-08
2.0625189e-10
2.0026381e-07
3.3298853e-08
1.2170041e-07
9.119227e-11
1.002155e-08
3.7396763e-08
1.3350405e-07
2.6324605e-08
8.250657e-09
2.8996308e-08
5.5112448e-08
1.7518339e-07
3.1555123e-09
4.861245e-08
3.203921e-08
4.5417767e-08
2.3732883e-07
1.7476722e-07
3.508265e-07
4.7550233e-07
5.4995786e-09
2.1604627e-07
1.2021678e-07
1.7127299e-07
6.303355e-08
2.648686e-07
4.312114e-07
4.9026886e-07
3.21707e-07
8.202448e-08
5.439809e-08
6.244996e-07
3.1821588e-07
3.830553e-07
2.017922e-07
8.910705e-08
7.208371e-07
1.9897386e-07
1.8193666e-07
7.649354e-07
2.3525432e-08
3.516587e-07
1.2239379e-07
2.0713932e-07
9.1068024e-08
7.206858e-08
5.946771e-07
4.521997e-07
2.804234e-07
5.428006e-07
3.4103414e-07
8.110475e-07
6.3992786e-07
1.8200883e-07
5.944831e-07
2.9847615e-07
2.3243429e-06
3.7079283e-06
1.6275345e-06
4.1601263e-07
3.3063768e-07
8.609483e-06
1.7823742e-05
5.082045e-07
8.909274e-06
6.179044e-05
2.4940002e-07
6.312767e-07
0.000462251
0.0002667481
9.1929456e-07
4.0732854e-07
1.3046359e-06
0.0018962806
0.9429702
0.13980292
0.00015592396
1.175768e-06
2.6242706e-06
0.00012957805
0.00010223549
1.9899093e-05
3.8371596e-05
9.207409e-05
6.0992465e-07
8.749243e-06
1.767786e-06
0.0047555375
6.1793526e-06
2.1368224e-07
1.1659845e-06
2.1306644e-06
4.9198636e-05
2.7236629e-06
0.0005093801
2.5068437e-05
3.909255e-06
