1.7228846e-08
2.222413e-09
5.1641205e-08
1.0684325e-08
4.3852535e-09
2.7712977e-08
1.0771827e-07
1.3816437e-10
5.7841664e-08
5.0296105e-09
7.386053e-08
2.8734263e-07
7.468679e-08
6.636184e-08
1.7683193e-07
3.4557853e-08
1.4356038e-07
1.0961321e-07
4.7945612e-08
2.3121513e-07
1.6283582e-07
3.5077083e-08
9.477871e-08
2.3859215e-07
3.050389e-07
6.045761e-08
4.976926e-08
7.515766e-09
8.219798e-08
1.2952754e-07
2.8676666e-08
1.846872e-08
1.5758749e-08
8.95103e-08
9.262745e-10
7.9699036e-10
5.26317e-09
1.2698469e-08
1.2086652e-07
2.8039497e-07
8.348111e-08
9.7290716e-08
2.687706e-07
1.53698e-07
3.113353e-07
1.4679861e-08
4.5096485e-08
3.750422e-07
3.818237e-07
1.5823018e-07
2.5358604e-08
1.1221698e-06
2.788831e-07
3.69818e-07
1.1945672e-06
9.724043e-07
3.913811e-07
1.0904038e-06
6.1792366e-06
6.085505e-06
1.688978e-06
4.5750983e-07
8.5013363e-07
1.5219533e-06
4.953776e-07
3.621668e-07
7.2102002e-06
7.8923595e-06
1.2765715e-05
4.0616396e-05
1.6894934e-06
4.137502e-07
2.3863859e-06
2.9875915e-05
2.4401356e-06
7.5904845e-06
8.522352e-06
6.07256e-06
0.00011583785
0.00010822661
0.0040658093
0.6222183
0.6781854
3.2319174e-05
1.7828363e-05
1.4536226e-06
0.00010220489
2.7378232e-05
7.705129e-05
1.1245384e-05
0.0010748478
1.5552529e-07
2.9440418e-05
0.00024708555
0.00039193017
3.6032964e-06
1.1119348e-05
2.0595437e-06
0.00015091321
5.928888e-07
