7.5596525e-09
1.1816745e-08
1.8594232e-08
3.3365897e-09
3.2678096e-10
1.0416545e-13
4.9114557e-10
7.344448e-08
8.558323e-08
4.7042136e-08
7.752065e-08
1.13172696e-07
6.2897465e-09
1.4156035e-07
2.966033e-07
1.3963409e-08
1.7089002e-10
8.0995355e-10
1.3703304e-08
9.8249096e-08
3.1202717e-08
1.7991827e-08
3.1488774e-08
4.2200508e-08
3.678874e-07
1.4168299e-07
8.0238514e-08
5.28859e-08
5.3049273e-08
1.1473735e-08
3.2491617e-08
1.2652512e-08
5.0241735e-09
1.7356882e-07
1.5265967e-07
4.296989e-09
1.5198331e-08
6.563887e-08
2.3747413e-07
7.580597e-08
6.9956066e-08
1.1845529e-10
3.0989517e-10
2.0785246e-08
1.6604741e-07
2.007392e-09
1.417071e-08
3.3763075e-07
4.6663683e-08
1.1777531e-08
9.14022e-08
2.2697294e-07
2.9600516e-08
1.0070515e-07
2.4036078e-07
9.311528e-07
2.6169303e-07
1.5682409e-07
2.1472549e-07
2.6059e-08
3.7458946e-08
1.1068007e-06
3.1968952e-06
1.8295045e-06
1.0721061e-06
5.365935e-07
1.7162216e-06
5.214793e-07
2.0584669e-06
5.4327515e-06
3.6759882e-08
8.673225e-07
4.717758e-07
3.4358163e-06
8.820177e-07
2.4232575e-06
3.3051392e-06
1.3167021e-05
7.761099e-06
4.9668957e-05
0.00014523363
0.9941095
2.4098194e-05
1.0892631e-05
9.225536e-06
7.257654e-05
8.204309e-05
0.0021240388
0.009642902
0.010964185
1.1399815e-05
0.0005041468
0.0010273851
1.47404e-06
5.3614476e-06
2.2939012e-05
0.00016684893
0.00026709508
4.123701e-06
5.45583e-05
