7.097826e-09
8.180845e-09
1.5183288e-08
2.5698945e-08
4.21691e-09
1.7820669e-09
6.519567e-08
9.853745e-08
4.1042987e-09
1.0395659e-09
1.580668e-10
2.5338008e-07
4.4556764e-08
2.1224476e-10
5.6729217e-09
1.1203289e-09
1.7808514e-08
5.0006888e-09
1.6441996e-07
5.3700518e-08
1.5247767e-08
5.777714e-08
7.413368e-08
3.1310995e-07
3.1617066e-07
2.1594661e-07
2.7576257e-09
3.2952814e-09
1.2516317e-08
6.982231e-08
7.916543e-08
3.009795e-07
3.455494e-07
1.15751526e-07
4.1355847e-07
3.7058583e-09
3.115561e-08
5.4760034e-07
2.4371144e-07
4.095181e-07
9.72488e-08
4.372055e-07
2.906933e-09
2.0223646e-07
9.5138596e-08
4.020228e-07
4.072957e-08
6.579608e-07
1.4734722e-07
4.5017342e-07
1.0043115e-06
2.9849814e-06
1.4950041e-06
3.529619e-06
5.222879e-08
6.7526537e-07
5.4825966e-07
5.952141e-06
4.701525e-06
9.099566e-06
2.5843136e-05
1.9422041e-05
5.5964705e-07
5.9496488e-05
2.9905768e-05
0.00018164862
0.00023960228
3.4954069e-06
1.5442481e-06
3.1775335e-06
0.00049526925
7.906026e-05
1.3627199e-06
0.00016438996
3.579136e-06
0.0008391733
2.3635532e-05
3.901996e-06
0.002731203
5.226625e-06
1.2195151e-05
1.4936838e-05
1.4916331e-05
4.0383244e-07
7.953232e-07
8.388737e-06
3.6018642e-07
4.4565357e-05
4.9237275e-07
4.4717748e-07
7.185867e-07
0.9037148
1.684548e-06
1.270947e-06
6.5698005e-05
3.4921476e-07
6.479263e-06
3.5963462e-06
9.240692e-05
0.3649399
