1.873298e-08
3.1029665e-10
6.706696e-08
1.2667537e-07
3.424271e-08
1.959897e-08
1.7098696e-08
1.4714775e-08
2.0695369e-08
3.8538616e-07
8.5153715e-08
2.6618034e-07
1.1795067e-08
6.289488e-09
4.8690287e-09
1.5981423e-11
6.181067e-09
3.3822637e-08
8.8670454e-08
6.9191857e-09
2.287799e-08
5.3209144e-09
3.92169e-08
3.404662e-08
6.41658e-08
1.458151e-07
1.5175988e-07
1.8233389e-07
4.1407182e-07
7.972201e-09
1.0571143e-08
3.147401e-07
4.441591e-07
1.7932477e-08
2.24404e-08
1.6604185e-08
2.3988187e-07
1.1133014e-07
8.448281e-08
2.3182269e-08
5.873269e-07
3.6639968e-08
6.2017716e-07
8.5317964e-08
1.564632e-07
1.6850915e-08
9.219596e-08
1.9056425e-07
5.495774e-07
3.636054e-07
1.10224754e-07
1.2604474e-08
7.145747e-08
3.186822e-07
1.2931761e-06
1.0417369e-06
6.504432e-07
8.4720597e-07
7.142306e-08
1.7889425e-08
1.2358714e-06
2.5038996e-06
5.7362417e-06
7.558891e-08
1.2884047e-06
6.6749208e-06
1.3320247e-05
1.7376872e-06
1.4700564e-06
6.033266e-07
9.561308e-05
2.4670033e-05
1.1554233e-06
2.3501636e-07
3.8566464e-05
1.3324078e-06
0.00031829052
0.0007757946
0.015553105
0.9933302
0.0006035561
1.793252e-06
6.9720704e-07
0.00056213763
0.022919402
3.0296944e-05
1.9959205e-06
2.4609656e-06
4.0942607e-05
2.1956941e-05
5.1124116e-06
1.4306647e-07
2.7377503e-06
0.00012647349
0.0005905644
6.544332e-06
8.913992e-06
6.910628e-05
3.3151167e-07
1.448335e-05
