2.449612e-08
2.0501748e-08
3.35718e-10
5.0913656e-08
3.5728746e-08
1.8532683e-08
2.032435e-08
1.2171902e-09
4.0398035e-08
3.792288e-08
3.6711023e-07
5.2283293e-09
9.477588e-08
7.383117e-09
5.732407e-08
6.4863726e-11
9.114853e-07
3.8330047e-08
2.8718558e-08
3.907048e-09
3.430021e-08
2.4612484e-07
5.3784544e-07
3.0344458e-07
2.3147936e-07
1.1935144e-07
3.6021856e-08
2.5855323e-07
2.5443745e-07
2.500742e-09
1.9253133e-07
3.1756397e-07
6.1049246e-07
1.2790671e-08
4.4425616e-07
3.662586e-07
3.1145066e-07
3.3134808e-07
4.8070575e-10
8.725214e-07
1.7610388e-08
3.117049e-08
8.150077e-08
6.1812244e-07
5.9647766e-07
3.2141844e-07
5.362527e-07
1.3781502e-07
2.2896242e-07
4.4134987e-07
2.187965e-07
5.3059846e-08
5.610472e-07
1.3382845e-06
7.088953e-07
9.825548e-07
1.6416717e-06
1.2682888e-08
9.769168e-08
2.862512e-06
2.0222615e-06
6.4180776e-06
9.2169485e-06
4.0596934e-08
3.534435e-07
1.9098503e-07
1.5807258e-06
1.6862733e-06
9.786453e-07
5.233221e-06
8.231258e-06
1.5175405e-06
3.820473e-06
9.160324e-06
5.7509205e-06
2.7296737e-06
6.85352e-05
2.4584388e-05
1.9365232e-05
6.7877285e-05
1.7477463e-05
6.012255e-05
9.298123e-05
1.0044075e-05
0.90449077
0.0012374282
0.42433208
2.359291e-05
5.3144802e-05
0.00050323666
0.0001778928
0.000109039545
0.0028619543
2.3349412e-05
0.00020685328
0.00021386742
5.328783e-06
8.497011e-07
2.5625508e-05
1.5208993e-06
