6.4009673e-09
1.1576201e-08
3.807536e-09
9.80476e-09
7.3364724e-11
4.9360434e-08
4.3885016e-09
4.3678686e-08
1.2489848e-07
8.872936e-08
4.7962406e-08
7.710276e-09
2.8721473e-08
1.8988402e-07
5.951174e-08
7.6122305e-08
2.2383666e-08
2.6285039e-09
7.980569e-08
4.7550097e-09
6.214044e-08
5.012427e-08
9.680554e-08
1.16382e-07
1.18740395e-07
6.924939e-08
5.703105e-08
1.1878507e-07
1.1930638e-07
2.3777137e-07
5.239908e-07
5.482423e-07
3.8962133e-07
1.1561874e-07
1.1222515e-07
3.668833e-08
8.185807e-08
2.0064779e-07
1.6330301e-07
2.9527698e-07
5.3365454e-07
6.7358165e-08
1.07042215e-08
1.1642646e-07
6.345428e-08
2.6965864e-07
1.7274564e-10
7.018691e-07
1.973092e-07
6.373662e-09
6.620538e-07
1.5303153e-06
1.0558263e-09
2.9968234e-08
1.0445964e-08
3.1075888e-07
4.3294264e-07
4.3030713e-08
3.212348e-07
1.4737749e-06
8.9604436e-07
1.0820185e-06
3.8100416e-07
1.2365275e-07
8.913883e-07
1.283517e-06
7.902502e-07
6.4441656e-07
2.979816e-06
7.417733e-07
3.7754046e-07
4.3284595e-06
6.5451684e-07
4.603064e-06
1.756806e-06
1.3245982e-06
2.7360977e-06
2.2798145e-06
1.0186607e-05
4.7777435e-06
3.5267353e-06
3.2920896e-05
4.3804286e-07
2.8850789e-05
0.00015028875
0.000112377405
5.079598e-05
0.00020453456
0.0011961325
1.9885574e-06
3.5043307e-05
0.0015927826
5.0442988e-05
0.00033089455
0.0046473383
0.97482866
0.27843308
3.9037836e-06
2.3594497e-05
7.3483493e-06
