5.896175e-10
6.985674e-09
3.155029e-09
4.972196e-09
7.750866e-09
2.6940182e-08
5.0621107e-09
3.7117065e-08
7.2834816e-08
2.212559e-07
1.634198e-08
1.08281526e-07
5.230247e-07
2.9117842e-08
3.589942e-11
2.804408e-07
3.539825e-08
1.1026368e-09
2.5331224e-09
2.8920914e-07
4.3390457e-07
3.1168452e-07
2.5699632e-07
2.9396537e-07
3.4389367e-07
4.0805796e-07
4.13444e-12
1.2760786e-08
6.63984e-11
5.8500416e-07
6.68402e-07
3.5347225e-07
4.2352376e-08
9.7880076e-08
4.8266518e-08
4.910485e-08
5.576398e-07
3.3536023e-07
1.2192558e-07
5.646935e-07
5.453325e-07
6.109901e-07
5.938605e-07
1.4927053e-08
2.0492035e-07
8.835338e-07
1.0660189e-06
3.645994e-07
9.626514e-07
6.2312785e-07
8.354336e-09
4.441131e-07
5.0854516e-07
1.9167742e-07
4.464218e-07
3.4155892e-07
8.974688e-07
3.7476653e-07
8.7789914e-07
1.5579683e-06
1.0107283e-07
1.0069057e-06
1.2201427e-06
1.7645018e-06
9.790991e-07
1.4418422e-06
1.8005171e-06
1.9032143e-06
5.4490474e-06
5.3243575e-06
1.0531537e-05
3.756094e-06
2.758175e-06
5.513095e-06
2.1466158e-05
2.3122195e-06
2.2364748e-05
5.2865507e-05
3.412018e-05
0.00019345248
1.3374488e-05
0.00021836045
9.491288e-05
0.0002720526
0.0006442353
0.9846028
2.8200218e-05
0.000546871
5.2027277e-05
1.1191773e-05
0.012045952
0.040964995
1.0211193e-06
2.850881e-07
4.0592595e-06
2.7171018e-07
1.45335e-06
8.662784e-06
0.0004403688
5.9788876e-05
