1.1336358e-08
3.1108538e-08
3.7372336e-09
7.97948e-08
2.998361e-08
7.34885e-08
1.0098769e-12
1.5514354e-10
3.2325236e-08
1.1874267e-10
2.9933264e-07
2.5229157e-08
1.4596043e-07
1.0153618e-07
1.924617e-09
9.177501e-08
4.06057e-09
2.552288e-07
1.99687e-07
8.555236e-08
1.4847693e-07
1.8528975e-07
2.3794664e-07
9.1724544e-08
9.414294e-08
1.0623544e-07
3.405268e-08
1.2912326e-07
1.2249939e-07
1.723398e-07
3.1672985e-07
5.345219e-07
3.6742023e-08
7.135565e-09
3.8394074e-07
4.866254e-09
6.535873e-08
2.2526693e-07
1.3568844e-07
1.5374114e-07
4.534935e-08
2.337821e-08
7.355896e-07
1.8999468e-07
1.5533537e-07
7.1708826e-07
5.2411565e-07
5.7092916e-07
1.502888e-07
3.43844e-07
1.47238515e-08
1.5907868e-06
2.8050886e-07
1.5960475e-07
4.3823178e-07
5.3837397e-07
1.3756727e-07
2.3704453e-07
1.5804407e-06
1.198039e-07
4.5615496e-07
4.5883007e-06
3.2941523e-06
1.7580923e-06
3.511332e-07
7.298751e-07
2.1742204e-07
1.4794665e-06
1.3348616e-06
1.6363687e-06
0.9952579
3.6809074e-06
1.114991e-05
6.6846465e-06
0.00023071634
0.0005030035
0.00049332547
0.0004550871
0.030130044
8.0952225e-07
3.3788725e-05
0.00023662762
2.7543642e-06
9.1561415e-06
5.0170183e-05
1.2957049e-05
5.7142493e-06
1.3560198e-05
3.1322514e-05
6.5341665e-05
0.00019464882
4.7019654e-05
2.0561121e-05
3.4604561e-06
7.05793e-07
4.493436e-07
3.848478e-05
6.7357337e-07
4.3772193e-06
0.018845329
