1.2632182e-08
2.3890907e-08
2.580945e-08
8.564549e-09
5.9129526e-08
8.701361e-09
8.454037e-08
4.5700506e-11
7.42638e-08
7.3161405e-10
5.983679e-09
3.8908604e-07
4.6766136e-08
3.2213716e-08
1.3958424e-07
4.9355485e-08
9.8564094e-08
8.288511e-08
1.7467896e-08
3.740521e-08
1.9393815e-07
1.3355006e-07
1.211272e-07
2.0525326e-07
3.6523568e-07
5.0611025e-08
2.88163e-07
7.0041732e-09
1.235828e-08
3.4266627e-08
6.915669e-08
1.4591382e-07
3.6462785e-07
3.313377e-07
5.864118e-07
3.4094296e-07
1.5751087e-07
1.7702666e-07
1.8776494e-07
1.1376081e-07
3.4075157e-07
1.2617026e-07
1.6250809e-07
2.4167028e-07
3.2278558e-07
4.462448e-07
2.448015e-07
1.1396338e-06
8.985109e-07
3.735038e-07
3.916651e-07
1.2578921e-06
6.0624217e-07
3.8492368e-07
2.5588128e-07
3.134866e-06
3.1852337e-06
4.617206e-08
3.8270346e-06
7.5265257e-06
3.5041915e-06
5.5385446e-08
5.325676e-07
5.0667416e-07
4.3074388e-07
6.3376547e-07
1.5406184e-05
7.441445e-05
0.00013681057
8.871301e-07
4.3464415e-06
5.364002e-05
1.995976e-06
0.9875159
2.1692479e-06
1.19398765e-05
7.1502914e-06
0.0512199
3.6329966e-05
1.9178578e-06
0.00036727538
0.00012779448
0.002811292
0.0030624203
1.0971448e-05
0.00017885979
3.8978153e-05
6.301612e-08
2.8762834e-05
4.2486525e-05
9.8986486e-05
7.3914356e-07
1.9119578e-05
2.262673e-07
1.609191e-07
3.071366e-07
4.2547526e-07
5.363723e-06
0.0009392586
2.2068573e-06
