2.4811625e-08
4.7871044e-08
4.1086157e-08
6.827141e-08
7.194008e-08
1.5446133e-07
9.4019e-11
5.3429947e-08
4.1071218e-08
3.3019617e-08
5.4088968e-08
3.1575713e-08
6.955468e-08
1.2185025e-07
4.998848e-09
1.592621e-07
1.0803247e-08
9.626392e-08
8.850507e-08
1.05108015e-07
6.770979e-07
4.4228563e-07
5.3302063e-08
1.0422317e-07
3.8992513e-07
3.8907507e-07
3.0636457e-08
3.2194766e-08
3.816482e-08
1.321951e-07
1.5926567e-07
1.9242424e-07
5.7773723e-11
3.2087694e-08
1.1482305e-08
1.7582461e-07
1.0123769e-07
2.7618188e-09
4.697225e-08
2.3800746e-07
1.00514356e-07
1.2212267e-07
1.4677185e-08
4.42266e-08
9.166761e-07
4.134166e-07
8.0302165e-08
1.2642741e-07
2.3887003e-07
8.627107e-07
3.9240012e-06
5.0694716e-06
9.229713e-06
3.8233343e-06
1.5041401e-05
3.3615763e-07
4.2050112e-07
3.276438e-06
3.636741e-05
6.090768e-05
8.892232e-09
2.8611134e-05
1.5755454e-08
0.98854643
2.4492036e-07
1.6978797e-06
9.748937e-05
0.0008166959
0.018438404
0.012792319
0.00019860256
0.00020080902
0.00015749727
5.380191e-05
3.9337753e-08
6.609287e-05
6.0868615e-07
1.1198875e-06
2.1502817e-06
9.119891e-07
5.092732e-05
1.9550794e-06
1.0562012e-05
4.859371e-06
4.9604414e-06
1.3320152e-06
1.6572378e-05
3.0394446e-07
6.295616e-07
1.7776415e-06
9.172269e-06
4.862899e-07
2.2779643e-05
1.3429532e-08
1.8350189e-06
5.1359837e-07
0.00085680874
1.0438328e-06
8.585759e-06
0.00014089207
