1.8646544e-08
3.076105e-08
3.5487325e-08
2.8182733e-08
3.752897e-08
5.3667837e-10
4.098942e-08
2.8773519e-08
1.3754499e-07
6.430355e-08
4.3814396e-08
2.7367546e-08
2.849067e-11
5.624092e-07
7.456676e-11
1.5436648e-07
7.371734e-08
1.5730663e-07
1.3477796e-07
3.0702137e-07
3.2738235e-08
1.3261513e-07
1.8845371e-07
2.2409968e-07
1.2034272e-10
1.6622997e-07
1.8392402e-07
2.1561706e-07
2.7147783e-07
1.9740386e-07
1.1681008e-07
1.4429557e-08
9.922664e-09
1.544639e-08
1.7046091e-07
2.3986618e-07
7.0738686e-09
1.5238895e-08
5.103948e-07
1.13567475e-08
1.2532394e-08
2.0506127e-08
1.12603956e-07
2.7803551e-07
1.536601e-09
3.7048442e-09
2.0415857e-07
4.304355e-07
3.9178593e-07
4.8523196e-07
3.9924242e-07
2.542795e-07
2.4546037e-07
1.4884351e-08
2.347764e-07
1.5961863e-08
2.8510397e-07
5.096771e-07
2.471399e-07
1.045076e-06
1.6828736e-07
5.689593e-07
1.9645709e-06
4.1499015e-06
1.4054018e-05
6.938756e-06
9.744364e-06
0.0022091998
0.921483
0.17933546
0.0035349692
6.003838e-08
4.481702e-05
8.588593e-05
0.00046020836
5.5186815e-06
0.000107595784
2.8501247e-06
9.014479e-05
3.6789952e-05
1.9508616e-05
2.4517583e-06
1.320169e-06
7.8764305e-07
1.0094822e-06
1.2823524e-05
2.6390014e-06
0.0002924299
1.5784732e-06
4.5226062e-07
4.3469555e-08
6.088828e-08
2.5156956e-07
1.2929701e-06
1.610306e-05
1.5024998e-06
6.365582e-08
4.121469e-05
0.0001677986
7.426247e-06
