3.1419905e-08
2.7909127e-08
5.061361e-08
6.1084386e-08
8.911724e-09
1.6648433e-07
2.8443099e-08
9.5082065e-08
1.2349679e-07
1.0109885e-07
2.1583438e-07
7.445456e-08
4.8386365e-08
1.1311871e-09
8.093618e-08
7.880792e-08
2.7749064e-07
3.5777795e-08
5.4566883e-08
2.0324202e-09
1.34254e-08
3.0937144e-07
3.1889843e-07
3.4015682e-07
4.031522e-07
4.720445e-07
4.8016096e-07
3.0809665e-07
2.1766411e-10
1.7076657e-07
1.4937599e-07
1.6859761e-07
6.982563e-08
9.6877116e-08
2.4168558e-09
4.448939e-07
7.248363e-08
1.5371084e-07
4.1781014e-08
1.7721785e-09
4.871318e-07
2.1705519e-07
5.2639195e-09
2.0130018e-07
3.3516739e-07
5.909341e-07
1.0478438e-09
1.2851602e-09
1.2631643e-08
3.2693984e-07
3.7525945e-07
8.5388365e-07
6.302479e-07
9.072008e-07
6.79456e-08
4.7316638e-07
1.8868022e-07
5.703925e-07
1.9192584e-07
2.3148165e-07
5.9563183e-07
3.135193e-07
1.290623e-07
1.9552108e-06
7.450908e-07
3.682752e-07
2.2944469e-06
8.949931e-07
8.191792e-06
1.8098452e-06
1.6029894e-06
2.3297729e-05
4.4475982e-07
8.7846054e-08
1.1289267e-06
7.5497956e-06
1.1093128e-06
5.6248115e-07
5.244028e-06
2.1145906e-06
4.7297184e-05
4.311574e-05
0.00019574746
5.9571794e-06
0.00024262618
1.8535216e-06
7.839424e-06
5.096786e-05
8.845071e-06
0.0002105553
0.00015433128
0.0007742392
0.0019044664
0.98956925
0.040818457
2.8028855e-05
0.004506966
4.4506312e-05
0.000102112965
2.6324783e-06
