2.1600126e-09
3.0220335e-08
3.6950814e-09
4.632005e-08
6.5375346e-08
2.806503e-08
1.3998877e-07
9.362031e-08
2.780965e-08
1.0276168e-08
1.177214e-07
2.3711519e-07
1.8076378e-08
2.258645e-08
1.4093627e-07
2.4454332e-08
2.2738204e-08
2.4570527e-08
3.591773e-08
3.560468e-08
1.5157201e-07
7.498048e-08
7.995625e-08
1.1860232e-07
2.513847e-07
3.1052002e-07
1.8563267e-07
3.916216e-09
6.904023e-08
5.183722e-07
4.859898e-07
1.082478e-06
5.78814e-09
4.9461523e-08
2.2620563e-09
1.38754315e-08
3.04737e-08
7.521785e-08
2.0936358e-08
2.7788062e-08
4.3778377e-07
7.943397e-07
2.4363604e-07
2.14659e-08
4.0866598e-07
1.3176786e-10
8.4639986e-08
2.0547744e-09
1.3958794e-07
8.390261e-08
8.745115e-08
4.976301e-07
1.14176004e-07
9.8911116e-08
1.939222e-07
9.2182404e-07
1.2933378e-07
8.4906975e-07
4.3940074e-07
1.2841933e-07
4.1641746e-07
6.257832e-07
1.820881e-06
5.2810087e-06
4.8508696e-06
2.6889174e-07
9.593342e-06
1.2785038e-05
2.656111e-05
6.1774136e-07
1.6608267e-06
2.0175423e-05
0.0001074451
0.7131998
1.4226598e-07
9.207813e-08
0.00013284903
0.0049508605
0.3515819
1.148639e-06
4.5187408e-05
3.3726228e-06
0.00012281256
3.8998358e-05
0.0009726509
1.831803e-05
2.8192815e-06
0.00027832016
6.216472e-05
2.1913143e-06
1.1359879e-06
2.2596592e-05
1.3826275e-06
1.5289377e-06
1.0003662e-06
0.00038166126
2.8430782e-06
0.00010167328
4.2145502e-06
8.650287e-06
