2.7286715e-08
5.661506e-08
8.125992e-08
9.409671e-08
1.4278126e-07
2.1866887e-07
2.9598573e-07
4.1494948e-07
5.3644436e-07
8.878345e-07
1.1968045e-06
1.9082702e-06
2.9751309e-06
3.7641737e-06
4.0865552e-06
4.3072e-06
4.8761012e-06
5.3712306e-06
5.745884e-06
6.0832194e-06
7.042277e-06
7.893695e-06
8.3721525e-06
9.657112e-06
1.0493024e-05
1.1394083e-05
1.2000714e-05
1.258145e-05
1.3465684e-05
1.5071369e-05
4.824996e-05
1.584536e-05
1.6401675e-05
1.7731694e-05
2.1121175e-05
1.8467741e-05
1.877713e-05
6.972906e-05
7.841916e-05
7.832931e-05
2.0615602e-05
2.374362e-05
9.246029e-05
2.6997332e-05
2.7924412e-05
2.9234137e-05
9.783123e-05
7.065708e-05
3.0310919e-06
3.1496358e-05
0.00010337737
0.00010359519
3.330003e-05
7.028859e-06
1.0350991e-06
5.1283278e-06
2.6730252e-06
8.192852e-06
3.1317185e-07
7.3220116e-07
3.8069007e-07
1.9580571e-05
2.0036414e-06
7.1744935e-06
3.3307348e-05
2.2245093e-05
1.288502e-05
1.3639519e-05
7.892254e-05
1.5867834e-05
1.15984485e-05
0.000110968664
2.3189106e-08
1.8692766e-05
1.626814e-05
0.00018879936
0.0004673838
0.004822664
0.04733746
0.9983289
8.0481465e-07
0.00016900136
0.00011104594
1.0346698e-05
1.5445754e-05
3.4057877e-05
0.13126916
0.0015530611
0.0071528167
0.0003751851
4.9742168e-05
0.00072104385
1.2703126e-05
0.0007479562
0.0017169083
5.3172913e-05
3.1000436e-05
2.5600428e-05
9.04347e-07
5.1224233e-05
