2.2684151e-08
4.981553e-08
1.6640337e-09
3.3514162e-08
7.84152e-08
9.2584244e-08
2.1287312e-07
1.2790916e-07
2.8780864e-09
1.4365735e-07
1.91171e-07
8.991073e-08
5.294316e-07
4.821244e-08
5.8645817e-08
4.00195e-08
2.2356454e-07
2.5083753e-07
3.966675e-07
2.1544313e-08
4.0156408e-08
1.2421586e-07
9.541388e-07
1.0880268e-07
1.2006751e-07
1.0637028e-07
1.9719866e-07
5.431635e-07
3.5085546e-07
2.4278256e-07
3.0039558e-07
3.3509156e-07
1.4186945e-07
1.8035675e-09
3.934498e-07
5.763582e-07
1.9531882e-08
5.7109304e-07
1.03947795e-10
3.0319094e-07
3.783789e-07
1.6524578e-07
8.066316e-08
4.7548188e-08
2.4878972e-07
1.5145248e-07
5.9939666e-08
5.960602e-07
4.8492677e-09
8.4740165e-10
2.3488407e-07
1.1460445e-07
5.240999e-08
1.8623753e-07
5.5066018e-08
1.7371023e-07
4.3615918e-07
4.7707954e-07
1.7762349e-07
4.857265e-07
2.0306284e-07
8.996665e-07
9.36249e-07
5.9999445e-07
5.34715e-07
2.8217775e-07
1.0494889e-06
2.165615e-07
4.950898e-07
2.3609841e-06
5.4233724e-06
1.1588488e-06
5.257654e-07
6.333548e-06
6.141906e-07
1.8297808e-06
3.3417204e-05
2.9353802e-07
4.1176427e-06
5.7406046e-06
5.10256e-06
1.3304309e-05
0.0001236662
0.00010112191
0.00015951142
6.2007034e-06
0.00020375679
4.3458018e-05
0.0005434612
1.7034516e-05
0.0005074694
0.00069172506
0.013280433
0.036799096
0.986653
8.5819227e-07
6.941758e-05
1.1259473e-07
2.7974424e-06
1.7244703e-05
