2.5669616e-08
7.700061e-08
5.0865587e-09
2.39449e-07
1.3520177e-07
8.426591e-08
1.2167143e-07
1.2573562e-07
2.06088e-07
2.9884714e-07
1.4024044e-08
5.2175213e-08
1.4445246e-07
1.8092732e-07
1.2798942e-08
1.7986274e-07
3.942437e-08
5.1491895e-08
6.0897825e-08
5.134695e-11
2.1615611e-07
1.1499062e-08
1.1012309e-07
3.0767197e-08
6.672786e-08
2.4730528e-07
5.6420983e-08
4.1025377e-08
5.7049028e-09
5.0631814e-07
2.1624048e-08
1.281589e-07
7.019007e-08
1.8629089e-07
4.616559e-08
3.441153e-07
4.837482e-07
6.246892e-07
3.0978572e-07
3.6984116e-07
1.5578199e-07
1.2879241e-06
1.8665102e-06
6.2881566e-07
1.0555374e-06
2.7108413e-07
8.3532433e-07
5.079403e-07
1.4770428e-07
8.093836e-07
1.5187164e-06
1.979746e-06
1.7470544e-06
3.990106e-07
1.0894018e-06
4.182905e-06
1.0544376e-06
2.729711e-06
1.7383386e-06
3.7041689e-06
2.2222766e-06
8.975307e-07
1.6445867e-06
6.915434e-06
3.2864875e-06
2.0676355e-06
9.54857e-06
1.7667537e-06
4.4690305e-06
8.945674e-06
1.6112666e-05
9.163675e-06
5.7060097e-06
8.13785e-06
9.039621e-06
3.6695496e-05
3.3166292e-05
4.5538007e-05
1.8833161e-06
6.232003e-05
2.0383579e-05
1.0866802e-05
0.0006346456
8.529777e-05
0.0001472697
1.9524748e-05
2.6641828e-05
0.0005286724
0.08636905
0.8147976
0.00022458678
0.005335719
0.00017107617
7.759977e-05
3.3051583e-06
1.3055988e-05
2.9411275e-08
4.1302454e-07
5.915579e-07
3.9958572e-06
