5.341176e-09
1.1832308e-08
5.2558478e-09
3.411051e-11
3.399263e-08
3.9530896e-08
5.635958e-08
4.145443e-08
5.5977512e-08
1.00130045e-07
2.8143972e-07
8.081809e-08
7.209138e-08
1.2931685e-07
1.0493e-07
2.2858632e-08
1.735085e-08
2.34577e-08
4.483975e-07
5.267306e-07
2.711465e-07
4.410285e-07
8.9402437e-07
3.3448055e-07
2.693709e-07
3.8422246e-07
3.829163e-07
5.4726337e-07
2.999548e-07
1.2603808e-09
8.5274476e-10
2.608734e-07
3.4676564e-09
2.4618683e-09
3.301821e-07
7.148013e-08
2.9604672e-08
7.111824e-08
5.7790604e-08
5.2501772e-08
1.5239071e-07
1.5377447e-08
7.419103e-08
4.395462e-07
5.7410404e-07
1.6020563e-07
1.6539998e-07
8.872807e-08
8.3129855e-08
2.0387762e-07
2.9054908e-07
4.2187898e-07
5.4169584e-07
4.5179024e-07
2.2636078e-08
5.022098e-07
2.7361403e-07
3.2940422e-09
1.4864062e-09
8.408522e-07
4.8350387e-07
8.83477e-07
3.0042472e-06
6.0051016e-06
1.367471e-07
2.2071127e-07
2.6637443e-07
3.9984557e-06
1.2242348e-05
4.5223456e-05
0.98299986
1.5888243e-07
0.0005771504
0.014668142
0.01562909
0.00014634864
0.00042811956
2.0250152e-06
3.7380363e-05
6.1558335e-06
1.4574215e-05
5.1293646e-06
7.1832807e-07
3.7317307e-07
3.3901378e-07
2.6073902e-05
0.000101560996
5.9774113e-05
3.516492e-06
1.0856003e-06
8.718205e-05
8.2763626e-07
9.0583264e-08
2.3281522e-05
7.681458e-08
1.4123654e-06
1.4027985e-05
7.316708e-06
6.600269e-07
0.0003891426
