2.6480087e-09
2.8315428e-08
1.294814e-08
3.8870713e-08
5.2929774e-08
9.6320754e-08
4.1546645e-08
1.9496444e-09
3.1929674e-09
3.830203e-09
1.3860124e-07
1.14785095e-07
6.78707e-08
9.9110914e-11
9.541522e-10
1.0582524e-09
3.661201e-08
1.4073325e-07
1.3200595e-07
4.5319112e-07
2.6145162e-07
1.651416e-07
8.8614335e-08
8.2723105e-08
8.460407e-08
3.3451448e-07
1.3513718e-07
2.8146363e-07
1.2121715e-08
6.356091e-08
3.001685e-07
6.5583663e-07
2.1423104e-07
4.3147377e-08
7.208447e-08
4.30233e-08
6.040305e-07
1.2593446e-07
2.1849092e-07
1.5178202e-07
4.2068386e-08
7.6638855e-08
3.123772e-07
9.228849e-08
4.1938492e-08
3.1053746e-10
1.2546718e-07
2.8771943e-08
3.9447153e-07
4.502521e-07
3.9745256e-08
5.682151e-07
3.8856274e-09
2.7998576e-07
8.270495e-07
4.407334e-08
2.8051414e-07
4.69263e-07
2.2258232e-07
1.3724203e-06
1.0227006e-06
1.2802675e-06
2.2898207e-06
8.232225e-09
6.8088406e-07
7.222657e-07
3.2281767e-07
4.510137e-07
9.894242e-07
4.127918e-06
3.2521011e-06
1.1671204e-05
1.3907499e-05
2.7872218e-06
1.8125331e-06
8.9223605e-08
6.2265826e-05
2.7459058e-05
2.387044e-06
6.3168794e-05
3.0595318e-06
2.8515104e-05
7.94827e-05
3.2510874e-05
4.3001874e-06
1.4554681e-05
0.00084905856
0.007030487
0.12833253
0.79053754
3.7251368e-06
0.00053446036
8.940314e-05
8.525019e-07
9.080862e-05
0.00015034602
0.0029473568
3.744466e-07
1.05761255e-05
1.4115869e-05
