2.5036051e-08
3.788508e-08
6.318109e-08
9.295182e-09
4.1691512e-09
1.0489083e-08
9.7374595e-08
1.5617476e-07
1.9349537e-08
9.749328e-09
5.7006016e-08
4.185226e-08
1.03538014e-07
1.5375208e-07
2.645254e-07
8.262033e-09
1.303618e-07
1.1968467e-07
9.747405e-08
3.137378e-08
3.1900438e-08
3.5840127e-08
1.7276075e-07
1.0725743e-07
3.9460737e-08
5.1429677e-08
8.7981976e-11
4.4957883e-08
5.4091966e-08
1.201067e-07
2.2380705e-07
1.4381638e-07
2.4118197e-07
1.3829293e-07
2.985098e-10
2.5579692e-07
2.283265e-07
3.8189242e-07
1.8166935e-08
2.584862e-07
5.6269073e-08
1.90824e-08
2.8772298e-08
8.47947e-07
6.654037e-08
6.4591507e-07
6.798822e-07
3.4878136e-07
2.0859125e-07
1.2655094e-06
2.640636e-08
3.1990783e-07
5.4384888e-08
1.1848566e-06
2.517752e-07
7.8166323e-07
1.5383748e-07
2.6301598e-07
1.9682362e-07
1.0895751e-06
1.3408583e-06
1.3379343e-06
4.6493008e-07
8.960241e-05
3.452528e-05
2.3053375e-05
9.622381e-07
2.3095438e-06
0.00014046102
1.0878619e-05
6.037023e-07
2.799503e-06
8.5914486e-05
1.1486135e-06
1.5353935e-05
5.181835e-06
0.9829049
2.097352e-05
0.008232633
9.077008e-07
5.4151024e-06
7.900844e-06
0.0020183648
0.00042986544
0.012561548
2.7499336e-06
1.5188281e-05
6.1077655e-05
8.963889e-07
0.00016277359
2.3763825e-07
6.41598e-05
2.2654321e-07
2.4916772e-06
3.9529056e-07
4.178776e-06
0.0014784497
5.354628e-07
3.4645393e-07
1.5755191e-05
