2.5259506e-08
3.832382e-08
3.9989033e-08
7.345905e-09
7.9572246e-08
2.506152e-07
2.0604585e-08
4.4670266e-08
9.085247e-08
2.8010237e-07
8.587531e-09
2.1741324e-07
1.2250443e-07
7.267383e-08
9.417997e-09
8.4617525e-08
2.1925275e-07
1.8448031e-07
1.4306549e-07
3.345961e-08
3.1458754e-07
1.65663e-07
3.1390115e-09
2.4031652e-07
4.6557e-07
1.0852005e-09
4.789575e-07
1.4206988e-07
3.8379332e-07
2.6736007e-09
2.0731365e-07
4.5882956e-07
4.805493e-07
3.8587746e-07
8.782189e-07
1.7598691e-07
3.366839e-08
1.1350136e-07
1.720122e-07
3.600479e-07
1.034368e-06
1.0239157e-06
4.5436218e-07
6.2010315e-07
1.1370128e-06
7.315766e-07
2.5336826e-07
3.535655e-06
1.3587678e-06
2.08318e-07
5.4803695e-07
9.0629277e-07
3.694377e-06
1.6019413e-06
0.99063516
4.646928e-06
0.000120926066
0.00011990081
0.0015625734
0.015595279
0.0047704545
2.2235263e-06
1.1088726e-05
1.9521149e-05
1.2529393e-05
1.751677e-05
4.436382e-05
0.0018573357
9.306334e-06
4.9897885e-06
3.816044e-06
3.883041e-06
0.000103866376
5.776335e-05
1.6294378e-05
1.0459797e-05
7.700663e-07
4.15465e-05
1.2115207e-05
1.429205e-06
0.00010445755
6.8077575e-06
2.3539267e-06
8.908087e-07
4.7587826e-05
3.2710357e-06
4.152476e-06
5.3710946e-06
7.081055e-07
3.0503666e-06
1.9970781e-05
8.2731253e-07
1.6245187e-05
1.7273616e-06
3.6329808e-07
1.900228e-05
1.3237376e-06
9.0912636e-07
5.2319215e-06
8.214372e-05
