5.0131894e-09
1.9900279e-08
2.064719e-08
6.0189286e-08
1.2268536e-09
4.7004345e-08
2.710264e-09
3.968717e-10
3.543154e-08
3.334973e-09
1.7298925e-07
9.3477865e-08
4.6160274e-08
1.4876392e-10
1.9736278e-08
5.233173e-10
1.3070065e-08
1.4985016e-08
1.6433807e-08
5.7381577e-08
4.6633963e-07
1.04246524e-07
1.01485774e-07
1.5506753e-07
1.642435e-07
2.1053654e-07
7.639076e-10
7.4875235e-09
1.1327883e-07
3.3805188e-07
4.345221e-07
5.3529836e-10
2.5629037e-08
1.4237885e-07
1.24947634e-08
8.082979e-08
1.6327942e-07
1.6441366e-07
2.425136e-07
5.220537e-07
2.3654705e-07
4.27841e-07
7.396966e-08
2.4138538e-07
1.266562e-06
1.2424898e-07
4.1833562e-07
4.3730557e-07
6.0886315e-08
1.929943e-07
3.7013106e-07
3.5797956e-07
2.191482e-06
6.927181e-07
1.288759e-07
2.1569704e-06
7.7360033e-07
2.3068564e-07
7.3235736e-07
3.26105e-07
1.8843851e-06
3.1620111e-06
1.0522386e-06
1.6742571e-07
2.3424002e-07
2.7827261e-06
2.429958e-06
2.1391797e-05
2.1953218e-05
1.1979098e-05
9.4859296e-08
6.508406e-06
2.6152186e-06
1.1451824e-05
4.775977e-06
6.0321423e-07
1.171841e-05
0.00012117282
0.00074593094
9.294996e-05
5.841262e-05
0.01163698
0.0005352893
0.9806414
1.263556e-07
2.1561627e-06
6.439825e-05
8.839481e-05
0.00011239273
0.013200036
2.1096015e-05
1.3653909e-07
6.960542e-07
1.1324026e-05
3.1072857e-05
1.264815e-07
0.0030096793
5.5259523e-08
7.34886e-07
6.0750835e-06
