3.850095e-09
4.7474292e-11
4.983118e-08
6.154503e-08
8.887878e-08
1.4735291e-09
1.0694201e-07
8.780059e-09
6.733777e-09
1.519925e-08
2.2089469e-07
1.2478574e-07
2.0933044e-08
9.274723e-10
6.720647e-08
1.4028622e-08
1.1528536e-13
6.201388e-09
2.5321494e-08
2.0277394e-10
6.763009e-08
1.6230269e-08
8.793182e-08
1.7297951e-07
2.0235278e-07
2.0505972e-07
3.2722136e-07
2.8309998e-07
5.718938e-07
9.050089e-08
1.6665453e-07
2.533836e-07
4.231022e-08
4.909348e-08
2.165466e-08
1.2704589e-08
9.925519e-08
3.0527963e-07
6.0429194e-08
2.9043665e-07
1.807115e-08
5.091923e-08
7.70799e-08
1.0949021e-06
2.6267676e-07
2.3254842e-07
1.3349991e-07
2.7957805e-07
3.9891228e-07
2.4475952e-07
1.423612e-06
1.9565317e-07
3.3550566e-07
1.1290382e-06
6.721775e-07
8.2739314e-07
4.735025e-06
1.9188212e-06
1.9419313e-05
5.0509916e-06
2.351452e-05
9.1469105e-05
1.558118e-05
1.3229957e-06
9.183795e-06
4.7840764e-05
8.267106e-06
6.0339993e-05
7.1824536e-05
2.3810886e-05
2.6190657e-05
1.3211542e-06
4.49494e-06
0.9942275
1.4081438e-06
6.9156936e-06
5.8967013e-05
0.0053441506
0.013359251
0.00014768135
2.4931414e-06
8.287268e-06
0.0001924458
1.2643119e-06
3.557748e-06
0.00012180638
2.748736e-06
1.1643015e-06
2.0696534e-06
5.137808e-07
1.895576e-06
8.824041e-07
1.8039501e-06
0.00030824952
1.8000873e-06
3.358878e-06
0.00017317284
8.2743304e-07
2.2350481e-05
1.488168e-05
