4.9707555e-08
2.505914e-10
1.3599804e-07
1.5615241e-07
1.0762241e-07
1.9723285e-07
2.6374828e-08
1.2951681e-08
1.2406919e-09
3.6211414e-08
4.884339e-07
3.494924e-08
1.278409e-08
2.2654795e-07
1.8663344e-09
6.5064495e-11
8.4102595e-08
1.5226632e-08
1.094792e-07
6.678681e-08
6.8577988e-09
7.617946e-09
7.322571e-08
4.6692048e-08
6.0866114e-08
5.766885e-07
2.826546e-07
2.7768837e-07
1.4581529e-09
1.8046381e-07
8.301492e-08
3.143811e-07
3.0389616e-10
1.9146394e-10
6.8898956e-08
5.315323e-09
1.1703788e-07
1.7312581e-07
9.310465e-08
5.244309e-08
1.0404433e-08
7.1966434e-07
2.2225447e-07
2.459132e-07
5.321401e-07
1.8234718e-06
5.054251e-08
3.2530474e-07
2.6219283e-07
5.786142e-07
4.9175947e-07
1.567093e-07
3.1713233e-07
1.04868434e-07
2.4416047e-06
6.47811e-07
4.749204e-08
9.631643e-07
1.9186025e-06
2.823482e-07
5.6552476e-08
3.5703936e-06
2.51046e-06
2.8849827e-06
6.702794e-06
4.4717848e-07
4.034863e-07
4.800147e-07
1.5876873e-05
4.992858e-05
8.134605e-05
9.4734105e-07
1.5188337e-07
7.373954e-07
3.30638e-07
3.7450454e-07
1.3608619e-07
6.121496e-05
0.0002775925
7.699235e-07
4.4709227e-06
0.8767581
0.2120839
0.0048452597
2.659708e-06
2.2824639e-05
2.776543e-06
0.0011553337
3.476058e-05
6.7557557e-06
0.0049477406
2.2133001e-06
0.00010257815
9.990892e-05
5.751243e-06
8.006064e-06
0.0003382896
0.00023167807
1.9667986e-07
8.801601e-06
