1.2105223e-08
1.0169096e-08
2.1004052e-08
2.305994e-08
3.3294303e-10
5.2747072e-08
3.1060057e-09
8.077195e-08
1.9733898e-08
1.8386606e-08
2.0370518e-07
8.238538e-08
5.549925e-08
3.7229623e-07
3.203568e-09
3.2002458e-08
4.2046656e-07
1.1969578e-07
2.2238521e-07
4.597892e-09
2.1517533e-08
7.159897e-08
7.310513e-09
1.3163196e-07
3.9017696e-08
5.5758005e-07
2.0000843e-07
3.190838e-07
3.5378523e-07
3.401308e-07
3.1108403e-08
1.5495328e-07
8.884771e-08
1.03759064e-07
3.4320302e-10
1.840831e-09
1.697808e-07
4.5733706e-09
2.417787e-07
2.0653786e-08
5.775105e-07
8.624263e-08
1.2961765e-07
2.5822857e-07
2.1453653e-07
4.1295735e-08
2.088301e-07
4.980456e-07
6.732998e-07
8.024816e-08
3.2167168e-07
1.2651557e-07
3.710508e-07
5.844281e-08
2.0595637e-08
4.3069505e-08
2.8960338e-08
2.1858694e-08
2.775026e-07
1.0709711e-07
6.141548e-07
1.1313764e-06
1.2733304e-06
3.7481158e-07
3.121831e-07
2.3340401e-07
3.3246027e-07
1.6815479e-06
7.6309625e-06
7.631151e-08
9.2894106e-07
1.0569218e-05
6.012037e-06
5.9205587e-07
2.4311646e-07
2.3169898e-06
3.9115752e-05
4.2051497e-06
6.0737315e-05
0.00021888885
3.2191947e-06
1.7918872e-05
8.290099e-06
0.00039521864
4.2203068e-05
0.00041060275
4.627736e-06
1.1397111e-05
1.8567488e-07
5.370177e-07
0.0001241448
0.0031628204
0.9422134
0.0382292
0.0033162944
1.6730786e-06
3.220967e-05
4.8351067e-05
9.674212e-07
1.1410527e-06
