3.7206962e-09
3.0598645e-08
2.2492681e-08
5.3494407e-08
6.015119e-10
8.4677225e-08
1.4489829e-08
1.4344279e-07
3.2151895e-08
4.2721193e-10
1.4332574e-08
6.507516e-08
1.3565585e-08
3.4539273e-08
1.9396765e-07
1.5895635e-07
1.8766812e-07
4.6980043e-07
5.1412925e-08
1.8472016e-07
4.696388e-08
7.236419e-08
1.4873622e-07
7.399532e-09
4.0787995e-07
3.8920754e-07
3.557985e-07
8.986505e-09
1.4945891e-09
2.680363e-07
4.888363e-09
8.12855e-09
2.0440348e-07
1.5191931e-07
1.767297e-07
3.4788965e-07
4.3097458e-07
2.6580685e-07
3.8949576e-08
4.5318345e-07
3.336214e-08
5.8442964e-07
1.2876967e-07
4.128379e-07
3.1033056e-07
5.3787595e-08
7.358585e-09
1.0739432e-07
2.136829e-07
1.025455e-06
4.956948e-07
1.8250284e-07
5.4795805e-07
1.7816753e-08
2.3930843e-07
9.635377e-07
2.1198603e-06
2.0431601e-07
2.0863853e-07
4.5300453e-07
2.090788e-06
1.9746795e-07
2.1106398e-06
4.2532647e-06
4.8976217e-06
1.094152e-05
1.8064945e-07
4.4118312e-07
2.1504664e-05
1.5484555e-05
0.000121612415
4.104167e-05
0.00038672346
7.841467e-08
5.9411477e-08
8.3500595e-07
2.8138786e-07
2.1749129e-06
0.00086981826
2.7265153e-06
5.1876723e-06
2.5514197e-05
6.9180637e-06
2.5093097e-05
1.676569e-06
0.00012859832
0.00023304463
0.0024733844
3.2500811e-06
0.000115841
0.9887411
0.0028131544
6.541244e-07
1.4743136e-06
0.06041907
7.3778494e-07
2.407176e-06
1.9839325e-07
4.747272e-05
3.4755278e-05
