9.513685e-09
4.20464e-09
1.7251116e-08
1.4106326e-08
2.050419e-09
1.40611265e-08
9.010565e-08
5.6125085e-08
8.2101375e-09
1.330752e-08
2.408197e-07
3.4039207e-08
1.2693406e-08
3.8294442e-07
7.0423745e-08
5.134918e-08
1.2680525e-07
6.164724e-07
3.175786e-07
1.6056518e-07
2.9242602e-07
2.8951155e-07
2.8545628e-07
4.8798555e-08
1.418139e-08
4.888544e-08
2.123745e-07
2.7544024e-07
4.6029918e-08
2.938382e-07
1.4045654e-08
3.2162028e-08
5.5042847e-08
1.0700008e-08
5.559549e-07
3.434157e-07
3.9618413e-08
2.5560394e-07
1.0001829e-06
4.982365e-07
4.3436233e-07
1.6552603e-07
8.507607e-07
1.363687e-06
1.0052165e-06
3.4691772e-07
1.1668999e-06
1.6127935e-06
1.437216e-09
5.2098596e-07
3.7970974e-06
1.065216e-07
5.0917225e-07
1.2999205e-06
6.3670395e-06
8.573131e-06
2.337697e-07
2.0406857e-07
8.1439805e-07
3.1819507e-06
4.315571e-08
0.00010112874
4.716505e-05
1.5974821e-07
4.1999903e-07
6.6938745e-05
2.3865907e-05
0.00021417378
0.0017583197
0.74432945
0.6933919
0.00028514722
1.9683594e-07
0.00026106567
1.0511979e-05
9.15832e-05
1.7546421e-05
7.068777e-07
9.288098e-06
1.240033e-05
2.9175028e-06
1.7109418e-06
6.559991e-07
2.774637e-06
3.2076015e-05
0.0019797063
1.686635e-05
6.2274325e-05
1.9753652e-06
4.5652246e-06
1.4656691e-06
3.900949e-07
9.545258e-07
5.5403943e-06
8.64073e-06
4.418984e-05
4.6616634e-07
0.00040340173
1.566183e-07
5.636328e-06
