5.476259e-09
2.3068223e-08
6.558949e-08
1.3955645e-08
1.0380304e-07
2.2696125e-07
6.564536e-08
1.1984527e-09
4.262604e-08
3.9643466e-10
1.4280139e-09
2.4279355e-08
4.4494417e-08
1.7099494e-07
2.1831998e-07
8.7028766e-08
1.1114396e-07
1.6699727e-07
1.1022249e-07
9.484329e-09
1.4294384e-08
4.7551573e-08
9.477844e-08
4.066622e-09
9.416104e-08
1.5201257e-07
2.5302713e-09
1.1294709e-07
4.7651938e-08
4.0057867e-07
2.1419666e-07
3.077581e-09
4.019504e-07
6.3586907e-07
6.0963123e-07
2.10489e-08
6.586113e-07
1.05750526e-10
1.7023424e-07
2.520944e-07
4.6374888e-07
3.9652403e-07
3.2074357e-07
7.8454286e-07
1.1082315e-06
3.1271668e-07
5.250759e-07
6.455814e-09
3.6200618e-07
1.3064816e-06
7.5628077e-07
3.0358626e-07
6.699765e-07
3.2868904e-08
2.5336192e-07
1.0183435e-06
2.5579774e-07
1.965256e-07
3.6210514e-07
1.248838e-06
6.517555e-07
1.2030554e-07
3.1064818e-07
7.1750073e-06
2.231703e-06
4.2970632e-06
1.6346386e-05
7.613356e-06
8.5880856e-08
3.8072605e-07
3.546785e-05
4.558005e-05
0.00012166334
1.6574812e-06
2.1191063e-06
8.5376564e-07
2.0411937e-05
4.714271e-06
0.00018662694
1.1247468e-05
8.776548e-07
8.274056e-06
0.0010927217
7.2725285e-05
0.0010395665
0.00031414023
9.705468e-05
0.87555546
0.00017452925
0.5338552
4.25147e-07
9.4208764e-07
1.9204073e-07
0.004377145
1.2952232e-06
8.507215e-08
4.5363435e-05
1.1872906e-06
1.950373e-05
3.782777e-06
