4.909837e-09
5.4204747e-09
4.3339362e-08
2.0635962e-08
7.527638e-08
2.1675076e-08
1.19135215e-07
7.115293e-11
3.0611193e-07
4.8039528e-08
2.3510404e-08
1.2878681e-07
7.3067097e-10
6.667616e-08
5.7047814e-08
6.612474e-09
2.6760998e-07
2.7311444e-07
7.073223e-08
6.786629e-08
2.3357876e-07
2.2945166e-07
1.1775178e-07
1.0371954e-07
1.1140426e-07
1.120353e-07
4.4855764e-08
1.18608156e-07
2.567895e-07
5.35885e-07
5.221675e-09
6.820238e-07
1.5000579e-07
7.5619784e-07
2.4214995e-07
2.7689765e-08
9.379824e-08
3.1256405e-08
3.5580914e-07
1.0859759e-07
6.73769e-09
5.1671957e-08
3.831929e-07
7.533545e-08
2.1148406e-08
1.0321944e-07
1.657745e-07
1.6088912e-08
1.9402141e-07
3.203702e-08
1.5548287e-07
3.85036e-07
1.282525e-07
1.1176239e-08
6.5512026e-08
2.3425166e-07
1.7948021e-07
8.586637e-07
4.705076e-07
4.5736744e-08
2.4558923e-07
4.168548e-07
2.9527376e-07
3.1609846e-07
1.150983e-06
6.546949e-07
5.527238e-08
8.2932013e-07
3.2745314e-07
1.2547571e-06
1.5388343e-07
2.7690105e-06
2.5073298e-06
8.398898e-06
7.0514493e-06
1.2015691e-06
5.8450432e-06
6.2297795e-06
1.7996632e-05
0.0003026035
0.00015660585
0.0075643645
0.8249281
0.63583565
6.944148e-06
5.3408814e-05
7.9739254e-07
3.6632486e-05
4.820889e-05
2.7311808e-05
3.0944364e-07
2.6554371e-06
0.00018577038
0.0002822545
0.0006164392
0.0013577082
2.3353357e-06
2.1520227e-05
1.7069086e-05
5.0043525e-07
