2.6584612e-08
4.1536097e-08
4.3662653e-11
3.4656006e-10
8.426148e-09
1.084337e-07
8.768264e-08
5.4970783e-08
1.2863049e-07
2.2255826e-07
1.5789253e-07
4.8847966e-07
1.5694015e-07
3.6983607e-08
6.607975e-08
1.0450715e-07
6.6450205e-08
1.1131468e-07
1.877576e-07
2.1095681e-07
1.1682331e-08
8.44672e-08
9.1228294e-08
1.2296297e-07
2.0820636e-07
3.3014487e-09
7.751559e-08
2.6889866e-08
5.3376508e-09
4.5525522e-07
1.3545975e-08
2.5933469e-09
5.775581e-07
2.8528309e-08
4.8095444e-08
8.152261e-08
5.4478782e-08
1.564727e-08
1.9400464e-07
2.6568466e-07
1.9168092e-09
5.544385e-07
8.874298e-09
6.4551443e-07
5.768281e-07
3.3447907e-07
2.982166e-07
3.1916758e-07
3.1252188e-07
9.783839e-07
2.6354473e-07
1.0744857e-06
2.1390251e-07
1.6055344e-06
3.951667e-06
4.4645863e-06
6.0945063e-06
1.564138e-05
3.7535436e-05
8.957231e-07
2.2014124e-06
2.2288345e-05
0.000106429914
0.99273896
4.6035235e-05
0.00014203148
0.004469623
0.030741652
0.0012734752
3.4467965e-05
0.00011823961
5.3526503e-07
1.2574759e-06
0.0001630556
0.0011326126
5.0043956e-05
7.982123e-08
5.599075e-07
5.4514618e-05
8.472617e-07
0.000304892
6.88236e-07
3.9787386e-07
2.9002674e-06
1.1422743e-05
5.9461677e-06
2.354309e-06
4.3835953e-06
1.186292e-06
1.2831003e-05
1.2262263e-06
3.803399e-07
2.5280601e-06
2.8435466e-06
2.2119084e-06
5.41657e-06
0.00010353697
2.1393491e-06
4.704457e-05
1.0759895e-05
