8.599959e-09
1.768995e-08
1.1700789e-09
3.7817323e-09
4.9251483e-08
4.2330473e-08
7.15542e-08
3.2375272e-08
4.1228535e-08
1.0217163e-08
9.67724e-08
5.9947304e-08
1.051999e-07
1.433697e-08
1.8003121e-07
2.6169818e-07
2.2905554e-07
2.019315e-07
1.6241874e-07
1.2633885e-07
1.4014051e-07
2.3605145e-07
9.6253714e-08
1.869022e-08
8.8959936e-08
1.1354419e-07
1.6378603e-07
1.0633661e-07
4.6869903e-07
2.5140388e-09
1.8427928e-08
6.660235e-07
7.155304e-08
4.0054877e-07
5.458812e-08
1.8347446e-08
1.971114e-07
1.2794953e-07
8.066273e-08
8.676887e-09
6.962419e-08
7.103903e-08
5.665023e-09
3.4986044e-07
1.4241613e-07
4.9249616e-07
5.2483387e-07
7.8337886e-10
3.0211947e-07
3.3877097e-07
7.215805e-08
1.0180478e-07
3.3737713e-08
5.0243034e-07
4.2253686e-07
1.2850452e-07
3.1289738e-07
2.6459862e-08
9.0006345e-08
1.128223e-06
5.004406e-07
5.834259e-07
6.1147944e-07
4.0416438e-07
4.0056666e-06
1.1726668e-06
1.6473764e-07
1.0724666e-06
7.075025e-06
1.4438416e-06
3.6064637e-07
1.584767e-05
2.054205e-06
8.0422154e-07
5.4128805e-06
1.983608e-05
3.2899197e-06
3.546983e-08
3.6200807e-05
5.941244e-05
0.00046065034
1.2297644e-06
0.0059814365
0.00017697706
0.00040890422
7.930679e-05
6.118043e-05
7.718493e-05
0.76765525
6.239914e-07
9.294173e-06
0.06334685
5.397826e-06
1.6369875e-05
1.0660432e-06
0.00011157823
2.2144472e-05
0.0016978978
2.1513151e-06
2.1174031e-07
