4.798879e-09
1.546035e-08
2.5856786e-09
5.5400474e-08
2.2993503e-09
3.7093805e-08
4.2454346e-08
5.982666e-10
1.6785272e-07
3.934396e-10
3.0700626e-09
7.059905e-08
7.236082e-08
7.4899825e-10
7.433405e-08
4.7718867e-08
9.809794e-08
3.621572e-08
6.6604784e-08
9.673136e-08
2.1500232e-07
3.2086025e-08
1.3385278e-07
1.5482067e-07
1.00830945e-07
7.9460094e-08
1.2785688e-07
1.8390679e-07
1.5472514e-08
9.9104085e-08
3.860602e-07
5.692944e-07
5.9519294e-07
2.055105e-08
5.5764434e-07
8.5046025e-08
1.6050585e-07
2.797017e-08
4.1360554e-08
5.5346973e-08
1.7303583e-08
8.405362e-09
7.265996e-08
5.767617e-07
2.796715e-07
5.51763e-08
2.939104e-07
7.552014e-07
3.1461287e-08
5.222275e-08
3.8111324e-07
2.0826205e-07
5.7220264e-09
2.4387875e-08
9.493297e-07
3.4004543e-08
1.2797997e-07
3.2825983e-07
5.1741546e-07
2.1753588e-06
1.0248824e-06
1.4839582e-08
1.6480625e-07
1.7799827e-07
4.2547285e-07
5.1443576e-06
3.1739064e-06
3.4339535e-06
8.092666e-08
1.2020518e-05
1.3494169e-07
8.3774404e-07
6.679183e-07
4.890291e-07
3.1199703e-05
7.6686e-07
3.1894492e-06
0.0001022806
6.989289e-05
4.6298836e-05
1.1527718e-05
2.6754178e-05
2.9242285e-06
0.00036394226
0.00010150762
3.9243855e-06
6.7895667e-06
9.629573e-05
0.00024046238
0.0007555622
0.9906474
0.0022181745
0.002444597
1.9543812e-08
0.023300866
3.2405787e-06
1.2692174e-05
4.1974167e-07
4.0846708e-06
6.7192675e-05
