2.3912536e-08
3.4815805e-08
6.1360275e-08
1.5597935e-08
1.7693889e-09
4.6286885e-08
6.5623006e-08
1.1888387e-09
1.0294046e-09
5.7012084e-08
7.125158e-08
2.816604e-08
7.237422e-10
6.8986914e-08
5.571013e-10
2.4103106e-09
5.265933e-08
1.330385e-08
2.0048414e-07
2.605456e-07
7.3188026e-08
1.3064901e-07
1.6520698e-07
5.5008023e-08
3.969839e-08
5.033214e-08
4.3974534e-08
1.1505514e-07
2.1644915e-09
3.351293e-07
3.4822722e-07
5.4356075e-10
3.993894e-07
1.8953403e-09
3.5740223e-07
2.4751344e-07
3.6606642e-07
2.458312e-07
5.7748593e-08
3.3508698e-08
1.9282716e-08
2.1350068e-08
1.2798799e-06
1.0698751e-07
1.02460426e-07
4.4129015e-07
1.8539889e-07
1.8059881e-06
2.3349508e-06
8.8313334e-07
1.6671129e-07
1.4276827e-07
1.3654566e-06
2.6565826e-06
5.767684e-07
3.6873696e-06
1.4077954e-06
1.2390998e-07
2.4509147e-06
7.0695937e-06
6.7135607e-06
1.740153e-05
2.0375142e-10
9.858056e-08
1.3663417e-05
6.5020245e-08
3.516226e-09
0.00012708825
5.3417058e-05
0.00045393384
2.3847875e-08
9.8646036e-05
0.00011039248
4.6261644e-06
6.765302e-06
2.569249e-06
5.684223e-07
7.532119e-08
5.0422756e-07
2.8629674e-07
1.718159e-05
8.497001e-07
2.767039e-06
0.00260436
2.3528466e-07
7.006105e-05
3.8530123e-07
1.0213813e-05
0.8669582
0.00040089127
0.12140484
1.6654047e-06
1.5289604e-06
9.57651e-08
0.006001477
5.6978877e-07
7.3488714e-05
6.537418e-07
2.1981146e-05
2.7517567e-06
