1.4707709e-08
1.28305295e-08
3.4091492e-08
6.869923e-08
2.2572428e-09
6.6192854e-08
4.389855e-10
9.612831e-09
5.1457785e-09
1.4481145e-07
3.5911538e-07
1.0313024e-07
6.997362e-07
3.0218036e-08
5.160405e-09
3.008788e-08
4.376759e-08
5.0228078e-08
1.0368148e-08
2.0937751e-08
1.9233033e-09
2.1591384e-07
2.4632635e-07
4.0014023e-09
3.292785e-08
2.32508e-07
2.0879725e-07
2.3069666e-07
1.793318e-07
4.431118e-07
3.8931654e-07
7.53646e-09
2.6740896e-10
3.2138698e-07
6.527082e-08
3.3185165e-07
1.69524e-08
7.1892124e-08
4.148355e-07
1.9617403e-08
5.5438093e-08
8.208598e-08
1.0090695e-08
1.3963701e-07
3.0589342e-07
1.7617704e-07
5.4155106e-07
3.5940732e-07
1.9842159e-07
1.016836e-07
1.397078e-07
1.2077265e-07
4.3826532e-07
5.231999e-07
1.4268812e-06
1.2432064e-08
1.1498592e-07
1.829626e-07
4.7022934e-07
1.076169e-06
2.0515688e-06
5.5382657e-06
1.6278822e-05
1.405608e-05
1.2805375e-06
1.2227731e-06
2.2524682e-06
1.901172e-05
3.254756e-07
9.577801e-07
0.89673847
3.6016245e-06
0.001094615
0.40978456
4.024412e-07
3.081707e-05
6.642859e-05
0.0003677988
4.0273895e-05
0.0026961658
6.736971e-05
0.00014256328
0.0002176733
7.4860786e-06
2.7859069e-06
6.4879925e-05
3.708748e-07
0.00021327047
1.373462e-05
9.322379e-07
1.7215007e-07
7.3886184e-07
6.1153787e-07
2.2379547e-07
2.7832e-06
7.8002006e-07
8.3200095e-05
6.2963104e-06
1.1893874e-06
9.714251e-05
