2.1768475e-08
3.652722e-08
8.299042e-09
1.7193024e-08
1.7393027e-08
4.367468e-09
8.208929e-08
1.0871399e-07
7.8172135e-11
3.3836184e-08
6.422336e-09
1.449737e-08
6.7176494e-08
1.8005892e-08
1.1031398e-07
2.7392808e-09
5.3636406e-09
4.975423e-07
7.6951885e-08
9.904778e-08
3.872729e-07
4.0193754e-08
3.999909e-08
5.3504586e-08
3.643085e-07
1.0898262e-08
2.884754e-08
6.598625e-08
1.2849482e-06
2.219062e-07
1.908068e-10
1.3263379e-07
5.6162676e-08
1.1686923e-07
1.8897121e-07
2.5249378e-08
5.4014293e-07
8.210056e-08
4.9754317e-07
7.757066e-08
6.030074e-07
2.9662797e-07
8.528481e-08
3.6072433e-07
1.0727293e-08
6.8601665e-08
6.533516e-07
3.4773169e-07
3.71418e-07
3.4100395e-07
1.9335354e-07
4.6655208e-07
2.121439e-08
1.0804386e-06
9.882436e-07
3.944676e-09
2.2786917e-06
8.152748e-07
8.85994e-08
1.1001191e-06
1.2032087e-06
1.6543087e-06
2.7439378e-07
2.5436311e-06
7.4784504e-07
9.2822894e-08
1.1909996e-06
1.1431174e-06
6.3870914e-07
2.318901e-07
6.376218e-06
6.250568e-06
8.086017e-06
6.9247576e-06
3.883998e-06
1.308859e-05
1.6286293e-05
2.475264e-05
0.000105090134
1.1610307e-05
9.622553e-06
0.0001769324
0.00018573304
0.00019541859
6.749764e-05
0.0002585581
2.2255139e-05
0.0006588238
2.5226303e-05
5.1829826e-05
0.1113616
0.9834366
5.3263193e-05
0.00017316715
0.005008136
3.5776295e-06
8.62432e-06
1.29315e-06
1.029474e-06
3.8609007e-05
