3.419328e-08
4.6464557e-08
5.2645046e-08
1.4041676e-07
2.5739473e-09
9.324681e-08
2.2732163e-11
6.0478264e-08
4.0239595e-08
2.6450309e-08
2.5221576e-07
5.0611987e-08
3.9363055e-08
9.83398e-08
1.8584359e-07
1.7448431e-07
1.8091032e-07
2.6462905e-07
1.4443393e-07
3.766308e-08
2.9818048e-07
2.7953214e-07
2.9980683e-07
6.87479e-12
3.089668e-07
1.2653649e-08
8.5592134e-08
2.2418338e-10
3.0781678e-07
2.3877327e-08
3.2303186e-07
1.2882124e-07
1.1031246e-07
4.2593283e-07
4.6091301e-07
3.2213425e-09
1.08132426e-07
1.450044e-06
9.880318e-07
2.5410365e-08
2.6823608e-07
3.459156e-08
9.3309e-07
1.7815928e-08
1.2703593e-06
1.6805717e-06
2.8153147e-06
3.3466446e-07
2.9625394e-07
1.3233956e-06
9.2005934e-07
1.9444941e-07
6.667779e-06
4.7111203e-07
9.18463e-06
1.8245123e-06
9.472555e-06
2.0359418e-07
1.8685561e-06
2.5947113e-06
1.8922763e-05
2.8056195e-07
4.841408e-07
0.000111145106
1.630764e-05
0.6164839
1.538047e-06
4.4106196e-06
0.00017010789
0.001992042
0.19439912
0.0007083139
4.4601195e-05
1.1006666e-06
4.59193e-06
6.7385718e-06
0.00056879455
8.682378e-07
2.4325498e-06
3.931111e-05
3.857758e-06
2.7089804e-05
4.7108424e-05
8.228604e-06
1.1179635e-05
5.599013e-06
1.6810205e-06
2.9621951e-06
0.00024315823
2.7337124e-05
1.7065204e-05
4.069497e-07
1.8615568e-05
3.0578198e-07
0.00010476843
1.5566688e-07
3.4009884e-06
1.255683e-05
5.116132e-06
7.82861e-05
