2.9218228e-08
1.815287e-07
2.5717187e-08
4.527579e-08
9.7593755e-08
8.610692e-08
6.176875e-08
3.7016722e-08
3.6700552e-08
4.2369432e-08
7.592651e-08
1.9173324e-08
1.0349696e-07
1.8987974e-08
1.7705486e-07
1.8356117e-07
5.7437532e-08
7.029497e-08
3.94686e-07
1.3679369e-07
5.570143e-08
2.3507302e-10
1.6366847e-07
4.2189052e-09
1.4438003e-08
4.8677506e-09
6.5482275e-10
4.1067834e-09
2.4145058e-07
5.3014027e-08
4.831501e-07
2.5754812e-07
4.0084835e-08
1.5340963e-07
1.3361786e-07
1.0335617e-07
9.846128e-07
3.7089387e-07
1.1704453e-06
2.0733087e-07
2.166329e-06
1.0277997e-06
1.5630525e-07
6.829354e-07
6.581094e-07
1.03731224e-07
3.5764543e-07
5.6208586e-07
1.4427183e-06
7.7293714e-07
2.5462152e-06
8.309195e-06
2.3760332e-07
5.2769e-07
0.00010876764
6.7271925e-05
3.456253e-05
5.3164804e-05
9.098699e-05
0.5865887
0.10728722
0.0031410533
7.3978407e-07
7.051724e-06
1.40762295e-05
0.0012422769
1.8690479e-06
5.2703126e-07
2.022458e-06
2.1476963e-05
0.0005193534
1.1091191e-05
4.0087245e-05
2.8955214e-06
2.4711828e-06
8.621007e-05
9.38747e-06
5.908334e-06
4.8397305e-06
9.265102e-07
1.3862649e-05
3.2114862e-05
2.547474e-06
2.4061426e-06
4.0053576e-05
7.1503714e-06
2.2235158e-06
2.443317e-06
1.1756834e-05
1.365864e-05
5.3633056e-07
6.4493634e-07
3.5153369e-07
9.1537795e-06
1.3066042e-05
5.7296535e-07
4.7263795e-05
2.7069132e-07
1.7702989e-05
2.5645427e-06
