4.031521e-08
2.1362892e-08
3.754665e-08
7.907785e-08
2.4985294e-08
1.4388556e-07
2.2933886e-08
8.8531795e-09
9.652976e-08
6.103932e-08
1.926661e-08
3.2405694e-08
3.13703e-08
1.2503727e-07
3.8301704e-09
1.2260193e-07
2.300381e-09
3.2509715e-07
1.4730976e-10
1.0396247e-08
2.9747864e-07
1.6638917e-07
1.4852657e-07
9.10475e-08
9.460493e-08
1.9594889e-07
3.261686e-08
9.567787e-08
1.8688272e-07
1.6838199e-09
2.4757632e-08
2.1029848e-08
1.7405691e-07
2.8669787e-08
7.254529e-08
1.4245794e-07
4.5856645e-08
9.363953e-08
1.09043754e-07
1.177515e-07
1.4127288e-07
2.669273e-10
1.06670456e-07
2.54236e-08
4.6421508e-07
3.4917068e-07
1.3986303e-08
7.850905e-07
1.0467987e-07
1.660707e-07
2.5824195e-07
3.2017147e-07
6.377287e-08
4.912164e-07
1.1215204e-07
1.1295529e-06
2.6482553e-07
2.7667934e-07
1.5764157e-06
4.797309e-08
2.1619512e-06
1.2834316e-06
1.9164545e-06
6.31118e-07
2.0927123e-06
3.9402794e-06
1.3908125e-06
3.5106211e-06
6.3277366e-06
2.0671678e-06
1.0808367e-05
1.5998157e-05
1.1530871e-05
2.6796681e-06
6.1450614e-06
1.8985676e-05
1.6465476e-05
1.923873e-05
0.0002231531
0.00015848456
0.002875596
2.8249766e-05
3.4890872e-05
0.054235812
0.946822
7.3207826e-05
0.0001972935
0.00010816099
4.359759e-07
3.833984e-07
0.0009975597
9.626844e-05
2.5023184e-05
7.390349e-07
5.5458836e-06
3.884197e-06
0.0065311175
7.287533e-05
1.5706518e-06
7.1433344e-05
