2.0729699e-08
2.7220493e-10
3.3035764e-08
3.6689553e-08
6.802176e-08
1.9700876e-09
5.0092407e-08
5.233716e-08
8.102644e-08
1.8436955e-07
2.0527327e-09
2.5707536e-08
2.8653594e-07
3.4182502e-08
3.5972736e-08
1.5671385e-07
1.4709846e-07
1.8033694e-07
2.0916677e-07
1.6194586e-07
6.420677e-08
6.81123e-08
9.7401575e-08
1.8063218e-07
3.707985e-08
2.8821168e-08
5.4519282e-09
6.309629e-08
2.1795434e-07
1.6767254e-07
3.8037888e-07
1.9026088e-07
5.8046453e-07
8.622136e-08
4.6320896e-08
2.2812706e-07
2.2590785e-07
6.6897528e-09
2.2487496e-08
7.0112225e-07
3.258614e-08
4.631652e-08
7.209841e-08
1.0668388e-06
1.0557977e-07
8.5631484e-07
1.2018207e-06
5.913736e-08
3.2458743e-07
4.6547598e-08
2.9914378e-07
8.80932e-07
1.930652e-07
1.1475979e-06
4.1422217e-07
3.8120868e-07
3.622269e-07
7.2186003e-07
1.3884488e-06
4.0043024e-06
3.2536554e-06
1.14352005e-07
1.0065372e-06
9.588507e-07
9.435067e-07
3.0479112e-06
1.4215132e-06
2.0424534e-06
1.9880063e-05
2.6758527e-05
7.166725e-05
4.4832876e-05
2.0008954e-06
0.0116698025
0.0019750623
0.0007561535
0.33441323
7.8850026e-05
0.000152922
4.9637496e-05
2.5449922e-06
0.00034152015
1.5772197e-05
0.9401684
1.1666143e-05
3.8982266e-06
1.2687392e-05
6.935231e-06
2.6311825e-05
0.00032876016
2.0147902e-06
1.4108643e-05
0.00019033963
7.065105e-06
6.1626533e-06
4.393732e-07
2.1909696e-06
4.148383e-07
1.1265688e-08
0.00037419813
