3.0102985e-08
4.3153445e-08
7.2835413e-09
7.8228965e-08
6.1200176e-08
6.937621e-08
1.4191602e-07
8.779716e-09
1.2121957e-07
1.6448015e-08
1.8184267e-07
1.3741347e-08
3.9673672e-08
5.3570957e-09
6.7556223e-09
1.2761605e-07
1.2849614e-07
6.506481e-08
1.725498e-07
2.800253e-07
9.133828e-08
7.6862e-08
2.2123731e-07
5.1093394e-08
3.665197e-08
2.979342e-08
6.966939e-08
4.6641233e-08
2.0170903e-08
5.1175213e-08
1.2966372e-07
1.12753426e-07
4.904021e-07
4.735909e-07
1.02269986e-07
1.964014e-09
7.3799136e-09
1.3420171e-08
3.4980147e-08
1.2946899e-07
6.9180736e-08
1.3441067e-07
3.0210123e-09
2.3512325e-09
1.4784953e-07
4.3854843e-08
7.767446e-09
3.3921832e-08
2.3502751e-07
2.1986422e-07
5.4195933e-08
1.2375e-07
1.3168199e-07
2.350264e-07
7.194558e-07
1.6375672e-07
2.0231752e-07
3.875082e-06
9.0784863e-07
1.1612086e-07
3.5069772e-06
3.2399104e-08
0.91119885
8.327671e-07
5.0753383e-06
0.041872848
0.0054124864
0.0025363325
4.2701998e-07
0.00015148138
0.00071195717
3.7152563e-06
7.0450136e-05
8.273749e-05
1.9182033e-05
1.1134234e-05
1.31552715e-05
2.7405275e-05
7.438211e-05
3.595595e-05
7.5443713e-06
5.2490564e-06
2.1075746e-06
0.00010442648
3.12593e-06
1.5802663e-06
3.5438785e-05
1.7140925e-07
6.849697e-07
1.2526772e-06
9.674897e-07
1.789486e-07
7.8882396e-05
2.837462e-07
4.2698773e-07
1.5590281e-06
5.2745995e-06
0.0005341546
1.9547817e-05
1.0301916e-06
