8.4479765e-09
1.1125708e-08
2.5341893e-09
3.262936e-09
1.1261032e-08
2.3668056e-08
5.889435e-12
7.725566e-08
7.6366526e-08
1.4566699e-07
3.7960938e-08
2.8435605e-09
3.1864513e-08
1.4228506e-07
1.7290263e-08
1.280246e-07
1.8898506e-07
9.756915e-09
1.621082e-07
1.14791824e-07
1.18372206e-07
1.3694705e-07
1.1650503e-07
1.0359681e-07
1.291495e-07
1.4496344e-07
2.53971e-07
2.5049357e-07
9.591335e-08
6.160487e-08
5.292188e-08
6.891638e-08
2.4683224e-09
1.0458113e-07
2.4414962e-08
2.6819537e-08
1.3983649e-07
8.613447e-08
2.9141222e-07
8.056114e-07
5.993285e-08
1.5225847e-07
2.751688e-07
3.3912727e-07
6.70898e-08
5.5901403e-08
6.214414e-07
8.622581e-08
1.2097887e-08
2.0588788e-08
2.9681607e-07
8.7681904e-08
7.713066e-07
7.1079086e-07
3.6511722e-07
1.1134876e-07
3.852302e-07
9.2858204e-07
6.226247e-07
1.2639288e-07
5.3820065e-07
5.853568e-07
6.537785e-07
4.8109877e-07
5.837814e-07
1.9221244e-07
9.4643275e-07
4.4273136e-07
1.245152e-06
1.8661825e-06
3.8889166e-06
0.7490738
0.14159766
1.5035615e-05
1.08790955e-05
1.9318437e-05
6.4869186e-05
0.0059906063
0.00021792135
4.4071467e-07
1.980174e-06
0.0013803719
0.00014995666
2.385143e-07
2.3160923e-07
3.936e-05
8.530431e-05
9.1572883e-07
5.351329e-06
1.8801935e-06
2.822664e-06
0.0005975974
2.679319e-07
4.038462e-05
1.282334e-06
6.9062726e-06
6.145763e-05
8.136419e-06
0.0002502427
1.8023643e-06
