6.2772347e-09
1.3997449e-08
7.310586e-12
1.5915559e-08
1.4723723e-08
1.3255985e-07
3.914466e-10
6.135261e-08
1.3460132e-07
1.08171974e-07
6.6244072e-09
1.8881278e-07
4.1383265e-07
3.566151e-09
4.103996e-08
4.192696e-08
4.8922055e-07
3.6389167e-07
4.1328125e-08
1.8842749e-07
2.0786395e-08
2.7034773e-08
3.1416263e-07
3.6248107e-08
4.9443848e-08
4.6729858e-07
7.729044e-08
9.801231e-08
1.8228312e-07
2.3864038e-07
3.6214712e-07
2.1917631e-07
1.9852276e-07
5.672854e-07
4.5662272e-08
1.2651039e-08
1.6848949e-07
3.4823637e-07
1.9513084e-07
6.359851e-07
4.7459292e-07
6.037118e-07
1.2153737e-08
1.5494043e-08
7.164933e-08
2.0025044e-07
3.823188e-08
4.16327e-07
6.5921e-08
5.1906426e-08
4.6650462e-07
1.9462584e-07
5.8238207e-08
1.0094526e-07
2.6798773e-07
2.8783733e-08
1.9925619e-07
1.1201334e-06
1.5256681e-07
2.5673119e-06
1.488179e-07
5.614223e-07
2.7884727e-07
1.1113337e-06
1.7148343e-06
2.5981076e-06
7.0921476e-07
4.4416532e-07
3.329238e-07
1.3642687e-06
3.1483603e-06
2.7326377e-07
1.513526e-06
4.770418e-06
1.6546704e-06
5.208702e-06
7.1048526e-06
3.232046e-06
6.3410585e-06
1.4159058e-05
1.9129087e-05
0.00011760798
6.494587e-05
2.5690604e-05
1.17233485e-05
0.9901504
2.6493712e-05
0.00029125885
0.002114623
0.0035035124
0.053889044
1.2432045e-06
7.864944e-05
0.00050277315
0.0027859134
5.796606e-05
0.00019736624
9.32639e-07
1.0166425e-05
1.4325748e-05
