2.8654182e-10
2.707874e-08
3.263984e-08
3.4242646e-08
1.4043684e-08
7.770383e-08
4.687581e-08
3.217483e-08
1.5936898e-08
3.7520076e-07
1.5039567e-11
3.2838037e-09
4.171315e-08
6.8322294e-09
1.7314191e-09
1.8627034e-07
5.5774805e-08
2.3660503e-08
3.43805e-08
3.5804385e-07
3.5220512e-07
9.7096894e-08
7.819457e-08
7.553216e-08
6.2154575e-09
4.947347e-08
1.09191674e-07
8.862875e-08
1.942373e-07
1.9515976e-08
6.1744237e-07
4.758722e-08
4.0393953e-08
1.2666521e-06
4.906022e-07
5.7881666e-10
2.8270375e-07
6.186291e-08
9.494813e-08
5.4740667e-08
1.0576782e-07
1.8367194e-07
1.9843296e-07
1.9795938e-07
1.4663736e-08
6.4156666e-08
6.1792656e-07
1.3288352e-06
1.8663904e-07
1.2709669e-06
2.907473e-07
2.544781e-08
9.198789e-08
9.805138e-08
5.3177104e-07
1.7643954e-06
1.5190751e-06
2.2490703e-06
2.8302398e-07
4.8434354e-06
6.388872e-06
3.2431967e-07
4.0103637e-07
6.354528e-07
7.523299e-06
2.3093247e-05
1.7336744e-05
6.308961e-07
4.1088614e-07
1.5070727e-06
5.3159358e-05
7.735865e-05
3.3783922e-06
2.189846e-06
3.7352925e-06
6.8368496e-07
0.00020696688
0.0001626695
3.9070246e-06
4.086893e-06
0.0031904439
0.65247995
0.77070737
1.8973906e-05
5.2167e-06
0.00015783584
8.5523585e-05
0.0001788047
6.698988e-05
1.6335882e-05
0.00051027857
1.7298944e-05
2.1689937e-07
6.275325e-05
0.0012062237
1.2014083e-06
1.5432903e-06
5.3629637e-06
2.4965727e-06
3.6208457e-05
