1.1073505e-08
1.6401037e-08
1.13038485e-08
3.99341e-08
2.3531678e-08
3.4393877e-10
1.0596435e-07
2.577894e-09
7.253798e-09
8.954419e-09
8.2795694e-08
1.3271638e-07
7.281905e-08
8.494853e-09
1.17251105e-07
1.0153736e-08
9.452026e-09
1.0939397e-07
4.7804605e-07
2.0853102e-08
1.246693e-07
1.9290255e-07
1.9148897e-07
5.5161493e-08
5.9330933e-08
8.044258e-08
8.201756e-08
8.9996746e-08
1.2406629e-07
1.4311595e-07
1.1410511e-07
3.571672e-08
2.5296687e-10
7.1651947e-09
5.379471e-08
8.1874774e-08
8.758075e-09
2.3354586e-08
3.311308e-08
2.2604132e-08
1.5372284e-07
6.199054e-08
1.8504885e-07
9.536993e-08
2.4470296e-08
1.982482e-08
4.1284073e-07
5.8026524e-07
6.83411e-08
1.4204467e-07
9.428528e-09
1.790275e-07
7.255731e-07
1.3126756e-07
9.172477e-08
1.6852364e-07
1.17445936e-07
2.2703175e-07
1.3974721e-07
4.690957e-07
1.13948616e-07
1.234064e-08
1.3745991e-08
3.823777e-08
9.694086e-07
5.094723e-07
1.7502059e-06
1.0956934e-06
7.2876065e-07
5.8045345e-07
3.4988992e-07
3.39471e-06
3.9136748e-07
1.4031421e-05
1.3288524e-06
3.5120866e-06
1.7731652e-05
4.1983654e-07
3.3540713e-05
0.0009445455
0.001353023
0.94814855
0.30722472
2.2035967e-07
1.9864767e-06
3.750124e-06
5.7846133e-05
0.0002332958
2.6429354e-06
6.144634e-05
0.00014685564
0.0026447156
7.253518e-06
0.00028789957
5.770918e-07
2.7884153e-06
8.285105e-06
2.3171206e-05
3.3179313e-05
5.37868e-06
