1.3059257e-08
2.3097881e-08
3.525566e-08
4.3958343e-10
9.0873364e-08
5.8863996e-08
1.17486216e-07
8.990917e-08
9.42018e-08
1.6019357e-08
6.4890706e-08
5.1807447e-09
1.07633454e-07
1.378673e-08
1.2202887e-07
6.560487e-08
1.2681195e-09
2.9551924e-07
7.815377e-08
2.4712034e-07
3.9957424e-08
2.8898441e-08
2.3622327e-08
1.6260654e-07
6.9032416e-07
7.577539e-07
1.8505948e-07
1.4662498e-07
9.007723e-08
7.535464e-08
2.4613422e-08
5.5297165e-15
1.630403e-10
5.0473426e-07
1.6331981e-08
2.8661473e-08
9.79612e-08
2.6988894e-07
3.3727252e-07
2.2480047e-07
8.705079e-08
3.2652906e-07
3.5101905e-08
8.5615056e-08
5.3874606e-07
9.964516e-07
8.68355e-08
1.883448e-07
1.1409481e-07
4.2648868e-08
7.6408696e-08
4.755558e-07
4.956983e-07
1.5801221e-07
5.734744e-07
1.1089803e-06
8.0974945e-07
1.9066145e-07
5.53549e-07
6.3806906e-09
4.5227654e-07
1.2171262e-07
6.331401e-07
2.8492747e-07
1.8680615e-06
3.1072325e-06
1.8377722e-06
4.4573503e-07
8.0429174e-07
1.9122186e-07
4.543165e-07
1.3003385e-06
1.1597182e-06
1.1184737e-06
7.256822e-06
2.1152968e-05
1.5831873e-05
8.008628e-06
1.5946314e-06
2.9795876e-06
7.618762e-06
1.405732e-05
6.031356e-08
1.6885384e-05
9.053382e-05
0.0006347148
0.00030510838
0.0020740621
8.738323e-05
9.9795005e-05
6.7025656e-05
0.96954894
6.869641e-06
3.161131e-06
0.00022149438
5.635919e-05
1.9792938e-05
0.0035842073
0.10675573
3.1218116e-07
