1.9975161e-08
3.4691617e-08
3.9818165e-08
8.798218e-09
1.5091727e-08
7.53711e-08
3.0117015e-08
5.0185114e-09
1.1479782e-07
3.2599903e-10
7.47625e-08
4.4153472e-07
1.1636502e-08
8.6226095e-08
1.2875938e-07
1.5919653e-08
4.5628137e-09
3.5704737e-08
4.7544098e-09
6.5494116e-10
1.8830145e-08
3.4008597e-08
7.962135e-08
5.5035144e-08
7.324649e-08
3.0892704e-08
4.079179e-08
7.128771e-08
1.3338445e-07
2.9238348e-07
2.7197683e-07
3.4803367e-07
7.9131206e-07
5.882565e-07
1.5065007e-07
6.769023e-08
3.2916297e-08
7.37951e-10
1.7072128e-07
1.5522323e-07
1.05001796e-07
2.1253148e-07
2.8986307e-07
5.777839e-08
5.3456642e-08
4.282329e-08
8.2061186e-10
1.1078994e-06
8.1257434e-07
1.06378536e-07
8.843605e-07
1.6494687e-06
3.0999858e-09
5.9706586e-09
2.5209363e-07
1.0591746e-06
1.0420573e-07
2.8568172e-07
1.13791934e-07
3.456128e-07
6.373589e-07
6.901815e-08
6.8881985e-07
2.081579e-06
3.157384e-06
6.3182546e-07
1.9117067e-07
1.0129224e-07
1.1867564e-06
1.5515122e-06
1.484231e-06
8.2940676e-07
8.982979e-07
1.326247e-06
2.9234943e-07
5.02338e-07
4.117755e-06
2.0982304e-06
5.9329204e-06
3.853462e-06
1.4889729e-05
2.4967925e-05
1.0011419e-05
1.183859e-05
9.297184e-05
0.00047857917
1.6800448e-06
5.1483832e-05
0.9824763
5.218338e-05
0.00032465524
0.0005253481
0.0012504648
0.17729858
1.556976e-05
0.00013885538
0.00015035397
3.2184732e-06
1.2762953e-05
0.011594766
