2.5818958e-08
6.9806504e-08
2.7945075e-09
3.1114675e-07
4.7766977e-09
6.743126e-08
3.5871204e-07
1.2676917e-07
9.363112e-08
2.117009e-08
1.4694793e-07
2.5906883e-07
1.1720415e-07
9.3775604e-08
6.5181345e-09
1.539743e-07
3.1890298e-07
2.3132872e-08
3.6669878e-08
1.2637454e-07
4.455167e-08
2.6202898e-07
2.4313908e-07
1.0633659e-06
9.933439e-07
2.3733334e-07
9.839542e-07
7.0666665e-08
2.6591622e-09
7.338222e-08
1.9570916e-08
3.9582315e-07
1.5169147e-06
7.198502e-07
8.099116e-07
3.720821e-07
4.5102027e-07
7.486763e-07
5.8983665e-07
1.6129574e-08
1.3246853e-07
8.412919e-07
1.9409297e-06
6.3853753e-07
2.2773272e-06
2.672264e-07
9.3203954e-07
4.203035e-07
2.81471e-06
3.0688288e-06
1.0916468e-06
5.9314516e-06
3.4651265e-07
1.4274598e-06
1.5585184e-06
4.0584965e-07
1.8726918e-06
4.1069892e-05
1.22708925e-05
1.351855e-05
2.7883461e-05
1.3986126e-05
1.0509651e-05
0.002024593
0.0005102166
0.028962063
0.8380732
0.005511082
5.6719466e-05
2.3101264e-05
1.3151916e-05
0.00022632665
5.0333492e-05
2.2695888e-06
1.9400009e-06
9.518476e-06
4.28155e-06
2.40577e-06
3.8629732e-05
1.9977382e-05
1.8894636e-06
3.853764e-06
6.336453e-06
6.8916993e-06
2.3895884e-06
4.4725508e-05
6.4112523e-06
7.582662e-06
4.699525e-06
1.3186041e-05
2.165595e-08
1.0375307e-07
8.0095634e-07
3.3954413e-07
5.9704457e-06
5.6865144e-07
7.807876e-06
4.4294688e-07
0.000107711974
0.00011685801
