1.1838361e-08
3.0974096e-08
2.2021942e-08
3.1517466e-08
5.7133516e-08
7.162557e-08
2.2986815e-09
4.6444615e-08
7.795253e-08
2.4195343e-08
1.4354364e-07
3.0868577e-07
1.7689332e-07
6.526468e-08
2.1159382e-11
1.03314896e-07
4.6895017e-09
5.236652e-08
4.9898173e-08
3.2806284e-07
8.565092e-08
3.0389486e-07
1.06467745e-07
1.3433124e-08
9.87057e-08
7.54834e-08
8.152437e-08
1.5059705e-07
4.8032217e-07
3.915254e-07
2.4400165e-07
3.359379e-08
5.989772e-08
1.6252171e-08
1.0973456e-07
3.069771e-08
9.958236e-08
1.1450959e-07
5.9657657e-10
1.2332835e-07
2.7245466e-09
2.120512e-08
2.984542e-08
4.2196376e-07
3.7730747e-08
1.2976945e-08
2.9630803e-08
2.9755947e-07
7.335427e-07
3.82377e-07
5.9109556e-07
3.4812908e-07
2.1508235e-07
2.6316119e-08
5.0175082e-08
4.1311566e-07
9.2864125e-09
5.065775e-07
7.775311e-07
8.7125244e-08
6.3357396e-07
5.8475655e-07
1.5922978e-07
1.5616113e-06
6.919951e-07
2.866646e-08
9.244417e-07
7.5237693e-07
1.410308e-06
1.1127901e-07
2.9868402e-06
6.037577e-06
2.0741381e-06
1.1238847e-06
7.7429235e-07
2.3172274e-06
3.968626e-06
6.7955607e-06
0.9924721
0.029442642
2.5532716e-05
0.00015456612
1.6071454e-05
1.8753875e-05
0.00052269985
0.013082203
8.6890686e-05
3.9218885e-05
1.1646728e-05
1.3736991e-05
0.00022818397
1.0664149e-07
1.4590445e-08
0.00038101024
1.7228454e-06
1.2925784e-05
4.0374343e-06
0.00031926858
8.0008743e-07
8.826766e-05
