1.4432422e-08
1.5754122e-08
2.191759e-08
2.954987e-08
1.4636278e-11
2.2717616e-08
8.5800565e-08
8.882233e-08
2.2072701e-08
3.555899e-08
3.350349e-09
1.7536486e-08
7.782496e-08
9.922505e-08
2.3000805e-08
1.5285977e-09
5.867809e-09
2.0796492e-08
8.4035136e-08
8.5918316e-08
2.25401e-07
2.535191e-07
1.0905581e-10
2.086034e-07
1.9847408e-07
2.9837122e-07
3.391028e-07
1.0347328e-08
4.4163963e-07
1.6256311e-07
4.7789194e-07
5.4146074e-09
4.249532e-08
1.3919353e-07
5.612025e-07
4.212295e-07
3.9161435e-08
1.5822926e-07
6.637773e-07
5.337993e-08
1.2712148e-07
1.6353964e-07
3.2811417e-07
1.418531e-07
1.3774375e-06
6.4813776e-07
6.3720705e-08
2.5599897e-07
1.998665e-06
4.1425395e-07
5.473577e-07
4.3898058e-07
7.4172505e-07
1.0157406e-06
1.1539393e-06
4.5718727e-07
1.8046065e-06
5.3205053e-08
4.032681e-07
5.607866e-07
4.4591193e-06
2.682273e-06
2.6916841e-05
1.6115559e-05
1.5851825e-06
6.238909e-06
7.699205e-06
2.1219621e-05
0.00012650529
6.189564e-05
1.1437653e-06
0.0005892377
3.3135807e-06
2.2636123e-06
1.576183e-06
1.7215242e-06
0.0017061115
0.00016253474
1.3129957e-05
6.355533e-06
2.3321389e-05
4.2744073e-06
0.0042572916
0.00030979363
7.659085e-06
4.175161e-06
4.2182808e-05
0.004009251
0.9808816
1.8825768e-06
0.00019714706
4.2799043e-06
9.127638e-07
5.756742e-06
5.8932625e-07
3.4508375e-07
6.831969e-05
7.395495e-06
0.08140069
6.106068e-05
