3.0622893e-08
1.5290404e-07
4.6216638e-11
3.6551565e-08
4.3587958e-10
1.2043799e-07
2.2643938e-07
2.351765e-07
1.6193201e-08
1.7318804e-08
9.8208666e-08
1.0692538e-07
9.807842e-08
7.632034e-09
1.01614205e-07
1.1727614e-07
9.9836996e-08
3.2787945e-08
2.9672518e-07
1.9597313e-07
1.0887342e-07
8.1766736e-08
1.4502469e-07
4.7338884e-09
4.700423e-08
1.2540268e-07
5.6055384e-08
3.9889088e-07
6.762528e-08
4.7593925e-08
4.740753e-07
4.666808e-09
1.6831676e-08
2.1937444e-07
2.3541085e-07
1.5503588e-07
2.2454944e-07
6.358502e-07
5.8525593e-09
8.1196445e-09
7.598708e-08
5.514935e-07
6.0634875e-07
6.938891e-07
1.4205679e-06
5.553882e-07
9.636517e-07
5.210294e-07
1.4448752e-06
1.5604849e-06
2.3994592e-06
1.2692813e-06
9.538426e-07
3.9814718e-06
3.8741405e-07
3.6034664e-06
7.2575995e-07
1.6548879e-06
4.320209e-06
4.567428e-07
8.789573e-07
2.5484549e-06
4.0112727e-06
1.2028287e-06
6.166929e-06
2.352173e-06
1.4772211e-05
2.780631e-06
9.097567e-06
5.8386795e-06
9.123467e-06
1.9897557e-06
1.4926281e-05
5.923153e-06
6.5615427e-06
2.5492009e-06
1.7003229e-05
3.3385797e-05
5.126124e-05
1.4060416e-05
0.00010860742
2.0905585e-05
5.058066e-05
0.0001286605
0.00034418333
0.76304495
0.0632796
9.072396e-06
2.8567794e-05
0.00056004676
7.936346e-05
6.4718246e-05
0.00012020711
0.00653785
2.6170419e-05
1.0559364e-06
4.110004e-06
3.118942e-06
2.1112852e-05
6.654644e-06
