6.687592e-09
1.095204e-08
1.759505e-08
1.0488912e-09
3.0158567e-08
6.2863736e-09
2.9308701e-08
3.8524846e-08
6.64417e-08
1.5695335e-07
3.966168e-08
9.026595e-09
2.7966466e-08
3.8749777e-09
1.88768e-08
2.112745e-07
1.3503476e-08
6.482212e-08
4.3778563e-08
2.2365177e-07
3.8202032e-07
4.0218688e-07
3.793249e-07
5.880137e-07
4.6433945e-07
7.916081e-07
3.0667422e-08
8.0932105e-10
1.1925181e-09
4.7669735e-09
2.77455e-07
3.2393717e-07
1.3418505e-08
8.475885e-08
6.804291e-07
7.78593e-09
2.4240611e-08
1.520497e-07
1.440011e-07
7.3832865e-08
4.4272777e-08
2.6291835e-07
1.1660689e-08
2.301495e-07
2.4825631e-08
3.6262472e-07
2.2449692e-07
4.3904907e-07
1.1901858e-06
1.6648156e-06
4.916988e-08
3.3392666e-07
4.168844e-07
5.7470777e-07
2.0019227e-08
0.90937275
0.33780798
1.3810678e-07
2.9692427e-07
0.0001278261
2.7970545e-05
0.00027070421
0.0016265801
0.001331655
2.682962e-07
6.490557e-05
0.00035296474
1.949634e-05
0.0002430609
4.2106272e-05
6.600587e-05
1.4903105e-06
8.667084e-06
5.2919636e-06
4.876021e-06
2.137036e-05
3.8546445e-06
1.2793854e-06
5.490466e-06
2.017695e-06
1.2894305e-05
5.3654767e-06
2.1320123e-07
1.6999388e-06
1.8572173e-05
6.6598e-05
2.305736e-06
9.481785e-06
2.5821446e-06
7.316015e-07
1.857128e-06
1.2608674e-06
1.6215503e-06
1.4720874e-06
1.7879561e-06
6.280344e-06
4.4436427e-05
3.087422e-06
1.2144988e-06
0.00014308785
