3.7287053e-09
1.5377307e-08
1.2906572e-08
2.673273e-11
2.4823352e-08
2.1146324e-08
4.9977686e-08
2.7306744e-09
4.779769e-09
9.508639e-08
5.570854e-08
2.5371948e-08
4.342841e-07
1.2229377e-07
1.1629125e-09
1.1718626e-07
1.4436108e-07
4.4691967e-07
1.3453845e-07
3.5608437e-07
5.195728e-07
5.4033165e-07
5.23625e-07
8.173737e-07
2.0300037e-09
2.0069439e-07
3.1182364e-07
8.333429e-08
5.8173833e-07
1.9115873e-08
2.9242435e-07
1.851933e-08
1.6311097e-07
5.330669e-07
1.0142329e-07
6.4404233e-09
1.0239685e-07
2.391724e-07
1.0049856e-07
3.627673e-07
6.1867254e-08
5.6480206e-07
5.6552302e-08
5.755592e-07
4.2339778e-07
4.3765175e-07
3.1951552e-07
2.617151e-06
3.647554e-06
2.4070976e-06
6.708151e-08
3.058501e-06
6.150392e-06
3.2107128e-08
3.490783e-08
1.5157732e-07
6.646515e-07
8.786122e-06
7.4245845e-06
4.3602604e-06
1.3532875e-05
4.4116625e-08
1.121321e-07
1.44213855e-05
3.3073633e-05
8.9004425e-05
3.7995607e-05
7.735422e-08
1.2964783e-07
6.338672e-05
0.00057785347
0.0046338104
0.9861763
6.765308e-08
1.3010023e-06
8.261908e-06
0.0009610418
0.04921157
9.2642895e-06
2.9753542e-07
5.1941483e-06
1.6619308e-06
3.349188e-05
7.890248e-06
0.00011943159
8.635267e-05
2.7452245e-06
1.5257759e-06
5.2711283e-07
1.7964363e-05
9.685805e-05
2.0160458e-05
1.2642091e-07
7.100257e-07
0.00017616864
1.5780299e-05
1.5984532e-06
0.00031410638
3.2176627e-06
3.0750336e-05
