8.63329e-09
6.4879124e-08
6.245371e-08
5.359989e-08
1.36503475e-08
1.215201e-08
1.0046233e-09
1.2248371e-07
1.5791304e-07
1.063417e-08
2.1216378e-08
3.310412e-08
4.2772875e-08
1.359469e-07
2.9235594e-08
1.0997429e-08
8.479197e-08
3.0980186e-08
1.5140145e-07
4.297221e-09
1.2654048e-07
5.925953e-08
1.2563723e-07
1.9525291e-07
1.6891872e-07
1.0985128e-09
1.7923705e-07
7.0421116e-08
3.24584e-07
3.3662094e-08
4.66021e-07
5.05719e-07
1.588502e-07
4.795755e-11
8.603119e-09
7.6612844e-07
4.67745e-08
3.0928072e-07
1.0821603e-07
3.6615428e-09
1.8283491e-07
8.930858e-08
1.5749402e-08
4.016167e-07
1.791955e-07
1.522567e-07
1.05385e-07
6.049926e-07
9.779175e-09
1.2270442e-07
3.1339593e-07
6.1041956e-06
3.4323343e-06
1.3607262e-06
8.253082e-06
6.0993744e-07
6.598729e-07
1.0095905e-06
1.6838341e-05
1.3099813e-06
3.6454228e-06
1.0231151e-05
1.7199302e-07
1.7173964e-07
1.1841549e-05
2.2145727e-05
0.00018763173
4.8017628e-05
0.00014390491
3.4802858e-07
4.146025e-07
7.784935e-07
2.5629613e-06
0.00068055594
6.952937e-05
2.854006e-05
1.2439625e-05
3.482656e-06
6.1040123e-07
1.3724825e-05
2.988889e-06
5.1891107e-06
0.00088245736
2.1248306e-06
0.00010257208
1.9514948e-05
0.0038377424
4.884672e-07
1.0068227e-05
8.115342e-08
2.1214371e-05
0.26614878
0.44663155
1.1070529e-07
4.9492485e-07
1.6991348e-06
2.9310806e-06
3.5174512e-06
1.4670971e-06
3.8929244e-05
