2.223104e-08
4.17307e-08
4.7891007e-08
4.9572467e-08
9.8785186e-08
1.00734205e-07
4.2043122e-11
9.5864e-08
1.4184809e-07
4.7856265e-08
1.9928746e-07
1.5424469e-07
1.2493771e-07
1.1690935e-07
1.754326e-07
7.7307604e-08
3.1911443e-07
2.2706325e-07
1.2504651e-07
2.2308728e-09
2.4325206e-07
1.1781003e-07
1.13648284e-07
1.04095854e-07
1.827458e-07
7.815634e-08
1.7610968e-07
6.083231e-08
3.1572327e-07
7.632952e-08
4.211664e-08
2.1157947e-08
5.1474807e-08
1.6314627e-09
4.230482e-07
3.6578376e-07
1.6921469e-07
4.7539405e-07
3.92778e-07
1.0234317e-07
3.5382297e-07
1.3872463e-07
6.915038e-07
1.725708e-07
1.2254698e-07
1.1125015e-07
2.6891394e-08
5.3454926e-08
2.6048218e-07
9.870057e-07
4.2305453e-07
1.138918e-06
2.891421e-07
2.8768424e-08
3.4746537e-07
1.1627139e-06
8.5941406e-07
2.029679e-07
5.524554e-07
1.3030323e-06
7.78096e-07
3.4768954e-07
6.704461e-07
7.962722e-06
6.0930524e-06
3.262333e-06
2.031503e-06
9.0121006e-07
3.8781007e-05
0.000105506864
0.9854063
0.00017341968
1.5099998e-05
0.059563275
0.0041872845
6.1683627e-06
5.95086e-05
0.0010533496
0.00010398731
4.2761058e-05
1.3361238e-06
1.05308245e-05
1.31828365e-05
1.4780346e-05
3.38383e-05
5.696238e-05
1.3887105e-05
9.45628e-05
0.00021601764
5.9362997e-06
2.5553202e-06
1.4091121e-06
5.644817e-08
1.0073494e-06
2.439712e-05
2.20527e-06
1.11097584e-07
8.118485e-06
0.00043617786
7.3033823e-07
