3.266144e-08
7.3016054e-08
1.2691751e-07
3.5863806e-08
2.8241502e-07
1.0955334e-07
5.518732e-08
4.4416694e-07
3.1500644e-08
2.2062217e-08
1.386015e-07
2.9924344e-08
1.8136637e-07
2.3532077e-07
1.177653e-07
1.8739047e-07
1.2832967e-07
2.571081e-07
3.1090275e-07
2.8148568e-07
3.4148417e-08
8.2461133e-07
4.868612e-08
7.011036e-07
5.2614365e-07
4.2163848e-07
4.5754086e-07
8.861329e-07
2.1328773e-07
3.186478e-07
3.9181987e-07
4.815234e-07
1.6254693e-07
1.5681842e-08
1.6112848e-07
9.019889e-09
1.6795401e-07
7.685993e-07
2.9749546e-07
1.9127873e-07
2.1763425e-07
3.289207e-07
1.1229632e-06
3.9201265e-07
1.7883624e-06
4.4239542e-07
2.1134365e-08
3.2037005e-07
7.73317e-07
8.0255603e-07
5.3497985e-07
2.5065026e-06
4.714458e-06
7.1872574e-07
1.7037356e-06
5.1363634e-07
1.0847327e-06
1.7965264e-06
7.2300572e-06
1.5823467e-06
4.937797e-07
1.0923991e-06
4.960243e-07
1.9797103e-06
6.418816e-06
1.337872e-05
5.7128887e-05
3.2348835e-05
3.9749334e-06
2.3639948e-06
1.892145e-06
7.767277e-06
1.7151973e-05
2.2503832e-06
7.959342e-06
9.7774e-05
0.74835134
4.0858877e-06
0.16682257
0.0040495554
6.3907037e-06
0.0005393951
0.00020791969
4.0480674e-05
1.0929003e-05
1.1843566e-05
0.0006030028
1.3798332e-05
1.0401974e-06
1.0611373e-05
3.9322844e-05
0.0002761316
3.1716452e-05
3.2408938e-05
0.00013597892
9.326262e-05
4.542564e-06
3.9976007e-07
1.5078643e-06
4.9781765e-06
