5.2474842e-09
4.7498855e-10
4.186272e-08
4.396076e-08
1.407541e-10
7.7372846e-08
1.3815152e-07
1.312151e-07
2.1431255e-09
1.0457189e-08
2.2985465e-07
8.792768e-11
1.0866987e-07
1.5770829e-07
7.3272335e-09
3.03963e-09
1.2993881e-08
7.146261e-08
7.250425e-08
3.1170794e-07
3.2799522e-07
1.4095127e-07
9.160375e-08
5.4152885e-08
5.55847e-08
8.164203e-08
1.967941e-07
2.2520581e-08
2.3393957e-07
6.698979e-09
2.534048e-07
2.2827089e-07
2.7869174e-07
1.8851242e-07
2.5275332e-08
9.2559965e-08
8.5617495e-09
1.273621e-07
5.893057e-08
2.0136171e-07
5.8415115e-08
2.6087238e-07
7.23637e-08
1.45829e-07
2.3419548e-07
2.5894204e-07
5.0653757e-09
1.7142408e-08
1.4503736e-07
1.494412e-07
1.4306892e-07
4.885718e-07
6.329781e-07
4.3260198e-07
4.504803e-07
1.065306e-06
1.0101772e-06
1.8196637e-07
1.783124e-08
1.9958065e-06
9.4470685e-08
6.47461e-07
3.5628412e-07
1.2237326e-06
6.46635e-07
1.1212996e-06
3.9483753e-06
3.5507253e-07
4.4558483e-06
1.3249524e-06
1.32129e-06
1.2379327e-05
8.859598e-06
1.9459887e-06
6.2055988e-06
2.1268743e-06
1.9865677e-06
6.5579216e-06
7.4979157e-06
7.0595697e-06
2.3003986e-05
0.00019338378
0.0003271874
2.961984e-05
1.0115568e-06
3.1751474e-06
8.068004e-05
0.00019865252
0.00020567277
0.00045681547
0.99410856
0.00035095692
0.04226326
2.7097356e-05
5.222681e-05
3.7703387e-05
8.025207e-06
3.7991475e-05
6.001414e-06
0.011073291
