2.6625873e-08
3.3963296e-08
4.492138e-08
8.328908e-08
5.430623e-08
6.794733e-08
1.230027e-07
2.2553367e-07
3.025428e-08
1.0875793e-07
1.0796472e-08
4.1400634e-09
5.3385687e-09
2.430271e-10
4.6892833e-08
5.749446e-08
1.8950011e-08
1.8321744e-07
5.764084e-08
8.393833e-08
1.6511855e-07
1.15443925e-07
1.3377972e-07
1.7246576e-07
2.9637107e-07
2.8020366e-07
5.2859814e-08
5.2880726e-08
4.216985e-08
1.4366189e-08
2.1134079e-07
2.5500037e-07
3.5664087e-08
1.6827669e-07
2.519827e-07
5.951827e-07
6.520413e-08
8.293847e-07
1.2273304e-07
2.025412e-07
3.5114023e-10
8.4388013e-10
1.8299586e-07
4.004473e-07
8.148794e-07
5.743541e-07
2.0285248e-07
1.5983214e-07
4.6951527e-08
3.0447973e-07
1.2286022e-08
1.5422238e-05
1.9862903e-06
5.7158803e-07
8.141917e-07
2.7175272e-06
1.7918835e-06
4.0740204e-07
1.4543433e-07
6.1337104e-08
2.3238608e-05
6.5796835e-06
4.4703262e-07
9.179478e-06
7.880475e-07
6.4535635e-07
9.7406075e-05
5.3990723e-05
0.00033912485
1.1963763e-08
1.2084274e-06
3.2399905e-09
0.00075375964
7.029398e-06
2.1953929e-06
8.891233e-05
0.0051584067
2.9069804e-06
5.8374546e-05
5.397194e-05
1.6505104e-05
0.00015527924
0.99622774
2.9955962e-07
2.3680573e-06
1.044053e-05
5.699197e-07
1.7216385e-06
5.2448735e-07
0.008760636
1.0540446e-06
0.0009912758
6.088829e-07
2.0685835e-05
2.2909842e-07
2.6211956e-07
4.741061e-06
2.7728752e-06
5.948178e-07
7.519927e-05
