2.2341876e-08
2.7512144e-08
4.849961e-08
4.4971294e-08
2.7089765e-08
3.012339e-08
1.051234e-07
4.592544e-08
5.2775606e-09
1.6569618e-09
8.109153e-09
3.6597603e-09
8.040115e-08
1.7570243e-07
2.135043e-07
1.1541458e-07
1.12413865e-07
9.205741e-08
1.0615348e-07
1.06323014e-07
1.208974e-07
1.4380146e-07
5.3637234e-10
2.1477796e-07
2.361381e-07
8.751051e-08
3.9435946e-07
4.4815985e-07
4.693503e-09
6.326029e-08
6.466693e-08
6.392586e-09
1.16940186e-07
3.964066e-07
6.269164e-08
5.3878907e-10
8.909055e-09
1.5163492e-07
2.818096e-07
6.9359896e-07
1.4421936e-07
9.969693e-07
2.946294e-07
4.0846604e-07
5.046878e-07
1.1209345e-06
7.5714714e-09
9.054632e-08
4.1647988e-07
1.4886693e-08
2.5213438e-07
3.766105e-07
1.1876491e-07
2.0014556e-07
4.0741438e-07
2.1666467e-07
4.818045e-07
1.2789147e-07
3.6534877e-07
1.0653575e-07
4.681969e-07
4.3502257e-07
2.802215e-06
7.5298396e-07
3.6487887e-07
3.892167e-07
2.7790007e-08
2.1788333e-07
4.1685116e-06
2.0039717e-05
6.8027402e-06
1.9098974e-05
1.1104024e-06
1.3204097e-07
2.4680219e-06
2.1936496e-05
1.5743274e-06
8.386777e-05
0.00057605596
0.004751082
0.00017858617
7.7573844e-05
2.0412488e-06
3.9617767e-06
9.223309e-05
0.37615892
0.36856392
3.9619554e-06
3.9536635e-06
0.00015648585
0.00069846975
3.0332062e-06
4.7137837e-06
1.8007768e-05
1.461848e-05
3.3869978e-06
3.2243544e-05
1.1336155e-06
7.002811e-05
0.0052750437
