8.303294e-09
1.1543935e-08
1.3225451e-08
2.2021303e-09
1.5346487e-08
3.6499053e-08
3.6002536e-08
1.0613753e-07
6.268063e-08
3.2682287e-08
6.9511072e-09
1.5572219e-07
2.481293e-07
1.1344512e-08
1.11123214e-07
2.8869911e-08
5.2628227e-08
1.9641698e-07
2.4389342e-07
3.324768e-07
8.672919e-08
3.5537827e-08
4.2737224e-08
7.244156e-08
8.048568e-08
1.0439795e-07
9.70131e-11
8.7884715e-08
3.6276088e-08
1.1379672e-07
3.0334363e-08
2.747444e-09
9.7685735e-08
7.1918286e-08
1.3295652e-07
3.8538738e-07
5.454355e-10
1.5930356e-08
2.1836378e-07
3.6925886e-07
4.67353e-08
5.510123e-08
5.257608e-08
6.936089e-08
8.494931e-08
3.0020576e-07
2.517653e-07
2.0264017e-06
1.6763213e-06
4.6075758e-07
2.2404564e-08
4.063883e-09
1.3198273e-06
1.2104958e-06
8.404125e-08
5.0654194e-08
2.132817e-08
7.047866e-07
7.6980825e-07
1.2635248e-06
1.8077144e-06
2.6446529e-07
2.9274606e-08
3.836445e-06
6.842688e-06
7.2358043e-06
2.5320955e-05
2.1688254e-05
0.00011935531
0.00012971507
7.6315184e-05
4.4846147e-06
6.86707e-07
0.00035458803
4.1759475e-05
5.008716e-06
2.930067e-06
6.1783817e-07
2.2360118e-06
1.8702473e-05
0.00012808366
1.5850228e-06
8.777962e-06
1.0559451e-06
2.6621661e-05
0.0019466496
0.0013031984
2.1523988e-06
9.4906856e-05
4.0495786e-07
4.3205333e-07
3.67823e-07
2.6224013e-06
0.013491551
0.003046557
0.99345577
1.1237131e-06
1.1580766e-05
1.8157201e-05
1.0621976e-06
