1.9925093e-08
1.613489e-08
5.0146904e-09
2.9582338e-08
2.2727427e-08
5.5459196e-08
4.274612e-09
8.045757e-09
2.0830666e-07
1.4745201e-08
2.571439e-08
1.6204801e-07
4.283009e-08
2.4487616e-09
6.600902e-08
2.3642441e-07
2.6939806e-09
4.6873385e-08
2.6274992e-07
2.6055469e-07
1.9418074e-07
1.1777961e-07
1.7365936e-07
7.201966e-07
2.3973956e-07
8.254784e-07
3.9880038e-07
6.9130746e-09
2.692467e-07
3.786835e-08
2.819619e-07
2.191399e-07
4.099686e-09
1.0460278e-08
4.1720525e-09
3.0342963e-07
4.0540993e-08
3.582519e-08
1.1490363e-07
1.09225525e-07
6.583224e-08
1.065003e-06
9.945644e-07
9.586275e-10
2.8206972e-07
3.6201442e-07
9.258173e-07
4.7762376e-07
7.774675e-07
1.7884408e-07
1.2641179e-06
2.9942305e-07
2.493887e-07
4.635326e-08
1.292313e-06
2.8419427e-06
3.2100347e-06
3.2512304e-08
1.7412819e-07
9.2379577e-07
5.502834e-06
8.328807e-06
1.7552722e-07
1.8770199e-07
1.0604533e-07
1.5543787e-05
2.4191993e-05
1.00856305e-07
8.593151e-07
1.1098366e-05
3.654384e-05
5.523076e-07
1.0136026e-06
3.077635e-07
1.2260541e-06
4.803905e-06
1.1513839e-05
9.018889e-06
0.00019656302
7.01203e-05
3.325817e-05
0.0002963792
0.0032554788
0.1031664
0.8508536
5.4251763e-05
1.0998311e-06
1.959938e-05
0.00015581252
0.0033167887
0.000113002614
6.6531044e-07
3.14381e-07
3.1878432e-07
5.902328e-05
0.00019523634
2.796381e-06
5.139076e-05
2.3700823e-06
8.7190267e-07
