7.1894393e-09
1.8490404e-08
1.2470366e-07
1.7928906e-08
7.764803e-09
3.1771695e-08
4.0627786e-09
2.6752552e-08
3.7242675e-08
2.027043e-08
1.3399084e-08
1.665009e-07
1.3016679e-06
5.5592167e-08
3.2803706e-09
6.7388006e-09
5.377508e-09
3.4555807e-08
3.1523103e-07
6.445796e-08
3.5776093e-08
2.8606355e-08
4.1158166e-09
5.707501e-09
7.05166e-09
1.0732237e-08
5.4264632e-08
8.1206544e-08
4.405955e-09
1.1526954e-09
3.2028308e-07
7.5458985e-08
3.0821593e-07
2.2526077e-08
8.20049e-08
1.2102198e-07
1.8969255e-09
1.4693181e-07
2.4356325e-07
1.2273453e-07
1.7302955e-09
2.9054493e-07
3.1706782e-07
3.0833336e-09
1.530169e-10
6.132917e-08
3.266843e-07
1.4623239e-08
8.6019064e-08
3.6319037e-07
7.227128e-07
1.44888075e-08
4.5145063e-07
3.3562023e-07
3.721512e-07
1.2575739e-05
6.851862e-06
3.531835e-05
4.606259e-08
4.9554137e-07
6.9440105e-08
3.7212333e-06
7.709007e-06
0.99367964
4.562645e-05
5.338443e-05
6.417329e-07
1.7352096e-07
3.6627338e-07
0.034042105
0.0003208174
0.00030656386
0.008322693
0.0007264327
2.5340084e-06
8.6657985e-07
0.0006200298
2.1908795e-07
9.782443e-07
0.0001015148
7.708114e-05
2.7960875e-06
9.198208e-06
8.608713e-07
2.970711e-06
7.1703753e-06
2.2275477e-05
1.5292011e-06
4.7575362e-05
8.309072e-07
4.4670824e-07
4.6981614e-07
1.2237266e-05
3.0067222e-06
1.4248111e-07
8.0503503e-07
6.0296327e-07
0.00014359581
0.00026169964
5.271088e-06
