8.157031e-09
5.7289604e-09
2.6752627e-08
1.3736583e-08
3.1169396e-08
2.7079883e-08
1.6589788e-09
4.2168477e-08
2.215053e-08
1.027414e-08
1.1931242e-11
8.103348e-09
2.3091313e-07
1.0945228e-07
4.9569664e-08
1.345343e-07
1.9746436e-09
4.588902e-08
3.267812e-08
3.8177845e-08
4.0509455e-08
1.4194884e-08
1.7686556e-08
3.112216e-07
1.3431547e-07
2.1944315e-07
6.7011996e-08
9.705837e-08
6.7142567e-09
5.7805703e-08
1.5248162e-07
2.465708e-07
5.9701716e-07
9.7119944e-08
8.72101e-09
7.606476e-08
3.1002097e-07
1.7723767e-07
1.8405906e-07
6.138304e-07
3.3099e-07
5.284387e-08
1.4135473e-07
8.7338753e-07
5.285412e-07
5.1827126e-08
9.167211e-07
1.0688466e-07
8.621376e-07
4.3091734e-07
1.5035276e-06
2.4337683e-06
1.0455352e-06
1.2988315e-06
3.8994656e-07
4.096575e-07
1.3815775e-06
1.755314e-08
7.715831e-07
5.0742415e-07
4.8143743e-06
1.6553044e-05
2.336401e-05
2.7661807e-07
8.126203e-06
0.00021598474
0.00016333676
2.0332896e-05
8.404841e-07
0.0002078924
3.1182357e-05
1.4638338e-06
3.0717458e-06
6.89884e-06
2.5772263e-06
0.00013700892
3.8765567e-05
5.8944465e-07
0.00017316821
1.4562926e-05
7.611534e-06
7.4420794e-05
0.0048218006
8.889514e-06
5.928723e-05
1.15833445e-05
0.98902917
7.2238527e-07
0.0003351462
4.0675792e-07
4.6706822e-07
1.122507e-06
0.07424048
3.766677e-07
1.5531453e-08
2.4633135e-07
6.8960717e-06
7.125058e-05
1.4459929e-05
5.63008e-06
