1.2768733e-08
4.254293e-08
3.100818e-08
2.9603413e-09
1.2623881e-09
6.147475e-09
5.962309e-08
3.935259e-08
6.654024e-08
2.4898794e-08
8.177239e-09
1.482927e-07
5.7336248e-08
9.232045e-09
4.600314e-08
2.9109074e-08
1.3516598e-07
1.1682607e-07
2.5601958e-07
1.560623e-07
1.1974012e-07
1.0882161e-07
1.2934989e-07
5.6322893e-08
1.819771e-08
9.02937e-08
8.407275e-08
1.2048015e-09
1.0915763e-07
2.7138412e-07
9.795612e-09
7.1991295e-08
4.77103e-07
1.8038997e-09
1.5501253e-07
8.3714134e-08
6.8670937e-07
3.107786e-08
3.162111e-08
2.4048418e-08
7.25567e-08
7.187939e-08
2.7858513e-07
7.9570306e-08
1.3604448e-07
9.610662e-07
6.094536e-08
1.9539736e-07
1.0499598e-06
2.4475082e-07
8.223391e-08
1.550739e-07
1.3553446e-06
1.8810456e-07
4.5034918e-07
3.675109e-08
4.0469928e-07
4.0819963e-08
7.746992e-08
2.5593388e-07
1.1754619e-06
6.970872e-07
1.343231e-06
4.148775e-08
1.1006115e-06
1.2279025e-07
2.3784396e-06
3.7363395e-07
7.981087e-06
5.974035e-06
1.2329521e-05
1.678195e-05
2.4507838e-06
1.745753e-07
1.5676259e-06
4.965424e-06
5.878058e-06
6.765591e-06
0.000114722156
5.8706097e-05
1.4640124e-06
2.3736143e-06
2.8235513e-07
2.5129093e-05
0.0003060838
0.0006746981
0.00012483084
0.00011586656
0.00025706866
4.010853e-06
3.7088732e-05
0.002793356
0.0021758787
0.09161829
5.0450745e-07
1.0902701e-06
3.941535e-05
0.98349595
4.1122486e-05
4.5893353e-06
