2.8423356e-08
3.3939827e-08
2.0018033e-08
7.0350836e-08
5.219462e-08
1.6384973e-09
8.933558e-08
5.6681365e-08
5.6858807e-09
5.377168e-09
3.861349e-08
3.575086e-08
9.051824e-09
3.610459e-08
1.5511617e-07
4.6676473e-07
3.1882877e-07
1.6218314e-07
1.8347675e-08
2.2869674e-08
3.0566864e-07
2.3270798e-07
2.0128255e-07
2.3696509e-07
1.3803886e-07
1.5752249e-07
3.0700787e-07
4.811382e-07
5.0273593e-07
5.568557e-07
4.739514e-07
2.2711845e-07
4.476976e-08
3.944552e-10
1.3690898e-07
1.4518443e-07
5.6990217e-09
2.3718599e-08
5.5295327e-11
2.7145333e-07
6.728418e-08
1.3849627e-08
2.740466e-07
5.166994e-08
3.4385837e-07
3.332893e-07
2.1690747e-07
1.907823e-07
1.2300764e-07
5.1840203e-07
2.2946234e-07
8.1026996e-10
1.0403242e-10
2.2370443e-09
7.445903e-07
6.76331e-08
1.3337858e-07
1.8761858e-08
1.7743447e-07
9.338022e-07
8.0111494e-07
4.9282164e-07
1.8194248e-07
9.42502e-07
2.4377886e-07
1.2908489e-06
1.1254541e-06
1.5751286e-07
5.93275e-07
6.70077e-06
1.143167e-06
3.009011e-06
7.970801e-07
5.7209302e-08
6.019727e-06
1.4637358e-06
5.29556e-06
2.3559378e-06
3.7399946e-06
6.047287e-05
2.036216e-05
3.610748e-05
1.3974669e-05
0.940179
2.4085347e-07
1.5561467e-05
1.4021762e-05
0.09333972
0.0058451444
0.00050072715
1.0929668e-06
0.0002564508
6.674209e-05
0.00014248012
0.00088867353
7.4361546e-05
5.832215e-06
2.4027315e-06
0.00042230944
4.07843e-06
