9.05806e-09
2.5692296e-08
1.1147394e-07
1.989193e-10
1.0901159e-06
2.10717e-09
5.00098e-09
2.0256337e-09
2.3249556e-09
2.106445e-08
2.7265867e-09
2.363021e-08
1.09131204e-10
3.583921e-08
9.973969e-10
4.314233e-09
1.8884347e-08
1.6460102e-07
1.15827646e-07
2.9751291e-08
1.982947e-08
3.341806e-08
7.3465465e-08
7.518613e-08
1.5417177e-07
1.3893263e-07
4.184293e-08
8.954613e-08
6.939018e-08
7.3013695e-08
1.2035483e-07
2.298297e-07
4.382438e-07
5.3874366e-08
1.5321699e-11
2.0043782e-07
2.1482254e-08
5.5969656e-07
4.3550537e-07
2.9116356e-07
3.8039957e-07
5.471895e-07
2.8391955e-07
1.7853455e-07
3.6108497e-07
4.9163087e-09
2.0104088e-07
4.5629648e-08
2.812401e-07
1.0133543e-06
6.4995845e-08
6.6433444e-07
1.1132797e-06
7.856451e-07
4.132223e-07
9.92237e-07
2.6758326e-07
3.987737e-07
3.012301e-07
4.2135593e-08
3.834313e-08
1.1124689e-06
1.3215843e-07
8.8777597e-07
9.732919e-07
8.7252937e-07
6.095501e-07
2.1073033e-06
6.4962336e-07
2.3471515e-07
1.2994274e-06
9.244389e-07
2.9112796e-06
1.1451962e-05
7.216906e-06
6.035088e-07
4.2132892e-06
2.8869606e-06
8.688285e-06
8.858487e-06
3.82608e-05
2.2636166e-05
0.001743123
0.00020567418
0.00030549924
0.9918967
0.016540349
1.0330388e-06
0.00012444913
1.5781763e-05
0.00031206646
2.7311441e-06
1.9907204e-06
0.0005956056
4.4638086e-06
4.495649e-05
1.5863705e-05
0.007887343
0.00011805223
4.7381218e-07
