1.1196836e-08
1.9477428e-08
2.8917526e-08
7.8476525e-08
1.0937554e-08
7.3469245e-11
8.376578e-09
2.3238798e-10
1.1143482e-07
4.5984136e-09
5.772985e-09
4.773859e-07
2.1118778e-07
1.3064952e-07
8.8180556e-08
1.3501902e-10
6.616992e-08
2.681551e-07
3.072036e-08
3.0512255e-09
4.5570715e-08
2.9142665e-08
1.2678648e-09
1.042393e-08
8.767172e-08
4.1129434e-07
5.1109436e-07
1.3878307e-07
1.3964801e-07
2.2101459e-07
2.7035992e-07
1.8956743e-07
1.1276209e-07
1.0872367e-07
1.1058598e-07
9.802421e-08
2.3897965e-11
1.6834842e-07
1.3160485e-07
2.1090679e-07
5.2274192e-08
8.976238e-08
1.8382033e-07
8.3120295e-11
1.3954424e-10
8.465348e-09
7.9815784e-08
2.8836185e-08
5.029392e-07
5.534956e-08
3.9886597e-08
1.3169911e-06
5.0160676e-08
8.787971e-08
6.8402375e-07
3.44004e-07
4.989663e-07
2.117266e-08
1.2105091e-06
4.0991424e-08
1.4925594e-07
1.0094015e-08
6.6748804e-08
8.1101945e-07
7.7037475e-07
2.800141e-07
3.828397e-07
1.4933555e-07
1.0685633e-06
5.4383986e-07
7.43127e-07
3.1297577e-07
1.0471078e-06
2.2305467e-06
1.936223e-06
8.4704436e-07
8.4340345e-06
1.3312011e-06
5.4671585e-07
4.905167e-07
1.3856951e-05
3.0986765e-05
7.5865078e-06
6.8104455e-05
5.252749e-05
6.2003674e-06
5.5911754e-05
0.9916494
2.116815e-06
9.616343e-06
0.0013438598
0.020286562
0.0001222708
0.0005128433
0.010054748
0.00029709216
0.0007228155
8.319854e-06
1.7425804e-05
8.013721e-05
