4.136842e-09
1.6729928e-08
2.221958e-08
2.785852e-08
6.000933e-08
5.612398e-08
2.6155204e-08
2.6869667e-08
3.4302148e-09
5.9260756e-08
2.038386e-08
1.6663678e-08
1.3323529e-07
2.3304563e-09
3.2718617e-08
3.816464e-09
3.976101e-09
8.023131e-08
2.0906771e-07
3.6011647e-07
3.1536224e-08
6.31607e-08
3.6722523e-07
4.958734e-07
2.408169e-07
1.5747585e-07
9.040844e-08
4.1182503e-08
1.3943038e-07
1.414097e-07
3.733512e-07
4.3086598e-07
2.7288434e-07
1.5462732e-07
2.1509814e-07
6.1322953e-07
3.958874e-10
6.772598e-07
1.6727215e-07
5.8071146e-07
1.5159476e-07
1.8724526e-07
1.4360238e-10
3.9342146e-07
4.549601e-07
3.2835413e-07
9.7828725e-08
6.463737e-08
5.2000587e-07
9.2518934e-07
4.0404803e-08
3.808809e-08
2.9010786e-07
5.608879e-08
2.8088436e-08
2.9351457e-07
1.2722607e-07
4.7292634e-08
6.570217e-07
4.3965366e-07
8.5078113e-07
3.2309266e-08
1.0103266e-07
6.0824453e-07
4.1345177e-07
6.801808e-07
3.5707507e-07
1.8451446e-07
7.6242173e-07
8.9445297e-07
5.907784e-07
1.2840106e-06
8.2557597e-07
3.128319e-06
2.5281033e-06
3.0508252e-06
8.672992e-06
2.3607745e-06
1.5801813e-06
2.0347563e-05
2.5892512e-05
9.554647e-06
6.5527674e-06
0.00043533737
0.00065905915
0.99601144
3.6496165e-06
6.036378e-05
0.0029785477
6.324013e-05
1.0284051e-05
0.028161889
0.00010233194
6.6877175e-05
8.564452e-05
0.00028151428
2.1281843e-05
0.001276236
1.5591362e-05
8.554253e-05
