1.1641689e-08
1.8529473e-08
2.5356949e-08
1.1805096e-08
7.0817983e-09
9.289643e-12
6.057093e-08
1.7093441e-07
5.453539e-09
1.5247652e-08
2.7722425e-08
7.366298e-09
5.4436992e-08
2.7919539e-08
4.4431445e-09
5.6214e-12
2.0494051e-08
1.418861e-07
2.5543116e-07
4.6296826e-08
5.070511e-08
7.445186e-08
2.8705787e-07
5.6210786e-07
2.2603888e-07
1.2601366e-07
5.7897847e-08
6.7422626e-08
1.7389891e-07
7.653115e-08
1.28498e-07
6.0397895e-07
6.957498e-08
3.0525723e-07
2.6960612e-07
2.3550262e-08
9.967578e-08
2.7862475e-07
4.9697275e-07
1.0066575e-07
5.794946e-07
3.5108567e-07
1.18253976e-08
2.9067776e-08
6.361465e-08
2.8182352e-08
1.3787428e-07
5.392784e-09
1.0632123e-07
3.287883e-09
5.722083e-08
2.6998356e-07
1.1519704e-07
5.032376e-09
9.720355e-09
1.4842864e-07
6.9837403e-09
3.7937065e-07
9.3190727e-07
4.7628848e-07
8.93413e-07
1.2507465e-07
4.5588524e-07
2.3118926e-07
3.7828855e-07
6.696303e-07
2.8792554e-06
1.3773705e-06
1.3964305e-07
4.19633e-06
1.470076e-07
3.2338284e-07
9.184112e-08
6.063097e-07
4.234891e-06
8.3181585e-06
7.35483e-06
1.17299805e-05
8.940243e-06
3.134798e-06
0.00013692345
7.4674914e-05
3.2377047e-05
0.00024165909
1.726219e-05
0.00073593506
5.144271e-05
7.154852e-06
0.0005390073
0.0010469405
0.009067078
0.9083982
2.99965e-07
6.1323647e-07
6.5500217e-07
0.051997103
1.6720695e-06
4.899683e-05
1.7764734e-05
1.7378137e-06
