1.01059765e-08
1.6668928e-08
2.275077e-08
8.640994e-09
6.74388e-08
4.1466315e-09
1.789065e-08
1.7712246e-08
1.333105e-07
1.5853777e-08
3.5768633e-09
1.8707128e-08
8.876151e-08
7.851921e-09
1.5527805e-08
5.4371075e-08
2.552186e-09
6.788253e-09
1.4093383e-08
1.16762614e-07
2.3605965e-07
1.3714428e-07
7.656146e-08
1.6838993e-07
4.102345e-07
4.9809427e-07
4.2390835e-07
4.803761e-07
4.18959e-07
1.1552395e-08
7.973914e-08
6.719995e-08
2.043429e-09
2.6037353e-11
1.1321699e-07
1.4240092e-07
4.2377715e-07
4.9988836e-07
7.1000517e-07
9.7234604e-08
6.833413e-09
6.103039e-07
1.191261e-06
8.293143e-11
5.441141e-08
1.0543438e-07
5.139575e-07
4.1812547e-07
7.073248e-09
1.6475904e-07
1.3281227e-06
4.7505523e-07
4.854481e-07
5.083276e-07
4.5553818e-07
2.5270176e-06
3.1584498e-06
1.52829e-07
5.842997e-07
1.8044092e-07
1.6277421e-06
1.2357798e-06
9.109012e-06
1.35072405e-05
3.1021184e-08
2.41681e-06
2.1287285e-07
9.668245e-07
4.175547e-07
3.4758814e-06
2.4730272e-07
4.093303e-06
3.0765686e-06
5.823124e-06
7.403263e-06
8.9285335e-05
4.5157276e-06
5.6507783e-05
0.0004502044
0.0011126373
0.00026968482
0.00015979145
0.00014652098
0.003262872
0.9903943
2.4859816e-07
2.9096906e-05
2.3112063e-05
2.3545448e-05
0.001569738
2.1179471e-07
9.219893e-08
3.1299936e-07
5.845124e-05
0.04268524
6.22316e-07
4.1862622e-05
1.03287e-06
8.119235e-07
5.5361643e-06
