7.796004e-09
1.6945943e-08
5.4477592e-08
3.2121545e-09
1.4059023e-07
3.785994e-08
2.9253175e-09
2.2348185e-07
3.8067944e-09
1.2157757e-07
1.915354e-08
3.8057884e-08
1.6676844e-07
2.0926523e-09
3.511232e-07
1.0552892e-07
1.4137878e-08
3.96353e-08
8.4784046e-10
5.6276047e-08
8.058538e-08
1.0724389e-07
6.193244e-08
2.942392e-07
1.3818182e-07
4.4899957e-07
3.1117844e-07
2.8850806e-07
1.5670444e-08
1.3588047e-07
2.479185e-07
3.323159e-07
4.959676e-07
9.614139e-07
4.3311033e-07
1.8020971e-07
5.2539417e-07
6.6652217e-07
6.7125194e-07
7.723586e-08
3.1151902e-08
8.042588e-08
1.8314248e-07
1.3817816e-08
1.7067306e-08
2.48745e-07
2.745284e-07
3.8087072e-07
1.6489821e-07
1.05703506e-07
1.5257591e-07
6.183674e-07
1.1520304e-07
3.342483e-07
6.6143153e-09
1.3001844e-08
6.6881e-08
1.9125551e-07
1.5531906e-07
1.2474009e-06
9.06325e-07
1.7225801e-07
2.1729463e-07
6.781219e-07
6.964818e-07
1.0652724e-06
8.54468e-07
8.115559e-07
1.3696813e-06
2.4417983e-07
1.1143344e-06
9.616049e-07
2.167356e-06
7.989572e-07
3.744815e-06
2.6571288e-06
1.9199588e-05
1.0197689e-05
1.5421017e-05
6.513437e-06
0.00015743411
4.198903e-05
2.4217852e-07
2.4016997e-05
0.00015005
0.00025801157
0.00030412653
5.3783992e-06
0.0003404534
0.0008747412
1.3639467e-06
5.2375373e-05
3.5973022e-05
0.002055674
0.9891493
0.009122715
3.4795264e-06
0.01242484
8.252128e-05
3.2998563e-05
