1.2271336e-08
5.344018e-10
3.7570096e-08
3.5239474e-08
4.3074657e-08
1.2371207e-07
9.673837e-08
1.6769581e-08
1.4754141e-08
1.2870334e-09
1.7610104e-08
8.271407e-08
2.9285275e-07
1.2060207e-08
1.5783902e-09
1.6573642e-07
2.8556359e-08
1.1592614e-07
4.828635e-09
1.0734952e-07
1.2739812e-07
3.643101e-08
2.1951502e-07
3.6643158e-07
4.0646609e-07
1.4720571e-07
9.3071996e-08
1.1367908e-07
1.9248112e-07
2.0965455e-08
3.7291837e-08
3.0863922e-07
2.0955806e-08
4.6669172e-07
1.8305889e-07
1.6453852e-07
3.2126323e-07
5.529308e-09
3.403602e-08
1.5322863e-07
2.5766752e-07
2.4973067e-08
1.3715085e-07
1.7591834e-07
6.169847e-07
6.0124684e-08
3.395178e-07
4.929172e-08
1.5008618e-07
1.4459426e-08
1.5872523e-07
2.1196161e-08
5.6847716e-07
3.890737e-07
3.9481978e-07
8.015095e-09
4.86293e-07
4.6237705e-07
5.448946e-08
1.1512686e-06
4.0448202e-07
4.874511e-07
6.7780735e-07
2.7146194e-07
8.609628e-07
5.457665e-07
2.7639949e-06
5.548624e-07
2.7044564e-07
1.7687344e-07
6.7781076e-07
1.9564368e-06
7.3183005e-06
7.768677e-06
2.0725558e-06
1.49416e-05
1.5206963e-06
3.8358953e-06
4.083152e-05
9.6446965e-05
1.4438575e-06
1.6760005e-05
0.00046336994
6.084299e-06
0.00011496708
0.00010497243
1.0892955e-05
0.00020511857
3.320306e-05
0.002016261
3.8097216e-05
2.5068373e-06
0.0029199617
0.0033865971
0.9935551
2.0610992e-06
0.048356336
7.250528e-05
1.2383209e-05
2.5444833e-09
