5.7113136e-09
9.969406e-09
1.5592807e-08
1.4810669e-08
3.322043e-08
4.8877347e-08
7.1703845e-08
4.2106354e-08
2.1260455e-08
8.877072e-09
9.526387e-09
3.404787e-08
4.0437462e-09
1.0025218e-09
7.6808874e-08
1.3745298e-08
1.015522e-07
1.5432114e-07
2.117375e-07
2.465004e-07
1.6107914e-07
1.1515117e-07
8.403978e-08
2.0264851e-08
2.27221e-08
7.239792e-08
4.010476e-08
1.6956486e-07
1.0880302e-07
1.7933452e-07
1.5530577e-07
1.9365369e-07
2.508353e-07
2.8670553e-07
2.6053607e-07
2.4734734e-07
2.973417e-07
6.763664e-07
1.0442373e-06
9.21853e-07
1.633919e-08
4.031377e-08
2.7470605e-07
3.9071034e-07
5.3235755e-07
9.380521e-08
1.289219e-07
2.5074658e-07
3.324402e-07
1.6335376e-07
9.7441344e-08
1.7608863e-07
4.2876074e-08
1.3293688e-07
1.6554299e-07
2.7183145e-07
1.8653756e-07
1.4555594e-06
3.3970247e-07
4.5761857e-07
2.153732e-07
7.170573e-07
2.3743966e-07
1.921243e-07
2.3643306e-06
8.077398e-07
6.566376e-08
6.2349625e-07
3.5699823e-06
1.0594554e-07
1.3398115e-06
4.020851e-06
1.36302e-05
5.6645305e-08
4.520419e-06
3.3335284e-05
8.385445e-07
1.2606627e-06
0.0007202771
0.00010890861
2.4662927e-06
2.2775555e-06
0.0008649145
0.00012952821
1.7013981e-06
5.074404e-05
6.691446e-05
0.00031309875
0.19699542
0.98195934
4.723347e-06
2.0401678e-06
1.1845268e-05
1.6025906e-05
8.3013874e-05
0.004606564
1.1095689e-06
7.269762e-06
4.3197174e-06
1.19154665e-05
