1.004516e-08
4.1333767e-08
2.421437e-08
4.3079314e-08
1.1875011e-07
2.2554161e-10
2.4756455e-08
6.302711e-08
1.08434044e-07
2.5778022e-09
1.4978559e-07
2.5069312e-08
1.7911786e-07
4.4407695e-09
1.559313e-07
2.606019e-09
1.8591582e-07
3.7123655e-08
3.8977984e-08
2.0162885e-07
2.6999106e-07
3.767e-08
1.6961488e-07
8.7394746e-08
2.8581758e-07
2.4605797e-07
1.13948126e-07
2.178898e-07
2.477312e-07
6.2063634e-08
1.2446858e-07
1.2296827e-08
7.878975e-08
4.965027e-08
3.0819174e-07
1.6668206e-07
2.9072162e-08
4.1532243e-07
8.930906e-08
3.9024403e-07
8.862905e-08
3.4685073e-07
7.3731165e-08
1.4134626e-07
1.4982444e-08
2.3274262e-07
6.4764566e-07
8.5488614e-07
1.6665926e-07
1.7695325e-07
1.2137673e-06
5.5688332e-08
1.6298667e-06
9.0021615e-07
2.0017612e-06
5.6776187e-08
4.7209095e-08
8.409522e-06
5.8714236e-06
2.1987487e-06
2.9327648e-06
1.8679752e-06
3.4384498e-06
1.9322826e-07
8.839674e-06
3.4978235e-08
3.1920624e-07
7.545085e-08
3.3364056e-05
2.7401073e-05
2.9459276e-05
0.00012285443
0.00015728193
0.00020538193
8.6509476e-07
1.7243579e-07
4.4418138e-07
0.0001259653
0.00029239984
7.6326677e-07
1.7302714e-06
1.4791408e-05
0.000435976
0.003478244
0.99366075
5.573786e-06
1.5217778e-05
1.9751078e-06
6.02354e-05
4.182086e-06
2.295743e-06
3.6331292e-06
2.3621214e-06
3.9338174e-06
9.854447e-07
1.2858482e-05
3.1538115e-05
0.04780956
1.2921194e-07
5.9531053e-06
