2.823467e-08
4.7506695e-08
5.182347e-08
1.0767757e-09
2.8379315e-08
1.2744691e-07
8.609481e-08
1.3269936e-07
7.63655e-08
5.6285905e-09
3.4658175e-08
4.3633115e-08
9.7124534e-08
6.9731607e-09
1.1888864e-09
4.259671e-09
1.4949548e-07
1.6495497e-08
2.4223346e-09
1.835445e-09
6.069379e-08
1.7647668e-07
1.0062119e-07
1.468012e-08
1.6048553e-07
1.6145874e-07
1.3811102e-08
2.7839373e-09
4.6837556e-09
2.5497716e-08
9.764051e-08
9.9760555e-08
7.291439e-08
5.9367913e-08
5.4055085e-09
1.686285e-07
2.0511408e-07
6.8725567e-09
3.4130102e-07
8.666879e-09
4.8150824e-08
7.0929545e-08
2.940684e-07
6.2246492e-09
2.049078e-08
2.6928439e-07
1.6334148e-08
1.5760543e-08
1.9538231e-07
2.386441e-08
1.5811908e-08
5.453651e-07
4.5222532e-07
3.9372026e-07
9.675147e-09
3.0798776e-07
9.9025584e-08
8.147997e-09
5.043131e-07
7.04205e-08
1.8291878e-06
2.0183215e-06
1.0640358e-06
2.1382711e-07
3.6657903e-07
7.2364405e-06
5.9595914e-06
6.379747e-08
2.2407512e-07
9.098064e-07
1.7300187e-06
1.2160151e-06
1.1028528e-05
1.1086013e-05
4.045731e-07
4.900308e-06
1.5715839e-06
7.275575e-06
1.0151346e-06
4.8462174e-05
1.586137e-05
1.1647876e-05
6.8954665e-07
2.511459e-05
0.00020837472
2.2069627e-05
0.0001559382
0.9821741
2.1073017e-06
5.327085e-05
0.009326404
0.0016106316
0.00029599716
0.00019729386
0.018685762
0.002233507
5.3656186e-07
1.653785e-05
2.6641064e-06
3.0507417e-05
