2.1012275e-08
4.255026e-10
2.2000856e-08
6.90928e-08
4.1425036e-08
6.339478e-08
2.517198e-10
8.174731e-08
1.13142264e-07
5.59473e-09
5.21949e-08
7.624637e-08
3.6357083e-08
9.762896e-08
1.7682055e-08
1.4875441e-07
1.4927889e-07
1.2196382e-08
3.1769858e-08
1.1326843e-07
2.2887899e-07
1.8952262e-07
5.126259e-08
4.705017e-08
7.384028e-08
2.5495834e-07
3.330394e-07
2.6276504e-07
1.6463031e-07
6.549276e-08
1.7466281e-10
6.528559e-08
4.1811752e-08
7.633322e-08
2.3023755e-07
3.6130892e-08
4.033169e-08
7.537767e-08
5.895087e-08
1.7205512e-07
5.2983683e-08
1.3942997e-07
1.0731996e-08
9.7540065e-09
2.0846056e-07
5.818239e-07
1.0868603e-08
1.5801074e-07
6.3587976e-08
2.8864488e-07
1.3575179e-07
4.4610024e-07
2.1215283e-07
6.015601e-09
5.812843e-09
1.3340491e-07
1.2390511e-07
1.8941963e-08
8.3751314e-07
6.1834226e-07
2.1716983e-07
2.802994e-07
1.5248544e-07
3.4198774e-07
9.4546533e-07
4.0613696e-08
4.6299294e-07
3.165574e-07
1.2185459e-06
1.3710885e-06
1.093596e-06
2.7670416e-07
2.2772667e-06
7.460603e-07
4.629359e-06
3.8225367e-06
1.9126786e-05
5.4623497e-06
8.942193e-05
3.20256e-05
0.00012737817
0.0010024382
0.02014083
0.9881272
1.1234748e-05
1.4713275e-05
7.4439995e-05
0.007992329
8.098748e-07
5.101679e-05
2.8559932e-06
0.00023783598
1.0657394e-05
1.9130664e-05
0.00015635135
0.00013417535
3.292709e-07
6.3412426e-06
1.7611555e-07
0.00091841153
