8.532062e-09
1.4725466e-08
2.0349528e-10
3.0057613e-08
1.8019067e-08
1.9429244e-08
9.491608e-08
5.1146202e-08
1.0439451e-08
3.4104747e-08
5.9598946e-08
1.1613052e-07
1.10236485e-07
7.7128924e-08
3.6577973e-08
1.7237136e-07
1.8765773e-08
1.9092057e-07
5.719178e-09
6.027558e-08
8.000333e-08
4.2771498e-07
4.1076107e-09
2.7475053e-07
3.4447277e-07
1.4763309e-07
1.2610192e-07
1.6339511e-07
2.0074276e-07
1.3127348e-07
3.4065442e-07
4.1897118e-07
4.621206e-07
1.0944841e-07
1.538458e-07
1.5992855e-07
1.6500982e-07
5.210873e-07
2.9598093e-07
7.310815e-08
4.7864184e-09
2.3120043e-07
1.9629324e-07
1.2059733e-07
8.489502e-08
1.5770732e-08
1.4382622e-08
3.5305752e-07
1.2108373e-07
1.9926838e-07
7.09592e-08
1.5186788e-07
5.8099795e-07
7.572887e-08
7.1630964e-08
7.7101686e-07
5.1203693e-07
5.6529507e-07
2.0104626e-07
1.3338437e-06
2.0759627e-07
1.4481553e-07
1.2674442e-06
2.9664966e-07
9.792517e-07
3.5265895e-08
1.2805942e-06
5.246921e-07
3.2675902e-07
5.744299e-06
3.865434e-06
5.8832904e-07
4.510424e-07
4.407617e-06
2.2710278e-06
1.2269509e-05
7.510251e-06
2.1911487e-06
2.000926e-06
4.1147647e-05
0.000101917794
7.950221e-06
4.9077764e-05
4.6388624e-05
1.9088004e-06
2.1831467e-05
5.400092e-06
0.00059583003
0.958755
0.0031055128
0.017870737
0.00011115699
1.8946848e-05
0.0004993972
0.0033085027
4.858206e-05
9.3841936e-07
4.1363935e-05
1.6922315e-05
2.7324686e-06
