1.8427292e-10
4.3544116e-08
2.3448933e-08
9.280429e-08
1.7570349e-08
1.5171709e-07
3.672338e-08
2.5600036e-07
9.467917e-09
9.769624e-09
5.484136e-09
1.0818761e-07
8.9298595e-08
7.0076204e-08
1.3548723e-07
1.4235367e-08
1.5161437e-08
5.67942e-08
3.2801648e-09
4.4214314e-08
2.216186e-07
1.8651677e-07
6.60944e-08
6.197073e-08
7.665919e-08
2.4449955e-07
1.6722645e-07
7.925339e-08
9.633366e-08
2.8641617e-07
3.4923679e-07
2.2315549e-08
3.0832692e-07
2.6240858e-07
1.1908642e-07
4.1966632e-07
1.11082615e-10
2.799069e-07
3.0720887e-08
4.3031324e-07
6.8901436e-09
3.0267148e-07
1.24481e-07
1.8246537e-07
1.1439906e-07
3.1553773e-07
1.8038799e-07
5.364525e-07
5.4467e-07
4.7639872e-07
1.2936768e-08
1.8784725e-07
2.8776606e-07
4.460818e-07
3.1558454e-07
6.956141e-08
3.2705262e-07
6.0171647e-07
1.2617606e-06
3.4416237e-07
7.692067e-07
1.3509299e-06
1.9925114e-06
4.7080388e-07
3.8185127e-07
1.8952506e-06
1.9620504e-06
4.7980966e-06
1.07028945e-05
8.1029674e-07
6.829987e-06
3.1632053e-06
2.2498432e-06
3.6934753e-06
1.8883224e-05
5.4041366e-06
1.4007584e-06
4.549746e-07
7.915739e-07
1.9369327e-05
0.00025940235
0.00022039816
9.6744465e-05
0.00017122577
0.9848414
1.44991045e-05
8.927611e-07
0.005853799
0.08062652
1.63563e-06
1.0949494e-06
0.00014743741
8.055408e-06
6.4047333e-07
2.8715278e-05
0.00093873555
8.442496e-05
2.4961878e-07
8.1405443e-07
3.7601876e-07
