1.1729313e-08
1.4155725e-08
7.720161e-09
2.0603908e-08
3.4063148e-09
3.03375e-07
1.4981251e-07
1.5756326e-07
6.243428e-09
3.3687476e-07
2.1361965e-08
1.10444154e-10
5.5202044e-08
8.685341e-08
3.751693e-08
5.8960865e-08
5.5847728e-08
2.9559246e-08
9.655343e-08
1.4102585e-07
1.438587e-08
2.2707288e-08
9.074323e-08
1.5408781e-07
3.4710266e-07
2.2411527e-07
1.2919098e-07
1.0936496e-07
7.366143e-08
6.92899e-08
8.7127425e-08
1.8059743e-07
3.1323825e-07
1.9564357e-08
2.7188597e-07
2.0952517e-07
4.824553e-08
3.4197302e-07
4.961494e-07
4.4649127e-07
2.687297e-08
2.929817e-09
3.5654633e-08
5.355542e-08
2.2964392e-07
5.6755783e-07
4.4562403e-09
2.7593662e-08
2.2836672e-07
1.7090193e-07
1.5067707e-08
1.3312031e-07
6.738056e-07
4.5637987e-07
2.5131607e-07
6.878793e-07
2.0484504e-10
2.3560229e-07
3.5091566e-07
8.9099603e-07
1.1548103e-06
8.111933e-07
2.4037167e-06
1.0653814e-06
4.5333337e-07
1.15666246e-07
4.344043e-06
6.1582555e-06
3.7592687e-07
8.1498615e-07
2.2431464e-06
6.486754e-06
4.2700228e-07
3.0078213e-06
0.00041888087
4.7833786e-05
5.3585038e-05
0.00011474456
1.6809224e-06
1.790984e-05
0.0009309836
1.4852793e-06
9.672851e-06
1.661357e-05
0.006173788
0.000243478
0.9037586
1.9808273e-05
0.5135008
0.00032064266
5.1057315e-05
4.022095e-06
5.2893542e-06
0.0001587137
7.325142e-07
0.0012545909
1.6130842e-06
9.3778235e-06
5.404445e-06
3.7013313e-05
