9.88024e-09
1.1831905e-08
1.2936288e-10
2.9023248e-08
2.3506544e-08
4.7615977e-08
4.186833e-08
1.5725735e-08
9.1517244e-08
1.560817e-09
1.5202289e-07
2.077617e-08
1.805636e-08
3.2686984e-07
5.37605e-08
4.3798e-09
7.306262e-08
1.9581618e-07
2.1576429e-07
1.0503575e-08
3.379592e-09
3.4384033e-08
1.251197e-07
2.4287223e-07
1.3727201e-07
2.7778563e-07
2.3536577e-07
5.680142e-08
1.208617e-07
1.5830624e-07
1.3257801e-07
2.533728e-07
1.8564927e-07
2.7512831e-07
3.445114e-07
2.5287105e-07
3.3259084e-07
3.6711893e-07
5.0214885e-07
8.2940904e-10
8.330506e-09
1.14907e-07
1.857866e-07
5.0157473e-07
2.8991465e-08
2.8654009e-08
1.3896451e-07
1.1807311e-08
1.0154267e-09
1.5256362e-08
1.6885089e-08
3.8001662e-07
6.343913e-10
5.16144e-07
1.0766331e-09
3.7552866e-08
5.2035784e-07
5.313179e-07
1.01405085e-07
1.0181409e-06
2.6488263e-07
1.0920728e-06
1.1258101e-06
2.2007902e-07
9.5227944e-07
5.473386e-07
7.863428e-07
3.9844568e-07
1.603357e-07
1.3668317e-07
4.880317e-06
9.2351513e-07
3.347807e-07
5.241869e-06
2.0547206e-07
5.9908916e-06
8.7871544e-05
7.0367554e-07
1.2378772e-06
3.552897e-05
1.01857495e-05
3.2285525e-06
0.00056386
0.00031981865
6.06042e-05
0.0019331027
8.972375e-06
9.1133525e-06
0.994289
0.0016180712
0.016194357
2.8747948e-07
5.897475e-05
6.008037e-06
6.7176376e-07
8.7229955e-06
3.3748245e-05
0.00011881051
0.003952481
7.148768e-07
