2.0457483e-08
1.3564139e-08
2.2647789e-10
3.930992e-08
3.352659e-08
9.940844e-09
1.4881951e-08
2.4646345e-08
2.0128641e-07
9.781733e-08
8.648519e-08
7.45412e-08
1.6568378e-09
1.13272584e-07
6.1578485e-09
3.3127804e-08
2.2498733e-07
4.219167e-09
1.7466181e-08
2.5901944e-08
2.0961082e-07
7.501494e-08
7.049764e-08
1.0445946e-08
8.438876e-08
9.35895e-08
3.1354381e-09
4.8916256e-08
6.303377e-08
1.0206877e-07
1.4036857e-07
2.155247e-07
3.393666e-07
2.8521455e-08
4.0814402e-07
9.987223e-09
8.5564636e-08
2.5031179e-15
1.5348343e-07
2.3564944e-07
3.3293676e-07
7.6564845e-07
4.023796e-07
3.588124e-07
6.9597036e-07
3.3836063e-08
4.5529134e-07
1.00361866e-07
1.2908548e-06
4.7099475e-09
1.0264953e-06
6.5335576e-07
2.429443e-07
1.0382439e-06
6.233499e-07
1.8086988e-07
2.4777083e-07
1.0649517e-07
8.60234e-07
7.140414e-07
2.1845665e-07
9.738477e-07
1.2382429e-06
1.1098912e-06
1.3450409e-06
5.920878e-08
1.7258664e-06
1.1099012e-05
2.3296527e-06
7.4295747e-07
6.579223e-07
8.3756373e-07
8.970127e-06
1.4465306e-06
3.960707e-06
3.5304638e-06
1.7575187e-06
7.4727513e-06
1.1397273e-05
3.0948122e-05
2.5428448e-05
4.7351446e-06
2.7907126e-05
0.00014088163
0.99713093
3.2078267e-05
2.1052778e-05
2.1465406e-05
0.03488973
0.009621943
0.0003300073
0.00024074542
3.7539317e-05
2.1077005e-06
0.0003902763
0.00021976841
1.1044996e-05
4.765586e-06
0.00018470771
5.5267712e-08
