1.8956803e-09
2.2015865e-08
2.6555018e-08
6.786938e-08
2.8291538e-09
3.0188502e-08
1.7834984e-07
3.6186962e-10
1.904229e-07
1.8601742e-08
2.142257e-09
1.8738686e-10
4.1036436e-08
3.145455e-08
3.1077676e-08
2.582017e-08
4.633722e-08
4.003869e-07
9.089348e-09
3.5344996e-08
3.61633e-08
7.303339e-08
5.3859526e-07
2.3750873e-07
1.3327141e-07
1.15966635e-07
4.5762096e-07
7.0693306e-07
2.895821e-07
8.798531e-08
1.6161236e-07
1.7761464e-07
1.9153104e-09
2.1711675e-07
1.1110738e-07
1.7852523e-07
9.760999e-08
2.2742416e-10
1.9753801e-07
1.4237488e-09
1.6523323e-08
1.2893247e-07
4.7850985e-08
3.385906e-07
9.942423e-08
7.2943874e-07
1.2518861e-06
5.4127872e-06
3.1231898e-06
9.567451e-06
1.7640004e-06
4.1371018e-06
2.16836e-06
2.4307192e-07
1.6552654e-06
2.6998217e-07
4.806886e-06
3.1897565e-05
2.2681851e-07
7.8653017e-07
2.3316496e-05
2.7286753e-05
1.8539353e-06
1.2183812e-06
9.645111e-07
8.390689e-06
5.148706e-06
6.2302826e-07
2.2495017e-07
2.540457e-07
0.00019487609
1.0661291e-05
7.1653386e-07
1.5195586e-07
6.7895115e-07
3.7369844e-06
7.8263474e-07
0.00028659025
3.3384647e-05
0.00011136885
8.841472e-06
0.0011560237
3.9828195e-05
5.4363387e-05
0.00039065556
0.99636126
3.745464e-08
8.770003e-07
1.4082476e-06
9.804114e-07
3.8324907e-07
2.603374e-07
1.9390093e-07
7.830567e-09
0.019931618
2.7356708e-07
1.723876e-06
1.5174031e-05
8.8451804e-07
7.5302205e-06
