6.61594e-08
8.8599904e-08
1.957048e-07
1.974952e-07
1.3252226e-07
3.425418e-08
5.28439e-09
9.791109e-08
1.9727825e-07
3.1937837e-08
9.801071e-08
1.275383e-10
4.0930402e-07
2.3930474e-07
7.071392e-08
3.6805503e-07
4.9289145e-08
4.1694936e-08
4.716974e-08
1.8970928e-07
5.8883696e-08
3.316204e-07
2.470765e-07
4.325573e-08
8.725443e-08
4.8850332e-08
4.2094932e-08
4.7301064e-08
1.9351324e-08
1.584911e-10
1.9502592e-07
2.1251903e-07
4.4936388e-07
5.8904885e-07
6.55196e-07
9.5619214e-08
7.070455e-08
2.4769076e-07
7.8195725e-08
5.5003727e-07
3.8379792e-07
2.3387838e-07
1.9681313e-07
1.690767e-07
6.3932255e-08
1.788494e-08
3.849303e-09
5.28194e-08
1.623705e-07
2.3484453e-08
3.0368741e-07
5.7127266e-08
8.422742e-08
2.2032813e-07
4.856648e-07
2.1529272e-07
5.4037645e-07
1.6607829e-06
3.015179e-07
8.6598504e-07
1.5765966e-07
1.2347297e-06
4.985139e-07
1.4888974e-06
6.186308e-07
1.262197e-06
7.676753e-07
1.2693818e-06
3.1972252e-07
5.626258e-07
2.5852096e-06
8.730223e-06
6.935789e-06
0.00016048597
4.487504e-05
2.2076134e-05
1.6360424e-07
8.251522e-05
0.9427972
0.00033218603
0.000254019
0.0024165276
0.06740532
5.676268e-07
4.4642627e-05
2.9765163e-06
8.221782e-07
1.0692621e-05
1.0856605e-05
2.2377708e-05
1.4395079e-06
4.3881036e-07
0.001133222
0.006106707
5.698745e-06
5.3981586e-07
6.4818496e-06
2.4471815e-06
2.2477421e-05
4.9572314e-05
