3.3872332e-08
5.2634697e-08
2.570676e-09
1.8538238e-08
6.0181804e-08
1.1919401e-07
8.141801e-08
2.6645128e-07
3.374017e-11
1.3144861e-09
3.545948e-09
1.2381337e-09
2.479606e-07
7.564997e-08
2.3108754e-12
2.6027172e-08
5.845745e-08
9.828148e-08
1.7825665e-08
1.12039515e-07
8.566177e-08
2.547826e-07
1.2343499e-07
5.8143407e-08
3.0579816e-08
1.4275983e-08
2.037398e-08
6.290001e-08
1.6645122e-07
1.7109805e-07
3.4602382e-07
4.3772954e-07
3.605299e-07
1.2398033e-09
3.0720219e-07
1.3670686e-07
2.482576e-07
2.245253e-08
3.911027e-08
1.749438e-07
2.775266e-08
1.2250442e-07
2.756456e-08
1.1520211e-07
3.9269898e-07
2.3615756e-08
2.8050374e-07
4.1161337e-07
1.489398e-08
3.693408e-07
4.2004288e-07
2.8383366e-07
3.469014e-10
3.9633719e-07
7.89436e-07
3.4311302e-08
2.095358e-07
1.0841706e-07
2.0843619e-07
3.9589165e-07
5.218425e-07
5.5000675e-07
4.451881e-07
8.3226837e-07
1.2393127e-07
1.4480496e-07
1.472151e-06
4.7989175e-07
9.754671e-07
1.2730044e-07
5.3364613e-07
2.8770617e-07
1.3252549e-06
1.2859263e-06
2.9643797e-06
1.1287889e-06
1.9058054e-06
4.9517894e-06
1.2542663e-06
1.5582712e-06
4.097088e-06
1.1354454e-05
3.0045838e-05
2.7231088e-05
0.85964507
0.5793361
1.5293598e-06
5.742481e-05
9.21241e-06
0.0007867516
0.00017116741
3.4677392e-05
0.00020417327
0.0031180757
1.5014634e-05
0.0005575787
2.3442178e-06
6.1506935e-06
1.7023558e-05
0.00016846198
