3.5952315e-08
6.972608e-09
1.04601675e-07
1.0358405e-08
6.9793366e-08
2.0685998e-07
6.232691e-08
3.1972395e-08
1.2189335e-09
6.793277e-08
1.7968354e-08
1.9719891e-07
4.2570935e-07
2.2376961e-12
9.799897e-08
1.4045382e-08
2.204266e-09
1.272691e-08
1.7501868e-07
3.613655e-08
2.6424216e-08
1.0501902e-07
3.236243e-08
5.0242264e-08
1.0736319e-07
3.2411617e-07
5.0443372e-08
3.3875422e-09
5.48162e-07
4.6440283e-09
5.7102465e-08
4.6191932e-08
1.4221519e-07
1.173116e-06
1.8064418e-08
3.0800873e-08
1.2775133e-06
1.3101706e-07
1.8031196e-07
2.574693e-07
8.537497e-07
5.0782162e-08
7.857301e-08
1.818136e-07
2.117524e-07
2.3808616e-07
9.1186746e-11
8.329987e-08
2.0199462e-07
3.9308148e-07
2.8747232e-07
1.0763192e-06
3.331607e-06
4.7944224e-07
1.9877707e-07
2.2051431e-06
7.717739e-07
1.959947e-06
3.0201818e-06
7.660537e-06
2.591176e-07
1.7561463e-07
1.4980524e-05
2.220982e-05
5.7760426e-05
4.9074657e-05
1.1096878e-07
3.7877835e-05
1.0751927e-06
8.718788e-08
5.7280863e-07
0.00011086789
0.013749503
0.9930559
0.025990918
0.0006482848
0.00043475212
1.7368927e-07
0.00025938355
3.5265486e-05
0.00011633835
3.2106584e-06
7.294316e-07
7.150523e-05
3.714734e-06
5.4110287e-06
1.0171333e-05
7.893341e-06
2.635941e-06
0.0001634642
1.18246035e-05
6.671399e-07
2.9379084e-05
1.0573574e-06
0.00021042278
1.2276298e-06
9.039082e-06
6.495855e-06
0.0003144285
2.9202477e-06
