9.690009e-09
2.4783462e-08
1.1478696e-09
8.871604e-08
4.0111072e-08
3.1811024e-07
8.202941e-08
3.5885005e-08
1.4928956e-07
3.5080586e-08
1.5428647e-08
3.4233276e-09
2.8129497e-07
1.2976963e-07
4.0439257e-08
1.5081639e-08
1.7952479e-08
5.461642e-07
3.488649e-08
4.562912e-08
3.1481427e-08
5.232156e-07
5.4257615e-08
1.5312132e-07
5.5954125e-08
3.155733e-08
1.7693804e-07
3.677368e-07
4.117516e-07
5.3321537e-07
8.2515766e-07
5.437435e-07
1.7648922e-07
1.4226863e-07
1.4405138e-07
3.0018342e-07
2.8933624e-07
6.2580074e-07
2.3325779e-08
2.894035e-09
2.1816376e-07
6.969625e-08
6.699699e-08
1.7301626e-07
5.6724855e-07
1.0815996e-09
8.250616e-09
4.3119044e-07
6.614773e-08
3.2385793e-07
6.667127e-07
6.454446e-08
1.8400149e-08
5.745357e-07
1.2108484e-07
2.0085791e-07
7.87651e-08
2.7291475e-07
1.2974873e-07
8.660113e-08
2.2864671e-07
4.408619e-07
2.1294515e-07
9.839056e-07
2.5656076e-08
2.8329802e-07
1.4667528e-06
3.2382567e-07
1.555544e-06
1.6341635e-07
1.009958e-06
4.7325693e-07
2.0754412e-06
2.1236542e-06
4.7036377e-07
7.0329895e-07
8.78095e-06
2.3291748e-06
3.4808743e-06
1.5565589e-05
1.2952262e-06
3.129695e-06
4.409533e-06
5.9932187e-05
0.00016260918
9.784035e-05
0.0013169721
2.7980986e-06
2.9501634e-06
0.0058954544
0.9881403
1.604278e-05
2.5928673e-05
0.0001982634
0.00018733299
0.01981535
0.0015320044
3.504102e-05
1.4632207e-06
8.658754e-06
