2.0767668e-08
1.9198621e-08
1.5044783e-08
9.090102e-08
7.0360315e-08
6.2183325e-08
2.464827e-07
8.4807596e-08
6.559477e-09
6.423584e-08
4.215421e-07
1.691531e-07
6.772375e-08
1.4010021e-07
2.7596502e-07
3.0504867e-07
2.008336e-08
1.6493053e-07
1.4069431e-07
4.142802e-08
3.4266282e-07
7.929091e-08
5.13676e-08
2.4900801e-08
1.3155963e-07
3.6111675e-07
1.202932e-07
1.1968868e-07
1.2475438e-07
1.0626027e-07
9.5605216e-08
1.6680026e-07
4.4453827e-07
5.995186e-07
5.0586664e-07
3.268312e-07
9.538209e-10
2.6462923e-09
2.6009226e-07
1.0229328e-10
2.2673041e-09
4.3528973e-07
5.0404534e-08
7.460818e-08
9.483038e-08
5.1648147e-10
4.1430362e-10
2.6229055e-10
2.446842e-09
1.2643206e-07
6.66225e-07
2.5531858e-08
1.0486845e-07
5.7469077e-08
1.8379511e-08
8.125039e-08
4.531861e-07
3.6864358e-07
5.3994336e-07
4.2013954e-07
1.2172729e-06
6.711205e-07
6.425678e-07
9.165945e-07
7.318332e-07
1.5794232e-07
1.0885051e-06
3.2115307e-07
8.129468e-07
1.6734421e-06
6.519345e-07
8.0367744e-07
6.36332e-07
1.3961354e-06
2.1312085e-06
1.1738703e-06
5.8329247e-06
4.458781e-06
3.733205e-06
7.00546e-06
2.3616923e-05
1.3626159e-05
1.0414857e-05
8.516498e-07
8.934217e-06
5.45889e-05
3.1579617e-05
6.6834546e-05
2.9879247e-06
0.00023264805
9.23145e-05
0.00010122206
0.00046209738
0.001001319
0.0069985143
0.4343344
0.61095464
0.0062822136
6.159413e-05
6.007235e-05
