2.5074062e-08
3.302848e-08
5.48926e-08
1.5899419e-08
3.3664393e-09
3.8560156e-08
1.9837132e-07
5.31546e-10
2.2634161e-10
1.4314619e-08
1.6911573e-08
7.975076e-08
1.598329e-08
1.019249e-09
2.4485495e-08
1.0730164e-07
4.527005e-12
2.7185865e-07
9.570686e-08
5.403107e-09
2.3561412e-08
2.7193298e-08
3.656622e-08
1.14033554e-07
6.242552e-08
2.2558027e-08
1.1873199e-08
1.1958326e-08
1.5336273e-08
6.551162e-08
3.919506e-07
3.8890184e-07
9.709225e-08
3.9807577e-07
5.482641e-07
2.6431533e-07
1.7800913e-09
1.2311764e-06
5.1236055e-09
2.4805157e-08
1.4648552e-07
3.1361267e-07
2.456653e-07
3.1715922e-07
2.5141415e-07
2.6609152e-07
2.662636e-07
1.7206916e-07
5.6604023e-08
3.5553384e-07
8.620835e-09
9.5156e-08
6.1712015e-08
3.9106857e-07
2.9323175e-07
8.974602e-09
1.4556507e-06
5.9933205e-07
2.7625031e-09
2.6454811e-06
7.672435e-07
4.9630106e-08
1.365875e-07
1.7071371e-06
9.800384e-07
6.6365874e-07
4.0505324e-06
9.315545e-06
1.8656651e-06
5.1892748e-08
2.648566e-08
9.651295e-07
1.1861284e-06
5.636488e-07
3.401271e-06
1.9981062e-05
1.3319875e-06
2.0259422e-07
3.5197612e-05
2.537569e-05
0.0011098703
2.9076813e-05
2.77895e-06
6.195257e-05
0.00038214537
1.822536e-05
0.7348581
0.716921
3.9480014e-06
5.838046e-06
0.00023791555
0.0035766575
0.00015326012
1.9951665e-06
1.6277598e-05
0.0001819268
2.0055013e-05
1.4079648e-06
1.2599854e-05
8.4259984e-05
