9.086498e-09
9.860793e-07
4.309003e-08
2.4726492e-07
5.0141153e-09
2.5122563e-07
9.832088e-10
9.035478e-09
6.9350186e-08
1.7677806e-08
5.172918e-08
7.421521e-08
2.1217069e-08
3.307756e-09
5.245603e-08
8.87446e-08
5.584924e-07
3.1661747e-09
1.3079928e-07
2.3034275e-08
6.000159e-08
2.9889067e-11
5.838112e-10
3.9804625e-08
2.8838926e-07
2.837826e-07
4.8511583e-07
5.790741e-07
3.926075e-07
3.237419e-07
8.046481e-08
2.6359507e-08
3.0902076e-08
4.4655472e-08
4.232763e-10
2.9572738e-07
2.2877015e-07
1.359051e-09
4.992172e-07
6.0055814e-09
4.1071894e-07
2.2689271e-07
5.7368943e-08
9.253386e-08
1.0029518e-07
8.281668e-08
4.9760676e-08
6.519372e-07
2.0803314e-07
1.8228235e-07
3.661939e-09
9.845442e-07
6.035071e-08
7.798817e-08
7.664615e-07
6.516589e-07
1.760634e-07
2.7583997e-07
1.0796792e-06
4.550206e-06
7.5307383e-07
3.2911913e-07
2.0733835e-06
8.6592e-07
4.1031092e-07
2.2157176e-06
1.3659076e-07
6.566314e-05
5.4479147e-05
2.5584719e-05
2.3401888e-05
4.7592152e-06
0.00023362665
0.0012238568
4.191343e-06
1.0833921e-06
0.8663163
2.2882698e-06
3.3387375e-06
0.20828745
4.156969e-07
9.338089e-06
7.224226e-06
8.9375455e-05
5.28525e-06
8.4796084e-05
8.4504615e-07
0.00012648807
8.198032e-06
5.9843305e-06
3.1069623e-05
1.808634e-05
1.951815e-05
1.6547432e-06
1.8784079e-06
2.830921e-07
1.1601553e-06
0.0014960803
2.3405713e-05
8.133084e-07
