2.0363741e-08
1.7495168e-08
3.8565975e-08
3.2746673e-08
5.0947406e-08
2.3437414e-09
5.412175e-08
2.9250852e-08
2.30185e-10
2.2892002e-09
4.890685e-09
2.4972373e-08
1.14470254e-07
6.22205e-07
4.023136e-07
2.882985e-08
3.8002558e-08
9.041378e-10
5.6727076e-09
7.335425e-08
4.0322286e-07
1.8996342e-07
5.1609142e-08
6.143523e-08
3.481749e-08
3.7997946e-08
1.02479454e-07
1.82539e-07
3.0716419e-07
4.4785775e-08
2.2507814e-07
1.3643466e-07
8.816224e-08
7.159163e-08
5.708436e-10
4.538086e-08
2.0163732e-08
6.9744255e-10
1.4311243e-07
7.198227e-08
5.536012e-07
1.8571697e-07
1.693188e-08
4.426801e-07
6.836159e-08
9.433934e-08
1.3175989e-07
3.6060288e-07
3.7225317e-07
8.2606726e-07
9.0225114e-08
3.0930347e-09
2.9911905e-07
4.0741452e-07
1.6922007e-07
9.455101e-08
1.3611064e-07
5.369172e-07
1.6911269e-08
1.261285e-07
2.9647114e-07
8.858179e-07
1.2383877e-07
2.0976168e-07
2.0470398e-07
2.966567e-06
1.5090187e-06
3.2462736e-07
1.5290917e-06
4.0686987e-06
7.4868626e-06
5.5225496e-07
1.2536736e-06
1.1331267e-06
4.314782e-07
4.746473e-05
3.0033603e-05
8.2775514e-05
4.6478635e-06
9.0765553e-07
1.1316275e-07
1.6828698e-06
0.9783878
0.010847453
0.017069558
8.492695e-06
0.0007982909
3.3906064e-05
0.00025053113
6.363965e-05
7.88871e-05
4.377044e-06
3.5191729e-06
4.199005e-06
1.1416596e-06
2.0599975e-05
0.0026048447
3.529116e-05
7.0222304e-05
1.1147906e-05
