1.1644221e-09
4.6863393e-09
8.059536e-09
1.5722282e-08
4.365051e-11
5.4993863e-09
6.7941603e-09
5.8117298e-08
9.0039004e-11
4.381726e-08
1.09387734e-07
1.0650458e-07
4.7923635e-08
2.0031469e-07
4.4524803e-08
3.0308615e-07
5.590379e-08
1.3108547e-07
5.813234e-10
6.972154e-07
7.8858555e-08
9.107024e-08
7.64769e-08
3.175488e-08
8.510656e-08
8.985269e-08
7.2484916e-08
6.47453e-08
4.5512657e-08
7.636011e-08
9.3014684e-08
1.6092555e-07
1.6676027e-07
2.6227474e-09
6.7768696e-08
5.5723454e-08
4.4212314e-07
5.0392566e-07
3.3369748e-08
3.27747e-07
2.3369181e-07
4.678272e-08
4.845207e-08
7.372435e-10
3.4484913e-08
1.8127335e-07
8.2032244e-08
3.1120898e-08
2.591524e-07
1.0048547e-08
7.886468e-08
4.466104e-09
2.2681574e-08
3.4298515e-07
1.2702276e-08
2.152045e-07
7.873798e-07
2.1213404e-07
2.456306e-07
1.65057e-08
8.692167e-09
6.205802e-08
6.9128004e-07
9.098117e-07
4.4522716e-07
1.0985275e-08
2.0507122e-07
9.3686305e-07
2.5627654e-07
1.7060622e-06
6.568461e-07
2.2860459e-06
7.6209557e-07
3.1741602e-06
8.150938e-06
8.122071e-06
4.420962e-07
4.5853535e-06
3.7342163e-06
1.2760709e-05
1.2075702e-05
4.7335902e-06
2.9996427e-05
5.82564e-05
2.0078326e-06
0.00022557094
0.00034144614
8.109559e-05
3.0478448e-05
0.00020339769
0.0003873671
2.1841537e-05
2.1381044e-05
1.505436e-06
0.005640709
0.00083023455
0.9495717
0.3585496
4.342255e-05
2.6905367e-05
