2.1957515e-08
2.834606e-08
3.2101326e-08
3.9791757e-08
1.0261161e-07
5.2421527e-08
3.536644e-10
3.748437e-08
1.757487e-08
4.5111765e-08
3.3245618e-07
2.356876e-11
4.1859682e-08
9.4730545e-08
8.270086e-08
2.27006e-08
7.061345e-08
1.7251637e-08
3.66559e-08
1.0270959e-07
1.1399393e-07
2.2374752e-07
2.9766267e-07
3.084032e-07
2.0863517e-07
2.2200479e-07
1.8031196e-07
3.8190635e-08
5.1681333e-08
7.859479e-08
6.62931e-08
4.2799772e-07
8.0006245e-08
2.723127e-07
6.3650405e-09
5.7003984e-07
8.826283e-07
4.4130076e-07
1.1737017e-09
3.774784e-07
5.842934e-07
1.2967759e-07
1.4275417e-07
5.864447e-07
4.394797e-07
3.1468863e-07
9.3490735e-07
7.495007e-07
4.82941e-07
2.6564737e-07
5.561424e-07
5.1013365e-07
9.2358744e-07
5.9100597e-07
3.9786147e-07
2.1317193e-07
5.3953335e-07
1.1796296e-06
1.9946729e-06
7.0317856e-07
6.5608424e-07
7.048087e-07
2.6405039e-07
1.2347998e-06
4.1111525e-06
4.4946787e-06
3.3759734e-06
1.2283812e-06
6.1604596e-06
6.818806e-06
4.0360837e-06
1.2640048e-06
1.7463697e-05
3.464287e-05
1.3677502e-05
8.713858e-06
2.885198e-05
8.500329e-05
0.93958694
9.325456e-05
0.05255084
0.0038523276
3.6783375e-05
1.8774605e-05
0.0017420722
0.0005253025
1.777878e-08
2.7403425e-07
7.980099e-05
0.00013487361
8.8567964e-07
4.954028e-07
6.021161e-07
3.3422543e-07
0.00023396169
5.4549928e-05
5.9041935e-07
7.3045635e-07
1.9069928e-05
6.602704e-06
