4.1419903e-09
1.749766e-09
7.142489e-09
1.9599552e-08
1.9604035e-10
1.8687715e-10
6.4906175e-08
1.8500778e-08
1.0580625e-07
6.78865e-08
5.8900866e-08
9.035012e-08
6.683175e-08
8.031644e-08
4.0226016e-08
6.355547e-08
6.651755e-08
2.2776089e-08
1.550533e-07
1.6648903e-08
2.0737217e-07
9.083913e-08
7.2976206e-08
5.6466043e-08
5.9334972e-08
1.9619519e-07
4.8394867e-07
5.2686835e-07
4.4245667e-07
2.467521e-07
3.9497567e-07
3.5497624e-07
4.4314284e-08
1.4331411e-07
1.6118966e-07
7.942253e-07
4.917261e-07
4.6152883e-07
2.9128887e-07
4.270852e-09
2.886454e-07
4.7324662e-07
1.4398238e-07
7.599352e-07
2.5715483e-08
2.7843019e-08
5.933386e-07
2.3963293e-07
1.9743068e-10
1.6119054e-07
2.830929e-07
1.7378282e-07
3.702188e-07
3.0890657e-09
1.2010523e-06
4.2342907e-07
5.840709e-08
8.407049e-08
1.4470165e-06
2.775619e-06
1.3643601e-06
6.8042533e-07
1.6434855e-07
3.3982508e-07
6.009733e-08
3.126598e-07
1.3490293e-06
6.541725e-07
1.0386208e-06
1.8881414e-07
5.0726057e-06
2.8378724e-06
1.3133917e-06
5.241378e-07
2.8524498e-06
1.1485559e-05
2.3008917e-05
7.828336e-06
3.0343292e-06
0.0002654126
0.00029373367
8.150543e-06
0.9946145
8.571838e-08
7.4845143e-06
3.6513033e-05
0.005699712
0.00015773241
1.126063e-05
8.553876e-05
0.039396573
1.1538765e-06
0.00020806196
2.0412997e-05
3.6151858e-05
0.00012110025
0.00063728256
1.0049686e-05
2.1291851e-05
1.3667996e-06
