6.5236105e-09
3.9555045e-10
4.468655e-09
1.9679767e-08
1.40950505e-08
2.5560325e-09
5.6735605e-08
2.926535e-08
2.8180597e-08
5.228448e-07
4.3447624e-08
1.3945733e-08
3.0837086e-08
2.7886725e-07
3.1325393e-07
7.372245e-08
2.3206682e-07
2.4632425e-07
6.0320524e-08
9.7930325e-08
6.480254e-08
5.374495e-08
1.1643494e-07
2.8267732e-07
2.5083716e-07
1.2308526e-07
3.737691e-07
1.2751943e-07
1.6779146e-07
2.5798153e-07
4.684347e-07
2.753603e-07
8.359141e-08
1.8991054e-08
1.6028068e-07
1.12049584e-07
2.9251494e-08
1.1993743e-07
1.2784811e-06
1.6431446e-07
6.66254e-08
2.3520266e-10
9.4548206e-08
8.7400565e-08
4.3226353e-07
1.8730874e-07
8.9064633e-07
1.5767042e-06
3.837612e-07
2.0533759e-07
5.033679e-07
1.2284924e-07
4.311285e-07
7.0816935e-07
3.6067166e-07
2.3266152e-06
8.8020073e-07
2.2727151e-07
3.167421e-07
5.869543e-07
7.297691e-07
5.1138663e-08
4.302126e-06
1.0211531e-06
9.350487e-06
1.1391364e-05
8.950289e-06
1.14646e-05
5.491726e-07
3.1790885e-06
1.2100473e-05
2.9815033e-06
1.9876045e-06
7.713064e-06
1.9384559e-06
0.00016763905
2.581414e-05
0.0009286659
1.0746655e-06
2.3764369e-05
4.8344864e-05
1.2127027e-05
0.9912483
0.0027746856
0.019419253
2.0762982e-05
0.00013479215
1.0760652e-05
4.413542e-07
4.7289227e-06
9.5055265e-07
0.00134568
8.088091e-05
6.617757e-07
3.300674e-07
3.8717726e-06
2.7653543e-06
6.6567536e-06
3.155085e-05
3.2433798e-07
