1.9516477e-08
3.5372697e-08
3.2346595e-08
1.2887471e-08
4.226568e-08
1.0810006e-08
6.4961306e-08
2.209837e-07
1.014604e-08
7.837864e-08
2.6047026e-08
9.649189e-08
6.4158177e-09
4.4613133e-10
1.07185706e-07
3.0966658e-07
2.869415e-10
8.83044e-08
5.3671755e-08
3.862262e-08
1.8220802e-09
9.449038e-09
3.269807e-08
2.8012818e-07
2.972981e-07
1.0636992e-07
1.311134e-07
2.1726872e-07
4.621817e-07
1.0933907e-06
4.1172868e-08
2.3578585e-07
4.6183052e-07
1.0723789e-07
5.223161e-08
2.069066e-07
7.824461e-07
4.5754607e-07
1.355074e-07
1.05501144e-07
1.2720413e-07
5.5373665e-08
1.728743e-07
1.15105125e-08
2.0456598e-07
7.2772474e-07
9.583385e-09
1.8669424e-07
5.9326474e-08
2.731754e-07
1.4211432e-07
4.8008576e-07
3.875558e-07
3.5725268e-08
2.6721446e-07
3.244005e-07
1.1055772e-07
3.5491271e-07
1.9986362e-07
2.1076264e-07
1.3329941e-07
2.2859837e-07
3.712008e-07
5.612493e-07
4.0276075e-07
4.539961e-07
3.3791815e-07
3.5791624e-07
1.7847873e-06
1.0436087e-06
4.5209486e-06
2.5870065e-06
3.878956e-06
1.3253102e-05
1.0210894e-05
3.90863e-05
3.431116e-05
0.00062084006
0.0002821971
5.400301e-05
0.0009730199
4.6257705e-06
0.00011609512
6.938079e-06
4.7978407e-05
0.5817187
0.7528033
0.00025355292
0.005610544
3.4624131e-06
2.5669925e-07
1.9615076e-05
0.00010896106
6.606766e-07
1.5775188e-06
0.00011350888
8.6396385e-06
2.8013207e-07
7.431721e-08
1.265827e-07
