1.0272694e-08
1.4505759e-08
2.2563815e-09
1.7015278e-08
2.3830713e-08
5.5022054e-10
1.78484e-08
5.2502487e-09
2.8068676e-08
4.880558e-08
1.4452757e-08
1.0805522e-09
5.311865e-08
1.6996522e-08
1.0077068e-07
6.986234e-08
1.584368e-07
5.6091136e-09
6.32068e-08
1.8227047e-07
1.796943e-07
6.3810745e-08
1.2169119e-07
2.375536e-07
2.6902862e-07
7.5327094e-08
9.607817e-08
5.2989395e-07
1.5070121e-09
5.021827e-07
4.0499677e-07
2.0910927e-07
3.3344915e-07
2.8089081e-08
3.7628922e-07
1.1836808e-07
1.8378849e-07
1.4119284e-08
5.479771e-07
2.7110505e-07
2.91851e-07
3.1026293e-08
2.0672662e-08
8.8076725e-08
1.2953332e-08
3.8125032e-07
2.7454927e-09
9.330727e-07
1.7266039e-07
7.6232357e-07
2.8263912e-07
7.1606013e-07
4.3556054e-07
2.7992226e-07
2.2120454e-07
1.38020235e-08
1.5455837e-06
6.234237e-07
1.1391511e-06
9.754795e-07
1.6746516e-06
2.5950244e-06
1.1950393e-06
4.8998418e-06
6.131269e-06
1.1525838e-05
4.033228e-06
1.5326319e-06
3.2195185e-06
1.156692e-05
3.1008278e-06
1.0338392e-05
0.9960796
1.3254046e-05
0.0001022399
4.100212e-06
1.9917257e-05
0.0061180764
0.00020647273
0.015260648
2.7486472e-05
1.4843572e-06
1.8968934e-06
0.00013356151
1.8776767e-06
9.41606e-07
4.693533e-06
0.00036176643
6.85103e-05
1.8076666e-07
2.318202e-09
4.7490133e-07
7.358122e-07
4.4511765e-07
1.5973916e-05
3.9566459e-07
0.00020523
9.992912e-06
8.816056e-08
7.2501175e-06
