2.7786514e-08
3.987683e-08
3.3283477e-08
2.3355957e-08
6.10852e-08
1.2956285e-07
1.0911443e-08
2.6169243e-08
7.003109e-08
1.9511506e-09
2.4900282e-07
1.7261963e-08
5.4872398e-08
5.187651e-09
2.3224903e-08
2.3116604e-08
2.0716436e-07
2.9405496e-09
3.6392574e-08
2.3071466e-07
3.152658e-07
1.7129356e-07
1.7604667e-07
2.8110713e-07
5.663767e-07
1.7133131e-07
1.9472756e-07
4.3583063e-07
2.2699194e-07
7.0780794e-07
7.621473e-07
2.020634e-07
2.4394643e-08
1.4616832e-07
2.1036038e-07
3.103801e-08
3.994339e-07
6.494465e-07
1.8109986e-07
8.0515306e-08
1.9046206e-08
6.674407e-08
5.264667e-07
2.0202228e-07
1.8978484e-07
3.921444e-08
5.3741328e-08
1.6643901e-07
2.942363e-07
6.144446e-07
6.69534e-07
2.1615043e-07
8.847645e-08
1.1101249e-06
2.2394478e-07
6.448539e-08
9.353833e-08
3.3842326e-08
4.9987483e-07
7.083861e-07
1.92169e-06
5.704476e-07
1.6033543e-06
4.974005e-07
3.515372e-07
3.3395042e-07
1.9643637e-07
3.2501223e-08
2.3926594e-07
7.666229e-07
3.8455096e-07
1.0780516e-06
2.883687e-07
2.2215304e-06
4.717529e-07
1.116192e-06
6.44942e-06
1.0404956e-05
5.8351648e-06
5.032441e-08
2.9597946e-05
3.8334576e-05
4.9538485e-06
0.00020713703
1.365255e-05
0.000113680624
0.00021283598
0.0002778075
0.00215768
6.345396e-05
1.0529372e-05
0.0013487332
0.9886198
0.006306954
0.0341166
1.5844577e-06
3.0151283e-05
3.6300463e-07
3.313124e-06
4.6284214e-05
