1.8574438e-08
2.7910902e-08
6.0595795e-10
5.7745884e-09
4.9985363e-08
7.336043e-08
8.713861e-08
1.7327659e-07
6.8867486e-08
5.7329476e-08
1.3026852e-09
1.07585485e-07
1.450736e-08
1.3620249e-07
4.5508195e-08
3.5486738e-09
2.1020586e-08
6.876961e-09
2.2519434e-07
7.35783e-08
3.652584e-08
1.0383833e-07
1.2388747e-07
4.4637264e-07
2.472594e-07
2.651638e-07
3.3636022e-07
2.9598775e-08
5.67563e-07
4.9273234e-07
4.804125e-07
1.4704309e-12
4.153525e-07
3.0134774e-07
3.8941724e-07
2.2079588e-07
7.16735e-08
1.154111e-07
2.0635056e-08
3.15675e-07
1.001712e-07
2.662872e-07
4.001475e-08
1.4471808e-08
4.7266096e-07
4.782611e-07
4.6085154e-07
2.38791e-07
2.3244726e-07
4.508392e-11
3.267801e-07
2.0794161e-07
6.5796044e-08
6.728029e-07
6.0374913e-07
4.2051628e-08
2.2699183e-07
3.6053268e-07
8.9733106e-07
3.9331837e-07
5.859796e-07
4.3974805e-07
2.1871101e-07
9.693526e-07
1.5809304e-06
5.147131e-07
1.57768e-07
4.2069465e-07
2.5493403e-06
3.0709896e-06
7.055292e-06
1.1295823e-06
5.390247e-07
2.5476695e-06
1.6333404e-06
4.3631217e-06
2.8596514e-07
4.808537e-06
2.052756e-06
5.3475844e-07
3.8269318e-05
8.0612495e-05
7.724563e-06
9.207068e-06
0.99263334
0.009553646
0.00043280065
0.046504278
5.342026e-06
1.2000506e-05
0.000112030684
3.2393225e-05
3.0210509e-05
0.00067352486
3.131879e-05
0.00028093997
1.7947326e-05
0.0002168864
0.0006379714
1.634779e-05
