3.7279624e-09
2.43519e-08
4.2445166e-08
5.730329e-08
1.4704194e-07
3.7686824e-08
8.221128e-09
7.8603e-08
4.8500027e-08
1.6954417e-08
1.2329029e-07
1.5906361e-09
5.578161e-10
6.3958545e-08
1.7937677e-09
1.1253377e-09
7.0236624e-08
2.3397295e-08
7.553967e-09
6.166236e-07
4.5591355e-07
1.2567315e-07
9.433262e-08
3.3270547e-07
5.0955578e-09
2.0955939e-07
2.0377291e-07
3.4777315e-07
4.2763656e-07
7.3764554e-08
2.400607e-07
6.657825e-10
3.727819e-07
6.1491966e-07
8.064559e-07
2.741659e-07
6.8758453e-07
2.2962135e-07
1.804895e-07
4.470305e-09
1.7675204e-07
2.7604483e-07
1.1357975e-07
3.143308e-10
3.5284137e-07
8.265394e-09
3.8997936e-08
4.3314395e-07
7.1694967e-07
6.662981e-09
9.584934e-07
6.0533097e-07
3.0566284e-07
1.4185013e-06
4.2659553e-07
3.9405705e-07
1.3170385e-08
9.2322097e-07
5.7850144e-07
2.4911567e-06
2.3346042e-06
5.982149e-07
1.708625e-07
9.1508774e-08
6.7674115e-08
7.707774e-06
2.3395167e-05
2.5726822e-05
6.4354485e-06
2.9419967e-05
9.0551644e-08
9.2859034e-07
4.4367906e-05
0.0001703049
0.00020865774
3.1333243e-06
7.01374e-06
4.082636e-06
4.022281e-06
6.8018155e-05
0.0023219348
1.0065036e-05
0.00010541478
5.813443e-05
0.98808664
0.11777413
7.0731056e-07
4.517101e-06
2.040056e-07
2.5441004e-05
0.00036578948
0.0011884841
1.5056474e-07
1.4095084e-06
0.00085312437
1.8944882e-05
1.1702627e-06
8.927007e-06
3.9857304e-07
0.00012472739
