2.6964889e-08
3.0546907e-08
1.4577487e-08
1.2489538e-09
6.0632736e-08
8.7881574e-08
6.854641e-08
6.0693004e-08
1.0001166e-07
1.2881803e-07
7.8184314e-08
1.2259821e-07
5.298625e-08
3.9620673e-10
1.4058966e-07
2.6986349e-09
1.4745505e-07
7.487951e-08
4.1381792e-08
4.034863e-08
5.8504632e-08
6.1428715e-08
6.5857275e-09
2.0354176e-07
1.0000585e-06
1.3176937e-06
2.803436e-09
1.367504e-07
8.285947e-09
1.1051607e-08
9.0797926e-08
3.2115457e-07
1.2176473e-07
6.224243e-08
6.545862e-09
1.4629997e-07
2.2783284e-07
4.6254353e-08
3.008632e-07
3.204219e-07
8.721901e-08
1.623163e-07
9.893951e-08
5.4445206e-07
1.3232107e-10
1.6176651e-07
1.2585424e-07
7.0154684e-08
2.4235857e-07
1.9319144e-07
1.0493623e-07
9.349078e-09
1.1093977e-06
1.4221285e-07
2.3536077e-07
3.63847e-07
2.459877e-08
1.2134536e-06
4.1061074e-07
1.5527337e-06
7.5963035e-06
4.3411037e-06
1.7939374e-06
1.2928828e-07
6.8382597e-06
3.0122477e-05
9.2130114e-07
5.646959e-08
0.9903077
1.0384264e-06
4.6392233e-05
0.054618716
6.2085616e-07
0.0002787711
2.7014572e-05
0.007948231
0.0002114379
8.878339e-06
0.00015594666
0.0003243658
7.266863e-06
0.00026104585
6.5169047e-07
4.227956e-05
1.3758391e-05
3.7590225e-06
2.965947e-06
2.6199152e-06
2.44188e-07
1.1975233e-06
3.5573088e-05
4.8678383e-05
5.8177875e-07
1.1326769e-06
2.3895016e-06
3.0411467e-08
8.63563e-08
1.6241182e-07
0.00011137361
6.8960053e-06
