3.0653577e-08
1.5212733e-07
2.1528666e-07
6.2823226e-08
7.812014e-08
2.2529162e-10
1.7716452e-08
4.346961e-07
4.344123e-08
8.0338845e-07
2.9552877e-08
2.4346464e-08
1.0593017e-08
1.0982755e-07
5.7759825e-10
1.7647459e-08
5.1087348e-08
4.309345e-08
1.6298598e-08
4.534701e-08
5.513323e-08
1.2110974e-07
4.908464e-08
1.18435835e-07
8.456153e-08
7.767981e-08
9.663728e-08
8.6144844e-08
8.2942225e-10
4.139582e-09
2.0321288e-07
8.846383e-08
5.3320406e-07
5.138714e-07
1.9234976e-07
2.5595898e-07
3.0871476e-07
8.241573e-08
4.531163e-07
9.154824e-08
3.6990212e-07
4.8370687e-08
1.1115663e-07
2.461372e-07
9.052909e-08
7.122408e-07
1.01043575e-07
2.8031695e-07
2.6043975e-07
2.9959054e-07
1.0364682e-06
4.5540006e-08
2.9267716e-07
9.681514e-07
5.128884e-07
1.0228956e-06
2.6746081e-06
1.1977459e-06
3.0433674e-07
2.485762e-06
5.179459e-06
3.8158132e-07
7.6291744e-06
1.5683418e-05
1.4671863e-05
2.9032788e-05
5.2943676e-08
9.722404e-05
5.455181e-08
4.217174e-07
5.701102e-07
7.193268e-07
0.00039118313
1.4480833e-08
0.0007603591
5.6061548e-05
1.2850812e-06
2.018446e-06
3.333519e-06
1.8692053e-05
5.705765e-06
6.783018e-05
1.7020209e-07
0.99670017
6.916475e-06
0.00023490522
2.2213933e-06
0.017232034
0.00014595948
2.602844e-05
0.008554068
0.000500685
4.1502125e-07
3.559958e-07
0.00047051208
1.4702074e-06
5.5890203e-05
7.9341e-06
1.0198298e-06
6.66203e-06
