2.6883905e-08
3.500159e-08
6.0818095e-08
5.2254295e-10
2.134968e-09
9.0922256e-08
1.2385387e-07
2.9851087e-08
1.6438892e-07
3.2720084e-08
1.5868277e-08
4.8947686e-07
1.07520314e-07
6.328881e-11
2.0618733e-08
3.6067203e-08
2.2943745e-09
8.599315e-08
7.99244e-10
7.551667e-08
1.1895477e-07
7.826124e-08
5.276266e-08
5.9212503e-08
1.1840855e-08
1.0300422e-08
2.9830744e-07
4.37998e-07
1.7070647e-07
1.6175505e-07
2.7340212e-08
1.6497812e-07
2.180491e-07
6.604202e-08
1.6735076e-07
1.9131798e-07
2.4221869e-08
1.625497e-10
9.924558e-08
3.8766327e-08
6.0137076e-08
7.944844e-08
6.789685e-08
1.941283e-08
3.8574914e-08
3.80829e-07
3.5963566e-07
3.4828355e-07
8.5767816e-08
7.294566e-08
6.664134e-08
5.7191335e-07
1.3118633e-07
5.324306e-07
2.333577e-07
7.041066e-07
8.621697e-08
2.7206434e-08
4.948607e-07
4.664717e-08
5.0872984e-07
1.6375762e-07
1.0140344e-06
2.454377e-07
2.116967e-07
1.2506389e-07
2.1645835e-07
3.7672062e-06
3.5738342e-06
2.4116082e-06
1.921966e-07
6.388719e-06
2.0376235e-07
1.1546358e-05
6.6246874e-05
3.260907e-07
2.8091342e-06
1.1391336e-05
5.75241e-07
4.3850987e-06
0.00032820104
6.163494e-05
0.00063931115
9.3032744e-05
7.483689e-05
1.6285192e-05
0.000735257
0.00027075154
0.01738312
0.06618402
4.7500131e-07
2.9141975e-06
0.9941792
4.1226207e-07
9.782957e-07
1.647964e-06
1.9407551e-05
2.4148258e-05
7.772733e-08
2.5354953e-07
