6.221211e-09
1.0550343e-08
1.709709e-08
3.293001e-08
1.17401875e-07
1.297509e-07
1.7074906e-07
2.9478156e-07
3.8724218e-07
5.048871e-07
5.40913e-07
1.0763828e-06
1.1757663e-06
1.5087176e-06
1.4925864e-06
2.164728e-06
1.9970225e-06
2.3928967e-06
2.7207864e-06
3.2152316e-06
4.3812615e-06
5.1613874e-06
5.3771496e-06
5.754443e-06
6.5692816e-06
7.730795e-06
1.003242e-05
1.0267198e-05
1.1609564e-05
1.3991985e-05
2.2754419e-05
1.623906e-05
1.6944712e-05
1.945952e-05
2.1808628e-05
2.2346474e-05
2.3969225e-05
2.544294e-05
2.7374948e-05
2.7985694e-05
2.9482477e-05
2.3761435e-05
1.2275739e-06
3.1296153e-05
3.19336e-05
3.5398307e-06
6.9696875e-06
3.0737338e-05
3.4518845e-05
6.062653e-06
8.3086314e-07
6.4497794e-07
1.5370986e-06
3.9226047e-06
6.169235e-06
1.6129559e-06
9.764368e-06
3.5746194e-05
1.3595978e-08
3.409676e-05
1.7952385e-07
4.380349e-05
1.1575504e-05
1.0859412e-05
1.734276e-05
6.771498e-05
2.1161356e-06
1.9592482e-05
6.029797e-07
0.00011907323
0.0005420456
0.0010044043
6.668812e-06
1.67406e-06
1.9108156e-06
2.1997688e-05
2.2842796e-05
4.0874344e-05
3.1789725e-06
0.0033951085
0.023491165
4.05882e-06
6.281995e-05
0.9985976
0.000472612
0.00072218257
0.00029260697
0.00018141393
0.0015564263
0.077643156
0.00018053706
6.5126465e-06
1.05877225e-05
1.3965035e-06
5.752026e-06
0.00032387252
0.0059039546
0.00011587298
8.236709e-06
1.26073755e-05
