4.6462816e-08
3.5374313e-07
8.6108166e-08
2.2727848e-08
1.7080955e-08
4.6973533e-08
1.9168583e-07
1.0191105e-08
6.625679e-08
4.2925842e-07
1.751322e-07
2.9689176e-08
3.4180032e-09
1.5949837e-08
1.7594843e-07
3.7926202e-07
1.7785162e-07
9.154989e-08
2.0898189e-07
1.9507165e-07
2.0918789e-07
2.1624462e-07
2.704322e-07
2.4335165e-07
1.7531129e-07
8.7712074e-08
3.002782e-07
1.2932631e-07
1.7838863e-08
2.1151638e-09
3.7098538e-08
5.3165985e-07
3.2872228e-07
6.74422e-08
7.715532e-08
3.959981e-07
5.834772e-08
1.8618607e-07
2.4813517e-07
8.7744674e-08
2.019442e-07
1.3334257e-07
2.382404e-07
9.982754e-08
1.9536219e-07
1.3134074e-07
2.6207414e-07
1.5046756e-07
1.5651754e-07
4.1367653e-07
1.28131e-07
1.3052652e-07
8.5331024e-08
4.9420215e-08
1.3183443e-06
3.1164866e-06
1.4106306e-06
3.9860558e-07
1.6561072e-06
2.5915125e-07
5.329308e-07
8.190816e-06
5.5219057e-06
9.0159465e-06
0.0007184648
0.0010075205
0.944137
0.4466634
1.996288e-05
1.5880096e-07
0.00019873209
0.00029563898
3.5166298e-07
3.2770092e-06
0.00036249074
7.232064e-05
5.651795e-05
5.9896094e-05
3.9127136e-07
2.1297601e-05
1.6290962e-05
9.746022e-05
7.544026e-07
7.4590344e-06
1.6587281e-06
1.922988e-06
6.5935683e-06
3.5645447e-05
3.619334e-07
4.6914107e-07
8.752633e-06
3.3413826e-06
9.562078e-07
5.8717437e-06
3.07954e-06
1.5047864e-05
1.8094798e-07
7.6575657e-07
9.717921e-05
0.002478036
