3.2524884e-08
3.9747885e-09
2.4322273e-07
6.360913e-08
7.1447056e-07
2.5484384e-08
3.3509946e-07
1.9450643e-07
1.955644e-08
1.8538262e-07
3.3149973e-07
1.2968114e-09
1.2420905e-07
3.74965e-08
5.7533125e-09
3.4103542e-12
1.8363887e-09
6.931549e-11
2.2435562e-09
3.543633e-08
4.4493785e-07
1.368101e-07
7.8940694e-08
1.5313576e-08
8.327598e-08
7.814521e-08
4.229566e-08
7.904721e-08
1.0310915e-07
4.870598e-07
8.6010544e-08
1.5144907e-07
9.568633e-07
1.3587474e-07
2.40387e-09
4.601677e-08
5.061409e-08
1.4051327e-07
5.5370555e-07
8.074503e-08
1.02477685e-07
6.6003354e-09
3.7543902e-08
2.8838231e-08
1.8690554e-07
3.0370379e-07
3.8837015e-07
5.4461026e-07
2.576816e-07
6.85665e-08
5.160136e-07
4.8382145e-07
2.2114388e-07
5.767706e-07
1.5559558e-06
1.0216395e-06
1.9396577e-07
3.6513594e-08
6.643216e-08
3.6064733e-07
2.0939433e-06
1.8562404e-06
5.6022805e-06
2.6011612e-06
2.2059457e-05
2.5529185e-05
6.750924e-06
2.9795153e-08
3.608269e-05
0.99222684
2.7676615e-05
4.663535e-05
0.0037406005
3.322456e-05
0.0014256072
5.2620708e-06
0.020159384
1.5276787e-06
2.5375218e-06
0.00030919514
0.00012896831
6.8906377e-07
0.00013333198
8.178023e-06
1.6877948e-06
0.0027667354
7.834907e-08
0.00023639995
1.0779334e-05
7.635305e-07
5.3093436e-06
2.6572138e-07
5.751098e-06
3.5199713e-07
0.0001954859
2.9803257e-07
6.152047e-07
1.4236846e-06
8.9101966e-05
1.2982714e-05
