8.225278e-09
5.2825605e-08
5.3100145e-08
8.774853e-08
1.02755776e-10
4.0270987e-09
1.1330789e-07
7.042059e-08
9.391787e-08
7.1533174e-07
4.1515253e-08
1.2701796e-09
2.0465242e-08
1.1447029e-08
2.9245063e-08
7.540484e-09
2.9988223e-10
1.7248182e-08
2.286416e-08
4.8108524e-07
1.0482876e-07
1.7155854e-07
3.208491e-08
1.3159537e-07
2.0180735e-07
1.6096557e-07
5.0148547e-08
1.0806783e-09
3.4228236e-09
1.7536564e-07
1.7103875e-07
2.8865065e-07
1.1250559e-07
3.2942946e-08
3.360518e-07
4.2318896e-07
1.6031855e-07
5.7325558e-08
2.0945022e-08
2.9665998e-08
1.0061357e-07
3.102744e-07
6.699964e-07
4.554347e-08
3.137318e-09
1.569554e-08
2.2840513e-07
3.051292e-07
2.878788e-07
1.0946522e-07
5.7104256e-07
4.142875e-07
1.2119978e-06
1.1594465e-07
8.1332365e-07
3.909609e-07
3.2696917e-08
2.7142494e-07
7.547171e-08
6.5674186e-07
6.502982e-07
7.434326e-08
5.720162e-07
9.639132e-07
3.685059e-07
5.042136e-08
5.159354e-07
2.3441717e-06
2.857043e-06
2.404166e-06
1.1914915e-06
1.8946372e-06
5.923714e-06
2.965065e-06
4.6240134e-06
3.0524254e-05
5.88924e-05
0.99732625
3.626871e-06
1.8433175e-05
5.8189886e-05
1.6237676e-05
7.248958e-05
0.0077800066
0.0009093132
0.0065047545
0.00064861536
8.990387e-05
2.4207273e-05
7.9114354e-05
2.4515938e-07
2.059219e-06
8.780538e-07
8.528421e-06
0.00041605532
7.079846e-07
6.4653645e-06
1.4443323e-05
6.105822e-05
0.00043830983
