1.2850528e-08
1.6654054e-08
3.8403694e-08
4.534276e-08
3.8427558e-10
6.2860934e-08
2.267308e-08
2.3940532e-07
3.5771514e-08
3.714159e-08
2.1583719e-07
1.542243e-08
2.0331804e-08
1.11769324e-07
4.0795797e-08
5.521682e-07
5.212564e-08
1.6902279e-08
2.818506e-08
7.595823e-08
2.5281813e-07
6.193049e-08
2.5523556e-07
3.6584635e-07
5.022812e-07
3.2002848e-07
2.785691e-07
4.7169206e-07
6.4269506e-07
3.221041e-08
3.635677e-08
1.1413318e-10
1.6986617e-08
6.28838e-07
2.491688e-07
3.6637684e-07
1.415355e-08
5.722191e-08
9.873205e-08
2.0459916e-09
9.261191e-10
4.9105853e-07
6.5326543e-07
5.584976e-07
6.356292e-07
4.5774197e-08
5.8426398e-08
1.4112611e-08
5.6881916e-08
3.8875905e-07
1.1999521e-08
2.2843584e-07
1.1840029e-07
5.892593e-07
1.0553262e-06
3.6015757e-07
7.9285854e-07
4.1425004e-08
6.1113036e-07
6.0215257e-07
1.4508532e-06
1.1707159e-06
2.0369464e-06
7.628304e-08
7.7439745e-07
6.701509e-08
1.9343011e-07
5.716145e-06
4.997724e-07
1.1183534e-05
1.2256475e-05
1.2051358e-05
3.3133026e-07
1.173555e-05
9.495825e-05
4.3435575e-05
4.509915e-07
0.0004899659
1.9842559e-05
1.0166991e-05
5.356809e-07
1.3863615e-06
4.401122e-06
2.9636235e-06
0.0001667212
4.993956e-05
0.0016173988
6.616552e-06
0.00043187293
5.7136982e-05
0.98754257
2.7152475e-06
0.018481232
4.4931056e-07
2.0122854e-06
4.668872e-05
0.0074799745
4.026466e-05
5.9801314e-06
6.502105e-07
