9.2104075e-09
1.0259474e-08
2.1227278e-09
3.6352816e-08
1.9247697e-08
3.909142e-08
1.9824273e-09
2.6694831e-08
2.8428377e-09
3.587742e-08
5.5565792e-08
7.074911e-11
1.7333884e-08
1.24246196e-08
3.253487e-08
3.1149526e-08
1.5574232e-08
8.093913e-09
3.8346293e-08
8.192167e-08
1.9464841e-07
2.3273532e-07
5.5315233e-08
6.5594826e-08
2.638444e-07
3.7607916e-07
3.1706074e-07
4.88725e-08
1.705273e-07
2.6764914e-07
9.854753e-09
1.0740496e-08
2.4936926e-07
1.17375826e-07
1.5776035e-07
1.3769235e-07
3.119436e-10
1.972123e-08
1.2074893e-09
1.977953e-12
1.0242399e-07
3.6115033e-08
6.208749e-08
2.1338887e-07
1.9450897e-07
1.6402457e-07
3.1449764e-07
2.6805521e-08
1.5136726e-07
6.5023164e-07
9.1333715e-07
8.8158934e-08
6.775918e-08
6.583106e-08
6.541465e-07
8.0302776e-08
1.9462024e-07
6.177009e-07
2.6701736e-07
4.020876e-07
5.716108e-08
3.0678183e-07
2.1182059e-07
1.3910413e-08
1.15143884e-07
1.6101353e-06
3.2059924e-07
9.3602904e-07
2.2506006e-07
5.856223e-07
1.5426601e-06
2.6556122e-06
1.9327979e-06
9.647707e-06
4.31855e-07
1.4025231e-05
1.0598308e-06
1.5889707e-06
0.00011855659
2.8134884e-05
5.3045092e-05
5.5310475e-06
5.066923e-06
1.287127e-06
1.9661259e-07
9.576038e-05
0.00031204824
2.3628656e-05
4.8827656e-06
0.0007817701
3.968196e-06
0.004139479
1.2734696e-06
5.488016e-05
0.919981
4.3343978e-05
0.0012341191
0.086007446
9.3244466e-07
8.661078e-06
