2.8731264e-08
4.0988578e-08
5.8767378e-09
5.9978893e-09
4.569379e-08
1.3086627e-08
1.12525484e-07
3.4288257e-09
1.9496375e-07
8.779175e-08
1.790739e-08
2.6417466e-08
3.0504977e-11
1.05298476e-07
2.2746714e-07
1.4625618e-08
1.5406097e-07
1.7399863e-08
1.222052e-07
1.7431672e-09
2.5958215e-08
3.217054e-08
1.6862249e-07
2.3574034e-07
1.4033589e-07
9.033549e-08
1.3960705e-08
2.796768e-14
1.29345095e-08
3.173209e-08
5.5915956e-07
6.54605e-07
1.08211935e-07
1.9202387e-08
2.0094308e-08
1.6550798e-08
1.2853039e-08
3.515992e-07
5.6781573e-07
4.5743615e-08
1.2232486e-09
1.1253153e-09
9.873597e-08
3.285269e-09
2.186184e-09
7.70087e-07
1.2834379e-07
1.3586221e-07
7.365371e-07
1.0285821e-06
2.8860157e-07
5.119944e-07
6.5919505e-07
3.275092e-07
3.416311e-07
5.065499e-07
3.6823863e-07
1.1033547e-06
8.1271355e-07
1.3346574e-06
2.975646e-07
4.809412e-07
6.038281e-08
2.7694093e-06
6.520595e-07
6.7329364e-07
8.775096e-06
1.170491e-05
3.8774147e-07
9.891477e-06
0.6732371
0.4743395
5.7996664e-07
3.1725907e-05
0.0003378183
0.00012740001
0.004457148
0.0032350498
7.563611e-05
7.8153397e-07
0.00018251594
1.0331659e-06
8.764511e-07
1.0519497e-05
9.268839e-05
4.0063273e-06
7.746667e-05
2.3024448e-05
1.7450251e-06
4.269576e-07
1.2022632e-06
4.144248e-06
2.2392787e-07
2.5596557e-07
3.4881924e-07
4.1298915e-07
2.4896758e-06
5.9379694e-05
1.1803606e-05
0.0006181432
