2.5997704e-09
1.0620682e-08
1.6513505e-09
7.530056e-08
2.7818599e-09
4.7299228e-08
6.3884658e-09
2.6213934e-07
4.5843446e-08
1.5808007e-08
2.7162054e-08
4.4676765e-10
5.6053795e-10
3.5466943e-08
1.7158536e-07
3.9277386e-09
3.3223497e-09
1.762326e-07
8.117336e-08
4.387554e-08
2.5791627e-07
1.6689917e-08
5.4858276e-07
3.6356204e-07
2.2505131e-07
2.2895746e-07
2.3894756e-07
1.1246583e-09
6.2080696e-10
2.9078495e-07
3.180923e-07
4.150998e-08
5.845943e-08
4.362795e-07
1.0255922e-07
1.558131e-07
1.9706107e-08
7.513653e-08
1.2903924e-06
4.874289e-07
2.4167482e-08
1.6119689e-08
1.0351588e-06
2.6070694e-07
2.1673384e-07
5.7576628e-08
6.4428167e-07
4.8590766e-07
5.069239e-07
2.4298384e-08
1.1140694e-06
7.235053e-07
1.4566743e-07
1.4104833e-06
1.5704866e-07
1.597641e-07
1.6669168e-07
1.666639e-07
4.1758554e-07
6.3939626e-07
7.7291894e-08
4.971626e-07
5.539505e-07
1.5574182e-06
1.6878604e-07
2.2011964e-06
8.557377e-06
8.9111545e-06
5.9817394e-06
2.5232894e-05
0.0004709919
0.0005767748
0.99411047
0.020641534
0.005122854
1.3359879e-06
1.4805066e-06
8.537847e-05
0.0002786765
0.000101937105
0.00030833148
9.9035105e-06
8.0529266e-05
3.0777976e-06
1.5679215e-06
1.9767598e-05
1.8220726e-06
1.7032739e-06
2.718864e-07
5.455529e-07
2.3523604e-05
2.1161063e-06
2.1638177e-06
8.292531e-06
1.1408254e-06
2.6287902e-05
0.0006323218
8.1396365e-08
6.705392e-07
2.9608233e-05
