7.322881e-09
2.7313673e-08
7.935958e-09
1.3512753e-08
4.1859334e-08
5.5750203e-08
5.2435456e-09
2.1439013e-09
1.0978603e-07
1.2829777e-07
4.414221e-08
3.2406462e-09
2.7666502e-10
2.958121e-07
8.165835e-08
5.5336415e-08
3.0268634e-08
1.3697772e-07
5.0835547e-07
6.631135e-08
1.0902457e-07
9.069148e-08
8.600042e-08
7.846616e-08
4.149657e-08
1.2638732e-07
2.1400719e-07
1.6492932e-07
1.726902e-07
1.8462637e-07
2.0869112e-07
2.1348814e-07
1.38169165e-08
5.7923742e-08
1.4972485e-07
9.079631e-09
2.6181138e-07
1.2752368e-09
1.774405e-08
1.2530079e-08
1.13256675e-08
2.717113e-08
5.540313e-08
5.7443574e-09
3.6737254e-07
3.2765274e-07
4.604326e-07
3.6477793e-08
7.8908954e-08
3.6229903e-08
4.384654e-08
5.3780468e-08
4.296551e-09
1.6962604e-08
1.2361265e-07
4.9661026e-08
8.2389147e-07
8.1638255e-08
4.5935585e-07
7.174395e-08
3.7978663e-07
1.326517e-06
3.3762728e-07
7.9416964e-08
2.7213628e-07
1.7813794e-06
3.5908846e-07
8.958371e-07
8.510136e-07
4.5905194e-06
1.323798e-06
3.09845e-07
9.792519e-06
1.0104393e-05
2.3604296e-06
7.256164e-07
6.99524e-06
1.0197858e-06
2.674717e-06
1.2911634e-05
1.7936745e-06
6.0745215e-06
0.00013234332
4.0459345e-05
7.315413e-05
0.0022423954
0.0011402244
0.98692995
2.2662072e-05
6.880867e-05
0.00012403457
5.7944137e-05
0.010206895
0.0005763057
9.0136456e-07
3.8863807e-05
0.0063251527
5.3427584e-08
8.659279e-06
9.974701e-07
