1.0915958e-08
1.2803855e-08
5.6386805e-11
3.193797e-08
1.2377274e-11
6.5176127e-09
5.0630113e-08
1.373615e-08
3.965403e-08
1.3091363e-07
2.417956e-10
6.235531e-09
1.2216557e-07
8.985754e-08
5.021749e-08
3.874853e-08
3.378186e-08
7.09288e-08
2.2957143e-07
2.4260068e-08
4.704595e-07
1.8954196e-07
4.0518348e-08
5.801872e-08
3.6765837e-07
4.9884574e-07
5.0472613e-07
6.2671234e-07
2.2091187e-07
1.6402507e-07
4.1388265e-08
6.1713177e-09
1.6627061e-07
1.5878927e-08
3.1452277e-08
7.289933e-08
5.3130208e-08
6.908434e-08
5.158768e-08
4.3133928e-09
3.523698e-07
4.0925954e-08
1.42526e-07
2.1680964e-07
2.5914179e-07
2.5765244e-08
1.9629006e-08
7.282676e-08
1.313827e-07
2.1990725e-07
8.710653e-07
6.139298e-07
2.184336e-07
4.2648953e-08
5.775036e-07
2.7135712e-07
4.7199163e-07
2.0249995e-07
8.589899e-07
7.597091e-07
9.0520564e-07
4.896784e-07
1.984907e-07
4.9232654e-07
6.8094437e-07
2.284459e-06
8.799841e-07
6.119416e-08
5.208272e-06
3.643532e-08
2.54725e-06
1.5273927e-05
1.6356852e-06
2.0566702e-07
1.8725802e-06
2.2250217e-06
2.6068143e-05
0.00013705576
0.000102214646
2.2584422e-06
6.922025e-06
4.483032e-06
1.0469157e-05
4.5592784e-05
0.0002499175
0.00023537753
6.7044143e-06
0.000831358
2.4052062e-05
6.1427636e-05
0.0009620218
2.2663478e-07
0.009386778
0.30729508
1.4881903e-06
0.78216267
5.2690648e-05
5.9762016e-07
1.6473782e-06
8.807671e-06
