1.7245673e-08
1.5136642e-08
1.922145e-10
1.1959257e-08
3.413526e-08
5.5036672e-08
7.363528e-08
2.1506555e-08
1.2481415e-07
1.2556436e-07
2.4492472e-08
3.0899497e-07
5.1777164e-07
2.6454483e-08
6.5663436e-08
1.5985967e-07
2.8934243e-08
2.7648934e-08
2.8466584e-07
1.1930614e-07
1.9952185e-07
4.6887072e-07
6.6831217e-07
3.7881665e-07
7.92121e-08
7.292764e-08
8.308178e-08
2.8351494e-07
2.2291815e-09
1.5793086e-07
1.411827e-07
5.9619566e-11
3.268235e-07
3.689558e-07
3.0014345e-08
5.006172e-08
1.1565474e-08
1.827827e-07
3.7974195e-07
3.7169156e-07
1.0895626e-07
3.1519118e-08
4.0348898e-09
5.12438e-08
5.321131e-07
2.605652e-07
3.4586712e-08
2.7481502e-07
5.3895064e-07
4.2788835e-07
1.0771917e-06
4.665139e-07
2.2427446e-07
1.2817191e-08
3.2044773e-07
1.2816255e-07
2.724947e-07
8.405171e-08
1.5425361e-07
2.2560552e-07
8.570581e-08
1.5103076e-07
1.1676146e-07
5.3876636e-07
1.3953636e-06
1.0407289e-06
7.924276e-07
9.972163e-07
7.1185076e-07
2.686969e-07
7.4709004e-07
1.0588918e-06
4.7509607e-07
7.2828306e-07
3.5903247e-06
3.2119171e-06
5.9929755e-07
2.888159e-06
1.4641043e-05
1.6155573e-05
0.99533707
1.8523657e-05
7.426729e-06
2.7996984e-06
1.3579058e-05
0.02817727
4.8374404e-05
0.0019807846
0.0013020937
3.7529985e-06
1.3071026e-06
0.00013658757
3.6895185e-07
2.3436218e-05
0.0007818257
6.6804845e-05
6.0451628e-05
0.00010805253
6.3782622e-06
6.930742e-06
