1.5119252e-08
1.4085282e-08
4.4388862e-08
2.9742838e-08
9.938869e-09
4.654331e-08
5.087873e-09
8.1338764e-10
9.1394814e-10
1.1107007e-08
4.24913e-07
8.023211e-08
1.4500347e-07
2.6340874e-08
1.609378e-07
1.04714374e-07
1.0753104e-08
1.8500005e-07
1.1639176e-08
1.1540997e-07
1.9602421e-08
2.3319938e-08
7.419604e-08
8.519809e-08
3.4167375e-08
2.1374575e-07
3.2218953e-08
3.910288e-08
6.030637e-08
3.784896e-08
9.3002875e-08
9.820679e-08
2.1148834e-07
2.5165602e-07
1.3846426e-07
3.2090908e-09
1.0682875e-09
7.7040426e-08
3.0304084e-09
1.1247375e-07
3.0729763e-07
1.5906886e-07
2.9754315e-07
6.273518e-08
1.115034e-08
7.2544645e-07
6.456109e-08
1.7567962e-07
5.419081e-07
9.609374e-07
1.3784356e-06
5.4323937e-07
1.193407e-07
5.126813e-07
1.0022308e-07
3.573833e-07
1.7394585e-08
1.3377386e-06
1.3503916e-07
4.6274997e-07
4.7005165e-07
1.9137874e-06
1.5211869e-07
6.4277634e-07
3.8026164e-07
2.3476416e-06
1.132832e-06
7.254776e-07
9.192228e-07
9.549344e-07
4.5809156e-06
3.1048894e-06
2.5332217e-06
6.5730546e-06
3.668083e-06
1.7204029e-05
0.00010495766
0.9855605
1.4195908e-05
5.436891e-05
0.0018905264
0.02696082
1.50735e-06
2.1252321e-05
6.2000625e-05
0.0063410536
0.00016174822
3.08231e-05
0.00022465577
1.5643665e-05
6.15704e-06
2.826562e-07
8.736336e-06
0.0006815382
3.3548754e-06
0.0031241137
1.5771735e-05
1.0705496e-06
6.912553e-05
1.272441e-06
