5.460671e-08
1.5099252e-07
3.6234031e-09
2.8046102e-07
6.971129e-08
2.8151677e-08
8.652321e-08
3.6578655e-08
2.464981e-08
4.2251664e-09
1.149147e-07
5.530806e-08
6.574792e-10
6.0156062e-09
4.6407274e-09
5.1206364e-09
7.712603e-08
3.779092e-08
1.1093144e-07
2.1522533e-08
4.983905e-08
2.615884e-07
3.2619237e-08
7.023569e-08
2.0575904e-08
2.937313e-08
1.7023917e-09
6.581607e-08
6.9084524e-07
5.829639e-07
1.4421005e-07
3.034215e-07
3.4998556e-07
1.8846269e-07
1.1322998e-07
5.298218e-07
2.4705868e-10
2.0034052e-07
5.7793756e-07
8.638713e-09
1.7916202e-07
5.4320753e-07
4.5133925e-07
1.0699614e-08
3.1611862e-07
5.386463e-09
3.2084463e-10
1.5621107e-07
1.3184692e-07
1.130204e-10
2.3074014e-07
4.3461955e-07
1.4433174e-08
4.445579e-07
1.726388e-09
1.179616e-06
3.2473457e-07
1.958384e-06
1.2238304e-07
4.017923e-07
1.063781e-06
7.1256676e-07
9.850208e-07
5.089513e-07
1.1003184e-06
1.2481956e-07
1.0031747e-06
1.812184e-07
3.4559423e-06
7.296086e-07
1.8515583e-06
1.6059867e-06
9.467795e-06
3.3740716e-06
6.7189235e-06
1.0488086e-05
4.6802356e-06
3.0810463e-07
2.4155586e-05
8.0309714e-05
4.4868384e-06
2.4248604e-05
3.0287005e-05
7.365144e-05
0.00047280526
0.99256283
2.4560736e-06
2.0226247e-05
6.523714e-05
0.0007674555
0.0013680544
0.057381123
1.3215443e-06
0.00017789203
0.0049850643
9.7317396e-05
0.00064739055
1.7618015e-05
7.1195325e-05
1.0882258e-05
