2.0706503e-08
1.6938333e-08
3.2303838e-08
1.0218223e-09
2.216909e-09
7.303767e-08
1.0593111e-10
6.904602e-08
7.587028e-12
8.61945e-09
9.6575604e-08
1.7396047e-07
1.8846926e-07
2.1214832e-09
1.2453111e-09
4.105736e-10
1.0444565e-07
4.131396e-08
2.0798188e-08
1.3774948e-08
6.1848375e-08
9.6984394e-08
1.10650255e-07
2.6705877e-07
7.1059014e-07
8.520212e-07
1.914665e-07
7.4916215e-09
5.50479e-09
8.670971e-09
6.869073e-10
1.2090209e-08
4.761655e-08
3.2366705e-07
9.777837e-07
2.8478302e-08
3.6960778e-08
1.0518655e-07
2.750554e-07
5.9416885e-07
8.8537275e-09
2.9182695e-07
3.0228676e-07
7.4291506e-08
2.1901814e-08
3.6811176e-08
2.0426654e-07
4.7451786e-07
3.2256247e-07
2.2239254e-07
2.6218324e-08
9.428968e-08
7.731087e-08
2.4502856e-07
5.7714317e-07
1.9890885e-08
3.2754127e-07
1.0340067e-06
4.13441e-07
1.059624e-06
1.2249952e-06
1.3741564e-07
6.025175e-07
1.1876633e-06
3.3384427e-07
5.751063e-07
1.2450926e-06
2.7093477e-06
4.409123e-07
2.1733001e-06
7.589795e-07
3.7742045e-06
3.1735974e-06
2.0703803e-05
1.1610425e-05
1.5301572e-05
3.2886936e-05
2.9982193e-05
4.123541e-06
0.00034112556
0.012295253
0.01244983
0.9963766
0.00023400375
1.5271517e-05
5.1000552e-05
2.8970874e-06
1.3974439e-05
0.0001701825
1.8544898e-07
1.5064325e-07
9.568788e-08
9.836928e-05
1.4340428e-07
9.605027e-07
1.3350636e-06
2.9602618e-06
0.00014472466
7.4309986e-07
9.388967e-06
