1.0386624e-08
2.2016915e-08
3.2477327e-09
1.3335239e-08
3.620191e-08
5.995966e-08
7.0195426e-08
5.2239066e-09
4.2315303e-08
1.9149974e-07
5.7624185e-09
4.0263783e-09
6.3846905e-08
4.5007092e-10
3.3155998e-09
2.6173273e-08
3.881032e-09
5.6267037e-08
2.0912536e-07
7.1829724e-08
2.695534e-07
2.716449e-07
2.2706003e-07
3.6543025e-07
4.1822176e-07
2.7475863e-07
7.7429114e-08
2.8828012e-07
2.1119878e-07
9.8361994e-08
3.2935056e-08
2.6900576e-08
3.0943696e-12
1.434595e-07
2.3879684e-08
2.5764505e-08
7.418001e-09
1.4319818e-08
3.5521822e-07
6.3742203e-07
8.732358e-08
1.4755663e-07
1.7921164e-07
2.6445684e-07
3.3014766e-07
4.1248552e-07
6.111191e-10
6.452162e-07
6.740487e-08
5.028796e-08
1.5317633e-07
4.6451922e-07
2.361039e-08
4.1404867e-08
1.964589e-08
4.8001834e-07
1.803501e-07
2.2927411e-07
2.2437294e-07
2.0558807e-07
4.7632596e-09
1.5335947e-07
6.2026186e-07
9.32666e-08
5.654996e-07
6.6407955e-07
8.71316e-07
9.692144e-07
1.2507401e-07
5.1658685e-07
1.845235e-06
3.4640327e-06
1.947698e-06
3.6050644e-06
6.664462e-07
1.2526582e-05
1.0650715e-06
9.116745e-07
3.8173716e-06
5.9301346e-05
0.00012937566
5.049422e-07
0.9930359
1.796083e-05
4.28044e-05
1.16250185e-05
7.344604e-05
0.00021370102
0.0031797534
0.016509933
1.0896084e-06
5.6240233e-06
1.9881122e-06
1.31820725e-05
0.00019594932
1.0621269e-06
7.5909015e-06
1.4955004e-05
0.0010011392
9.916976e-05
