5.3644236e-09
1.0195341e-08
7.3994344e-09
1.9974282e-08
3.8066867e-12
2.8385851e-09
1.8728334e-08
5.843965e-09
1.62338e-08
5.5978386e-08
3.2924046e-08
1.4567631e-07
1.0428856e-08
8.4271484e-08
3.776109e-09
5.5715635e-08
5.2639262e-08
4.1273083e-08
7.417296e-08
1.0886202e-07
1.733219e-07
3.2270344e-07
5.2412318e-08
1.5594091e-07
1.5106761e-07
4.743022e-09
4.187228e-08
1.1120709e-07
1.5190763e-07
2.558068e-07
2.814096e-07
5.5363536e-08
2.7189714e-07
3.1119927e-07
1.5669305e-07
1.7590143e-07
3.4658427e-07
4.1063947e-07
2.3609002e-07
3.7760067e-08
1.201814e-07
4.686422e-08
4.5984794e-07
2.7470392e-07
3.3434395e-07
6.3285626e-07
2.6950964e-08
5.356542e-07
4.77192e-07
2.8719125e-08
2.0125283e-08
2.1511606e-07
7.386041e-07
2.0380037e-08
2.0065967e-07
3.0841923e-07
1.5653475e-08
6.692962e-07
1.6553274e-07
1.1079709e-06
1.4775542e-06
3.3451664e-07
7.304102e-07
2.5899743e-07
5.5180186e-07
2.8648378e-07
7.210407e-07
6.127204e-07
1.80427e-06
7.3107896e-07
4.6899063e-07
2.2589124e-06
3.5989547e-07
4.2528804e-06
3.676626e-06
1.4902574e-05
4.416185e-06
3.662271e-06
4.010428e-06
6.8240115e-06
2.4630467e-07
4.105147e-05
0.000101066435
1.8624796e-05
0.00019505389
1.051087e-05
0.00014059425
0.0011336968
0.97812974
7.352845e-05
0.00042635485
0.009766078
6.656158e-05
0.014234597
0.0009295663
3.6333054e-06
6.6040485e-07
2.466094e-05
1.7562896e-05
1.8218513e-08
