1.5210016e-08
4.0535667e-08
5.2711872e-08
7.2776345e-08
4.5660187e-08
9.182703e-08
1.2682328e-07
4.4175714e-08
3.8600714e-08
3.2443197e-08
6.657168e-08
4.5503885e-09
9.266632e-08
7.2941965e-08
1.5950066e-08
1.1171821e-07
6.188164e-08
8.837491e-08
5.99774e-11
7.042525e-09
1.475534e-07
2.662614e-08
4.5622173e-08
1.0112156e-07
5.0996483e-08
1.4998798e-10
3.2489453e-07
4.64188e-09
6.980967e-08
5.8610436e-08
2.6260136e-07
2.3255224e-07
1.252909e-07
1.7363925e-08
9.218327e-08
8.3414574e-07
1.6196935e-07
1.722828e-07
3.3465398e-08
1.01846574e-07
6.1631475e-08
5.9423655e-07
1.3404438e-08
2.1405774e-07
1.6620086e-07
1.0274248e-07
7.128867e-07
3.86637e-07
1.1214041e-06
4.4338825e-07
4.77933e-08
1.3080593e-07
1.0458313e-07
2.3753154e-07
4.4346368e-07
5.7002876e-07
7.50077e-07
6.3951e-07
5.201407e-07
3.1454872e-06
2.407634e-06
1.9514803e-06
3.1849308e-06
1.2697527e-06
1.8310558e-07
3.423246e-06
2.115878e-06
4.6404074e-07
4.7890817e-06
6.453036e-06
3.7131329e-06
1.7256176e-05
4.598689e-06
2.5175792e-05
5.7537704e-06
1.4206546e-05
2.088323e-05
5.6049107e-06
8.207271e-06
8.792556e-07
1.0860823e-05
0.00012712082
2.370222e-05
0.00014600201
5.5038818e-05
0.00022694748
0.0001673174
9.284024e-05
3.0992058e-05
0.00037872227
1.3371952e-06
6.051654e-05
0.0024822126
0.001259237
0.9271839
0.3324629
1.02291115e-05
5.5002314e-05
6.1441942e-06
3.5370285e-05
