1.0481792e-08
4.798731e-08
7.8483765e-08
1.6616927e-08
1.148478e-07
7.831836e-08
3.9547782e-08
2.4200078e-08
5.1533416e-10
1.333583e-08
2.6030222e-09
1.0140702e-10
1.2191106e-08
2.5408113e-07
6.230911e-08
1.0620277e-07
5.740759e-08
1.1604217e-08
3.1078892e-07
8.262173e-08
2.1661617e-07
4.0958986e-07
2.2945707e-07
1.6914085e-07
4.5682432e-07
1.0324796e-07
8.067718e-08
6.6909934e-08
1.5370724e-10
2.7795606e-08
2.67255e-08
4.594047e-08
7.111407e-07
3.3591496e-07
1.9198347e-07
5.6585453e-08
2.5574573e-07
3.862873e-09
1.0005119e-06
3.899817e-07
3.7023744e-07
1.9161837e-07
7.158963e-07
1.9314295e-07
1.0386244e-07
6.4796325e-07
7.752003e-07
1.9752222e-06
1.0022584e-06
2.331043e-08
7.53609e-08
1.12238e-06
6.969102e-07
8.06642e-07
2.5173963e-06
7.360993e-07
2.6135686e-07
7.98497e-07
2.4728453e-07
4.72522e-08
4.186719e-06
2.3508123e-06
9.715837e-06
1.12155234e-07
6.580368e-06
3.083871e-07
1.6383839e-06
4.121859e-06
5.708695e-06
6.755033e-07
1.1483314e-05
5.241394e-06
2.5846073e-06
3.0737225e-05
1.1359477e-05
3.5493908e-06
4.2274817e-07
6.865287e-05
0.00022920298
6.294839e-05
0.0006956774
0.9867475
1.0044503e-06
8.2169434e-05
7.191535e-05
0.008384873
5.8872223e-07
4.2879776e-05
2.2988974e-05
0.00045750814
1.1308633e-06
1.106845e-06
0.004375749
6.6438486e-07
4.0939907e-05
1.3975223e-05
2.5367615e-07
2.992498e-07
4.20535e-06
8.872278e-07
