2.7542915e-09
3.385889e-09
2.4875966e-08
7.827996e-09
4.1794078e-08
1.7591523e-08
4.3285407e-08
1.4359396e-08
1.1429737e-07
1.8816792e-08
1.4298388e-07
2.8051607e-08
2.4190442e-07
2.6859553e-07
2.0632643e-07
7.3007314e-08
3.27706e-07
3.8393125e-08
2.9313439e-08
6.731684e-09
5.512725e-09
6.430498e-08
4.9256847e-08
1.29913e-07
1.4691634e-07
4.3411555e-07
4.904756e-07
4.1129277e-07
3.6591842e-08
2.8039395e-07
2.8453516e-07
2.7126018e-07
3.1523038e-07
4.808354e-08
2.6791395e-07
4.329466e-08
2.8683733e-08
6.826773e-08
8.7187944e-11
2.1548905e-07
2.8217535e-09
2.5725157e-07
5.007066e-08
2.570446e-07
2.2749448e-07
6.5283224e-08
1.259284e-07
3.3139994e-08
1.0934814e-07
2.6640532e-07
1.8107889e-07
2.0691556e-07
1.4810844e-07
5.770998e-07
1.6956982e-06
2.0125985e-07
4.4320151e-07
3.1443386e-07
7.959997e-07
2.0372896e-08
1.8319514e-06
2.7651222e-06
1.1683732e-06
3.04343e-06
1.521057e-09
2.9715645e-08
1.3847885e-05
4.603905e-05
1.725095e-05
6.177153e-07
7.206427e-08
0.00015792047
1.1708172e-06
1.1671431e-06
0.00088957354
0.9898202
0.0151940305
4.6237346e-07
8.1150597e-07
1.3325105e-06
2.285423e-06
0.00016766522
0.006141421
5.5126743e-06
5.30273e-05
4.1117844e-05
0.00060568994
6.6302186e-06
1.0121399e-06
4.0884817e-05
0.00017796633
3.3405e-06
0.00048970524
4.830699e-07
2.4142658e-08
0.0001331392
1.7522914e-05
1.043442e-06
3.249017e-06
8.486552e-07
