1.3214644e-08
2.8613403e-08
1.9568205e-08
4.1923833e-09
1.4084e-09
1.3874167e-07
3.5108962e-09
1.1848771e-08
1.6135213e-07
1.05757705e-08
2.5176984e-08
7.191278e-10
1.3598185e-07
3.961181e-08
8.202531e-08
5.300179e-08
2.4574545e-09
5.0695096e-08
1.0661817e-07
1.475971e-07
3.3805264e-07
3.6186063e-07
3.2186094e-07
8.2742375e-08
5.976272e-08
1.812408e-07
9.0588784e-08
2.2229061e-07
2.9115225e-07
4.226456e-07
5.284403e-07
4.5332467e-07
3.7364023e-07
1.9632321e-07
2.8377844e-08
3.635117e-09
2.6573267e-07
6.809097e-07
8.9391494e-07
3.227152e-07
1.818411e-07
1.18549764e-07
6.972729e-08
5.0549712e-08
6.7783246e-09
9.3104354e-08
8.899647e-08
1.6221851e-07
1.844081e-08
2.4570855e-07
4.640317e-07
3.8612134e-07
1.9580433e-07
1.06343364e-07
2.3470704e-07
3.286095e-07
2.7760436e-07
6.6679735e-07
9.870175e-08
3.7467655e-07
4.7700404e-08
1.0078431e-06
2.8526946e-07
6.048414e-07
6.321718e-08
1.6454356e-07
1.6369778e-06
1.3847009e-07
1.5006256e-07
5.713036e-07
1.5856609e-06
4.038318e-07
7.628344e-07
1.184197e-06
1.798787e-06
2.5332383e-06
1.3264683e-05
4.909119e-06
9.065929e-07
1.3590569e-06
3.669125e-07
1.2756788e-05
0.9715447
0.0007783361
0.007368897
0.01657157
2.9080709e-06
1.7602366e-05
3.3684355e-05
3.199929e-05
9.338326e-05
7.674079e-06
1.465856e-06
5.311348e-05
0.0015500291
1.6933358e-05
0.00016917629
3.259471e-06
3.2407909e-06
0.00011478852
