5.444856e-09
2.6108417e-08
1.42262735e-08
4.2976865e-08
4.1376033e-08
1.8926036e-08
2.0313959e-08
2.775191e-08
8.513589e-09
2.025818e-07
1.6315322e-08
1.1431335e-07
1.0713435e-08
1.4188286e-07
3.5932242e-08
2.166167e-09
2.9164097e-08
4.298886e-08
3.001511e-08
4.022148e-08
6.015465e-08
1.2729231e-07
4.0586863e-07
1.5215846e-07
1.2276125e-07
1.1382103e-07
5.0969902e-08
7.934534e-08
5.3457267e-08
3.614509e-11
4.652733e-08
4.1753207e-08
2.3903954e-07
2.1592322e-07
4.4925486e-07
6.2199905e-07
4.0072816e-09
3.7852143e-07
1.082447e-07
3.0981857e-07
8.042885e-08
7.695886e-08
3.656739e-07
7.857477e-08
4.6104083e-07
4.2458592e-07
3.6949035e-07
7.3268717e-07
2.6484602e-07
1.0102085e-07
9.721746e-07
8.6574767e-07
7.577797e-07
8.467956e-07
6.9135933e-07
2.7530652e-07
1.0056425e-05
1.5913889e-05
3.864119e-07
3.521512e-05
1.7507486e-05
7.723397e-06
4.2748893e-06
8.050631e-07
4.417079e-05
4.6351447e-06
4.4918293e-06
5.2951697e-07
1.500637e-06
4.6459395e-06
0.0002234161
1.3708216e-06
8.889767e-06
4.520931e-07
0.0005193004
1.0227544e-05
1.623632e-06
9.3598163e-07
4.265839e-05
1.0590935e-05
5.7641944e-05
0.0032102594
0.9933993
0.000116661795
9.76117e-07
1.7058277e-06
3.633216e-07
4.7745766e-06
0.010141835
1.7523894e-07
1.2041827e-06
6.3348656e-05
1.8675684e-06
1.0963205e-06
0.00051684683
1.9657997e-05
1.2421411e-06
4.4376393e-05
3.7625466e-07
4.015553e-06
