2.5351207e-07
1.8250986e-08
9.331732e-09
2.5195735e-07
1.6528096e-08
8.6779617e-10
1.892429e-07
5.058873e-07
1.0938396e-07
3.508618e-07
7.990252e-08
4.8747356e-08
9.615424e-09
7.768384e-08
5.808399e-07
2.3939205e-07
1.6306132e-09
1.6118236e-09
1.8076628e-08
1.0937415e-07
2.8124583e-07
4.7226056e-08
1.3835879e-07
1.15810685e-07
2.644805e-08
6.761624e-07
3.3241773e-07
4.4898254e-08
7.2393834e-07
9.057787e-08
1.03199675e-07
6.326603e-07
1.0578909e-08
1.9919467e-07
1.7127428e-07
3.663272e-07
3.8941397e-07
2.8791416e-07
6.6703814e-07
2.6455086e-07
1.5723443e-06
9.303975e-09
4.7062528e-07
3.0339452e-06
4.5524942e-07
5.2014434e-07
1.4492199e-06
5.232151e-07
7.177667e-07
1.7297319e-07
8.213834e-07
2.866905e-07
1.8408228e-07
1.508514e-06
1.3833834e-06
2.5802e-06
1.2559756e-06
6.45771e-07
2.9059995e-06
0.00026093688
0.9984764
0.002951151
2.3360133e-05
3.69126e-05
1.1947053e-05
0.0003103995
9.608003e-07
1.3512782e-06
3.2331754e-05
2.961515e-07
0.00017544314
1.0385475e-05
1.4410213e-06
3.5576206e-06
7.5851212e-06
9.227265e-06
0.00012114713
5.839212e-06
2.4252093e-05
4.1019906e-05
2.3698836e-05
9.075444e-07
1.0006199e-05
2.6912808e-06
1.30346e-06
1.8201614e-06
1.679347e-05
3.2947294e-06
1.195798e-05
6.3416096e-06
5.620151e-06
7.286016e-07
1.6752792e-06
1.7887603e-06
2.0977562e-07
4.648086e-05
1.4871083e-06
3.7795166e-06
8.644365e-05
9.4334627e-07
