1.1011526e-09
1.0355542e-08
1.9121108e-08
2.8405479e-08
7.180388e-08
5.658357e-09
1.6154857e-07
5.2103277e-09
4.4009944e-08
5.9744214e-09
8.779639e-08
1.15006316e-07
3.5899527e-07
4.606019e-07
2.2359776e-08
3.8474353e-09
6.2658545e-09
9.152382e-08
3.0514347e-08
1.11492954e-10
3.865852e-09
3.9224638e-08
5.258013e-08
3.4557296e-08
1.0874399e-07
1.1609319e-07
9.052394e-08
7.4182246e-08
5.5721703e-08
8.393575e-08
1.6550254e-07
3.1288343e-07
5.447782e-07
2.098567e-07
5.509037e-08
9.589308e-09
1.4042044e-07
1.4605414e-09
7.8459215e-07
3.8625963e-08
1.7765045e-07
1.0040578e-07
9.4922214e-08
1.956608e-07
3.776811e-07
1.6551677e-08
8.4141055e-07
6.3514113e-07
6.6698954e-07
5.932636e-07
2.5384429e-08
1.2293027e-07
6.970788e-07
3.616906e-07
2.0355783e-07
1.4155811e-06
1.2968632e-08
5.887335e-08
4.050586e-07
1.3122451e-07
1.8200541e-07
6.567258e-07
4.090867e-07
3.1607013e-07
1.6341561e-06
1.5568681e-06
1.1170268e-06
1.2543816e-06
3.113523e-07
1.963842e-06
2.2054479e-07
8.675934e-07
1.5507482e-06
9.976679e-06
7.5239745e-06
3.403493e-06
7.1890904e-06
1.89644e-06
5.4555508e-06
1.3262113e-06
1.1699277e-06
3.074796e-05
1.9477391e-05
6.903923e-05
3.1753054e-05
0.00017432749
0.99640214
0.019794943
0.000435873
1.260348e-05
6.2049344e-06
0.00033934484
3.311518e-05
0.008081926
0.00026063318
2.1861782e-05
0.00013077172
1.1582645e-05
6.570036e-05
0.0003148975
