1.4314227e-08
7.665688e-09
2.6228404e-08
4.373388e-09
4.2179966e-09
5.3774603e-08
1.2546143e-07
1.1763205e-07
4.278082e-09
3.721714e-08
2.948675e-08
1.512269e-07
2.9134506e-07
2.1601812e-08
8.067567e-09
3.2981614e-08
2.9816576e-08
1.7409278e-08
1.8518125e-07
5.6622042e-08
7.497893e-08
7.041854e-08
1.3083258e-08
1.534269e-07
3.918929e-07
2.1412961e-07
1.682353e-09
1.292185e-08
5.3905853e-07
2.4027213e-07
7.989827e-09
2.1931857e-08
6.3574856e-09
4.576857e-08
1.922448e-07
6.476905e-08
1.4212e-07
6.510664e-08
8.298857e-08
2.3089093e-07
1.3798894e-08
2.7619868e-07
2.8819792e-07
3.3734216e-07
3.6972122e-07
2.2748932e-07
2.4434604e-07
2.9453616e-07
5.676864e-07
1.7426679e-08
4.1693957e-07
4.495248e-07
2.49148e-07
8.607097e-08
4.5048543e-07
7.647712e-07
6.8150285e-08
1.0067687e-06
5.3285135e-07
1.1207281e-06
4.874841e-07
6.1377176e-07
4.1740345e-06
5.7627267e-06
9.800167e-06
4.9119267e-06
0.00010110074
2.2070524e-05
1.2127332e-06
5.7457123e-07
0.00014610196
1.5785621e-06
0.00031744456
0.00036911626
0.00012342088
0.005062973
0.9896768
1.7619628e-06
1.7304294e-05
9.812023e-07
0.00014522811
1.3818188e-05
6.251837e-06
3.460012e-05
1.138398e-06
0.039485265
4.9800132e-05
6.535192e-07
7.4613667e-06
4.7723308e-05
1.8730907e-06
1.3537286e-07
6.6392755e-07
2.6151306e-06
1.08523004e-07
2.8802373e-07
2.5724088e-05
0.00078555604
3.838605e-05
2.4026401e-06
