2.022968e-08
3.2000276e-08
5.1810034e-08
5.4806097e-08
1.311784e-07
4.4569774e-08
2.2257528e-07
4.7450704e-10
4.0423584e-09
2.2406306e-08
2.7916867e-09
2.8980544e-08
1.952562e-07
7.1455915e-08
3.477987e-08
3.0826484e-08
1.3277122e-08
5.4666472e-08
1.2796096e-07
1.0436314e-08
1.5628611e-08
2.0243536e-07
4.3652182e-08
1.4896218e-08
1.7094307e-07
1.4470683e-07
6.670523e-08
2.4501443e-07
2.684774e-07
3.987554e-07
6.30031e-07
6.5213135e-07
4.2291195e-08
2.633708e-07
9.275095e-09
1.5891773e-07
2.6557538e-07
6.6829807e-07
4.572631e-07
2.8903918e-07
2.4580067e-11
1.0142127e-09
1.0181586e-08
1.088662e-07
3.4510487e-07
7.275942e-08
1.816794e-07
4.574448e-07
4.0857825e-07
1.244354e-07
1.1490489e-07
3.3528823e-07
1.8988895e-07
6.41959e-08
2.926793e-07
5.666434e-07
5.198179e-07
1.4538855e-07
4.1167766e-07
2.2074191e-08
2.7330253e-07
1.0480277e-06
3.2063895e-07
3.6049775e-07
1.7585022e-06
2.104573e-07
1.2186272e-06
1.4442436e-07
4.4008587e-07
3.936004e-06
8.561468e-06
2.3058608e-06
1.5013727e-06
5.707865e-07
7.0047154e-06
1.5167497e-05
6.476099e-05
0.00015494338
2.6784119e-06
1.95766e-06
5.9379607e-05
9.142817e-06
2.1606445e-05
5.1595965e-05
0.00036338816
0.0050976593
0.9161841
0.13136402
0.00027256782
3.46305e-06
0.00070564356
6.02669e-05
8.841869e-07
1.42312365e-05
3.42842e-06
0.0028918441
2.9407483e-06
6.8293e-05
2.2121807e-05
1.2139648e-07
