4.411109e-09
1.3959281e-08
3.8911008e-08
3.8641247e-12
6.190492e-08
2.7169925e-10
6.062206e-09
3.2239228e-08
1.6814411e-07
2.5022743e-07
5.264623e-08
1.7708807e-09
5.8841056e-08
2.893388e-07
1.3024504e-07
4.1317455e-10
9.947185e-10
1.8790474e-09
6.236386e-08
1.7963306e-07
2.3812692e-07
2.3203296e-07
9.250584e-09
8.315308e-08
3.3367357e-08
9.462955e-08
5.28837e-09
1.5383175e-07
1.5585307e-07
1.9706214e-08
5.9997113e-10
4.974422e-08
9.491156e-08
1.06594925e-07
2.0962158e-07
2.346852e-08
2.7829204e-08
1.624542e-08
4.9134954e-09
2.5443856e-07
5.6285774e-08
3.190437e-07
3.0947884e-08
6.3452495e-07
4.717697e-07
4.113605e-09
3.0302758e-07
5.2861003e-07
1.7382162e-11
7.42134e-08
4.712867e-07
3.8330535e-07
5.901576e-07
3.7064478e-07
3.7440458e-07
1.9384124e-06
5.0715457e-06
3.5447742e-06
6.6423235e-07
1.0511284e-06
2.4312777e-07
7.581081e-07
7.3205947e-06
1.6956473e-07
6.473987e-07
2.2603929e-07
1.1950188e-07
1.2356346e-05
1.4612988e-05
3.5792345e-05
1.1095769e-05
1.6645618e-06
4.2569092e-05
0.99793327
0.000203363
1.4847342e-06
1.1005196e-06
4.635736e-07
2.7488197e-06
0.0052564223
0.0001327739
6.477423e-05
0.0016993579
6.131183e-07
2.952619e-06
9.074606e-05
5.1760776e-06
3.2793416e-06
7.567058e-06
1.886926e-05
5.7784288e-08
1.7253704e-05
3.861208e-06
1.4970192e-06
1.3635555e-06
2.330341e-05
1.912393e-06
2.6555342e-06
9.52749e-05
4.6993168e-07
