3.6187875e-10
1.29375115e-08
4.6490443e-09
1.928875e-08
7.78588e-09
4.2055723e-09
1.4081895e-08
3.865514e-08
7.921795e-08
2.3377783e-08
1.5075985e-07
1.7960742e-08
3.0293242e-07
5.9648976e-08
2.4995248e-07
2.2017925e-09
3.6373137e-08
6.4993145e-08
5.2086275e-08
4.011398e-07
1.4542414e-07
1.0228175e-07
1.4261195e-07
2.2801278e-07
3.0132264e-07
2.7735624e-07
1.7715676e-07
1.7376512e-07
1.635984e-07
2.4789782e-07
1.6385583e-07
5.3675184e-09
7.760652e-09
2.6046669e-08
4.473796e-07
2.085167e-07
7.384742e-08
2.2128648e-07
6.1240485e-08
2.5136674e-07
2.1465455e-08
5.402503e-07
3.2581124e-08
3.7716973e-08
9.613605e-07
1.2029221e-07
3.5679463e-07
2.2643185e-08
6.8825486e-08
9.0728854e-08
2.7556186e-07
1.1001242e-06
2.245472e-07
1.6623204e-06
2.8935128e-07
2.979839e-07
5.57581e-07
9.810708e-07
2.3636262e-06
4.214534e-06
1.3278128e-06
1.4580607e-07
2.9869508e-08
8.34508e-06
6.5322465e-06
1.2589213e-07
1.0895767e-05
2.0506019e-05
2.0390155e-05
0.00023181108
4.0056653e-07
8.748878e-08
2.0569608e-07
8.3001913e-07
5.533384e-07
0.0006055023
0.0012650823
0.9955965
1.0090004e-06
2.3430207e-06
1.0950321e-05
3.5981623e-07
8.4211015e-06
8.455994e-07
0.021417838
1.408843e-05
2.1167984e-06
8.161727e-05
4.0280564e-05
8.4716725e-05
4.3879263e-06
1.4486606e-05
1.6486545e-06
1.724812e-07
0.0013664323
1.1149863e-06
1.0214326e-06
8.876792e-06
3.288067e-05
8.025386e-06
