8.718533e-09
1.1568014e-09
2.8356718e-08
4.3010388e-08
2.9105642e-08
7.2147893e-10
3.0446008e-09
2.0278017e-07
1.4046744e-08
4.3068514e-08
1.5622699e-07
6.5841235e-08
1.621713e-09
2.6299338e-10
1.9898454e-07
7.3506405e-09
2.3333687e-08
1.4819328e-07
6.666965e-09
5.0751834e-07
1.7992391e-10
4.0688372e-10
6.169514e-10
1.8286942e-08
1.6390496e-07
1.9379852e-08
5.009475e-08
1.5203483e-07
9.614878e-08
2.4849328e-07
9.4930544e-07
1.9634932e-08
8.9344525e-07
2.4261881e-08
2.5572918e-08
3.2660765e-08
7.80474e-08
2.8917235e-08
2.1007234e-07
2.895374e-07
8.39599e-08
8.444359e-08
8.09366e-07
1.3994536e-07
7.096547e-07
3.1946776e-08
3.0618162e-07
1.7446851e-07
1.0155452e-06
1.14453044e-07
8.358577e-08
6.916555e-08
1.7323147e-08
4.5285591e-07
6.210678e-07
6.522614e-08
2.810278e-07
2.2662425e-07
7.081138e-07
1.233081e-07
6.1255315e-07
5.8605405e-08
1.9333484e-07
1.2218071e-06
1.6611177e-06
8.5196484e-07
1.0124295e-07
7.550486e-07
1.4255862e-06
8.72737e-06
3.8090245e-06
7.2097595e-07
2.238102e-05
4.0226227e-05
6.228866e-05
5.030143e-06
7.148919e-07
3.2651238e-07
3.866234e-06
1.1177915e-06
8.116899e-05
1.4687341e-06
0.00014138235
0.9946064
6.3988477e-06
0.002050965
9.991645e-06
0.0011214939
0.058005486
3.6811699e-07
3.3228291e-06
0.00023383544
2.2375514e-05
1.038453e-06
1.4891025e-06
4.0553037e-05
3.6125482e-05
0.0014921535
6.784059e-06
7.5999656e-06
