249062370.0
228556740.0
17214382.0
9770421.0
4239911.5
-3229189.0
-3058347.5
3134048.0
2812885.0
2506054.8
-1744308.2
1862497.0
1388285.1
1463578.1
-1247715.1
1128971.0
951438.1
836315.1
-867494.9
-789841.3
-678490.3
667097.8
486441.16
-427334.88
393811.7
341378.44
-248571.69
-228753.22
291129.84
266154.4
246891.47
244934.33
203011.83
186629.66
-184799.72
171052.83
159036.72
-170551.1
-160244.28
-143459.69
135935.28
-118649.79
-99801.02
105603.945
112263.484
112703.94
-89618.625
-85047.72
92807.54
-77321.32
-78129.18
86718.234
82896.805
80227.83
69280.27
-67846.484
-63845.918
-61242.383
-59741.82
64090.02
59504.2
58043.39
-55403.184
-52151.39
57489.47
55329.05
-45581.484
-45097.625
49790.133
47004.668
-43272.29
-42346.85
-39696.07
43383.598
-35565.57
19805.273
17343.217
24309.146
-33233.395
-28950.764
41034.516
27088.363
14374.189
10705.679
6567.3096
35911.54
3322.4468
1.2961165
33714.945
29893.12
38762.004
-3945.244
-356.87183
-18028.912
-7524.0273
-10893.15
-13245.738
-24881.193
-23255.36
-21379.328
