1025.3926
850.4506
648.2707
535.5057
493.77286
445.13052
418.89554
379.69907
357.83337
329.22205
312.48334
307.6949
291.21283
281.89438
-181.54507
-169.86212
-168.03917
250.32411
247.87308
239.80507
235.16672
220.67276
-157.0895
215.95117
213.99216
210.87665
206.00392
-146.32242
-140.4707
-133.30829
199.19873
193.9438
-130.56667
181.82947
177.55353
177.83485
-123.922325
-120.15446
172.26852
166.34831
-118.94567
-114.15912
-112.3197
158.69151
164.71017
162.76971
-108.52333
151.14275
148.22475
-107.44471
-103.11439
-100.13942
134.27419
140.00385
127.65121
124.098946
-96.739204
113.90717
-94.209335
-91.675285
106.08349
100.79588
95.87053
89.79127
-86.92662
-71.15369
-67.921486
-62.3105
-58.169846
-47.862625
-42.97784
77.57421
-84.75292
-37.838608
-4.818287
-0.12414862
0.4197203
71.5393
-27.21469
-32.465233
-10.705061
65.55875
60.065365
23.439474
29.376684
35.698708
-75.62875
41.524715
5.7577934
-16.430899
47.74774
17.728733
53.72986
11.749143
117.45836
83.08039
-79.721436
-21.767279
-52.72368
143.24321
