2322.7275
1728.045
1259.5541
1121.6514
951.4831
774.2379
652.41833
535.55206
485.8124
362.7218
276.48123
247.80653
236.06656
241.95076
194.6055
168.6864
163.83575
158.67601
155.2449
149.2146
138.05898
-84.14021
129.6964
125.20198
121.7597
115.3532
112.45257
108.14959
-79.587616
-75.80505
101.74593
100.265915
97.39076
94.03243
91.86275
-72.00219
-69.13072
-68.02495
86.93224
-64.98608
-64.62156
82.44807
82.88656
-61.252285
79.80655
77.89506
75.911705
-59.277866
-58.202194
-56.813625
64.10115
67.6086
-55.237526
61.542442
71.83113
-53.740402
58.52853
-52.55121
55.563194
-51.603935
-49.375244
73.80551
49.841976
46.72777
43.697174
40.21339
52.69686
-48.19341
-39.841408
33.79199
-45.421856
-41.970196
-37.582314
30.620121
11.401962
14.443903
24.005707
-34.248722
8.174655
-7.2868824
-4.1322484
17.633932
27.260412
-21.537462
-24.120062
-44.286007
0.0043980833
-10.3083
-18.715004
-0.97722745
-27.247923
4.974621
-32.04152
-13.124292
-16.05928
1.6099126
36.736576
-29.52976
20.803959
69.54992
