1041.6464
824.8768
750.28705
596.9891
567.89026
419.61652
343.9181
252.0852
212.33112
167.86092
147.2958
128.65843
115.83098
109.22494
105.83144
92.47941
89.50693
86.42143
82.78631
75.57744
73.12544
68.09079
67.16089
66.31664
-37.539955
62.900677
59.43818
57.334995
55.600834
55.064262
53.017063
-35.595837
-35.07351
52.193787
50.372036
48.306366
49.54889
46.64108
-31.85867
-32.309284
-31.14457
-30.403894
45.42935
44.206978
-28.933762
41.680878
40.731403
43.568115
39.359234
38.12912
36.26336
-27.90186
-28.323542
-28.358776
34.959564
-26.877647
-26.092348
33.774017
-25.062569
-24.932446
-22.881817
31.610615
28.988472
27.705528
25.885818
30.579285
23.991022
-22.236305
20.79775
-21.551046
19.596457
-18.577251
-19.237997
-20.544022
17.218704
15.658438
-17.279411
-13.388918
-10.722163
-12.024352
-9.399173
-3.7255154
-2.1095252
-0.52371013
0.0022714718
0.74605346
-16.01237
5.665748
7.199618
-7.993952
8.863929
-5.1816783
4.11165
13.765632
10.541353
-6.5414157
-14.643862
12.131675
2.508387
22.288094
