27042344.0
1451251.1
805807.75
680008.06
505163.7
331073.25
-246692.53
238302.45
-219455.86
152251.61
108552.83
-112206.23
-103235.92
-94710.52
83261.84
-76181.67
74371.24
69084.3
-66871.66
59698.438
-51037.652
47931.457
46291.316
-39972.61
-37712.74
-35939.613
40620.207
38624.984
37700.55
-31393.562
33891.24
31469.209
-27180.889
-25231.996
-24583.4
28730.906
28044.09
27016.588
25022.7
-23161.738
-21408.922
23476.861
22718.395
21155.793
-20221.424
-19072.17
20561.607
20937.203
19565.027
-18122.621
18063.982
17159.59
-15563.15
-15009.992
15591.069
-13525.548
-13251.1045
15134.735
14608.835
14398.887
13833.027
-12125.079
-11859.844
12618.422
10510.146
9655.348
9150.89
8587.525
7451.5586
6852.9727
11106.768
12062.051
6241.251
-10922.302
5322.392
11735.467
4655.3193
-8075.5107
-10682.48
-10287.837
-9152.083
3826.9338
-7306.673
2291.3943
-6729.4756
-5452.597
-4773.0527
-10506.924
-4071.8218
1331.0956
-2569.1074
-1862.8369
625.78467
-0.003849166
-6142.8315
-281.66046
-8825.647
3030.5564
-3330.1653
-1025.2142
