6394.886
4184.813
2493.4912
1788.4048
1433.4697
971.85516
732.88727
671.7171
575.21155
525.3285
390.85764
348.7409
323.83722
302.66507
287.936
261.80856
252.13118
217.52826
200.99223
186.52567
178.72919
175.43315
168.77103
163.20169
154.22815
157.10338
145.4477
140.83185
134.75032
130.34006
121.788345
120.0303
116.53522
-46.911236
-43.898876
111.21191
107.09904
102.93302
99.92496
97.25613
94.72297
-41.8334
-38.90476
92.454025
89.631485
88.31344
-37.065914
-35.041153
86.77058
83.59197
80.96991
73.81152
78.04704
-33.549816
-32.91321
-31.351713
70.653076
68.57573
77.00879
62.421513
-31.187712
-28.276712
-29.782745
-27.17799
65.49767
59.68755
44.966568
-25.902935
42.287354
47.38539
56.3062
54.51281
-24.144571
-18.843092
37.900696
31.888239
29.609283
26.07297
-17.118572
-15.27358
-21.032877
23.322897
-3.827784
-6.3276215
11.312687
-8.623689
8.694954
-1.3526326
-0.002877743
51.602577
19.823345
0.7450045
35.144104
-22.748158
-13.086193
14.304178
5.9257207
3.231119
-10.780185
17.16034
