2436467000.0
358080160.0
69432100.0
33462544.0
28312520.0
-18532640.0
11143961.0
9796219.0
-6562637.5
6408074.0
-4891066.0
4375144.0
-4222698.5
3299695.0
-2889906.0
2906643.0
-2600455.5
2532887.2
-1917647.2
1979516.5
1702688.2
1478511.2
1119497.4
-885357.3
797396.5
730338.8
-764459.7
-727368.56
-681836.06
620005.56
603485.56
542006.25
474216.25
-541731.9
-522719.56
-471869.22
-445246.9
445715.97
409588.78
381316.75
360973.1
350890.7
-361084.66
-341985.88
305201.84
303756.47
293971.47
271342.5
-295755.88
-300989.8
-318686.53
-334732.06
-329569.72
234650.92
225077.78
-251977.33
202272.39
-238964.58
187989.05
178540.83
-210874.78
-190778.52
161550.97
153356.48
140652.83
132381.14
125307.766
-171221.14
-169576.88
114253.555
111816.15
-148077.92
-142302.19
8.712936
-110103.164
-102969.555
-47564.46
-7606.888
4677.006
-58265.273
-122430.766
-121264.836
-81509.06
-95534.13
-88372.875
-136252.72
101188.59
-67174.68
-38213.402
-28476.955
-18424.78
90484.125
87161.78
43843.137
35348.254
15378.896
25067.021
55868.22
75648.14
66839.18
