1370.6747
1006.66907
899.946
667.7366
584.2746
478.23148
388.42645
294.2384
237.81418
221.95143
211.72403
184.02007
147.27115
141.59135
130.52156
127.55331
-73.85905
113.662285
107.66628
96.993
100.34219
99.02795
-67.99442
-64.54173
-61.77315
-59.332985
93.20894
90.19233
-57.073772
-56.601578
-54.43253
83.60799
-52.263474
-52.94655
81.66504
80.2413
-49.30937
76.29804
-46.67716
-46.248844
-45.710407
72.85213
73.56558
-43.922554
68.72537
67.73118
-42.121468
65.85965
-39.619217
-38.526855
-37.07774
-32.26615
64.76878
-35.140408
-28.154953
-30.234451
62.695778
-26.474035
-13.688728
-16.158611
-18.170244
-22.473648
-20.193298
-9.384675
61.148735
-7.115294
59.204082
56.06042
-4.8779573
12.326589
9.857078
7.4298234
50.202755
48.01091
14.664845
5.078848
24.662014
60.185753
27.1904
46.59095
22.115625
37.460564
34.856983
0.09985916
-0.05207125
52.949554
39.77703
-2.0399082
19.848082
29.823252
42.025913
-41.24904
54.376324
2.1752677
43.588245
32.33129
-33.987118
-24.75608
-11.529963
17.328205
