648.59143
609.97095
459.64212
366.51978
322.61682
308.40903
280.1451
242.7297
204.77628
197.14935
162.91849
150.22964
133.26637
125.543884
119.92718
115.957794
109.44502
97.141815
94.66129
88.13907
84.40919
75.75175
73.04031
70.742676
69.470245
66.666374
62.700974
59.774967
56.374756
55.935425
52.32772
49.04509
46.75123
47.274467
44.360733
42.308037
39.37411
38.142216
-21.360703
-21.052967
-20.30582
36.5333
36.411957
34.01364
32.56158
-19.122578
33.068394
31.36804
31.947302
-18.700184
-18.18043
-17.736414
29.513077
28.136465
-17.068146
-16.91774
26.650017
25.321457
24.964497
-14.884794
22.90287
21.08859
-15.76595
-14.605734
-14.115727
-12.85812
-11.158399
-11.864905
24.17092
19.961578
-10.491975
19.283453
-8.54254
-7.661336
-6.7492695
-5.7282147
-7.6265314e-05
2.7185593
-1.5478363
-0.4589614
17.659636
3.902101
5.1363897
15.612007
-3.6495986
-2.5972447
0.45614082
11.385934
10.135046
8.961811
6.376111
16.650585
12.638868
-9.598893
-4.7172203
1.5874556
7.607054
-15.657783
-13.424736
13.801539
