370.9086
324.32294
174.34871
149.12204
109.52256
98.60065
74.954636
-64.31651
60.317333
-47.1976
54.193394
52.138992
50.344734
-40.83182
45.121914
42.091118
40.72556
-38.924217
-36.839733
-36.069572
38.888515
38.368797
36.385525
35.089607
33.715538
-33.870193
-32.594624
32.711147
32.364002
29.848812
30.477882
30.749289
-30.837309
29.187431
-29.454975
27.834482
-28.256071
28.186646
26.718311
25.848467
-27.555672
-27.371073
-27.135162
-26.144245
25.047235
24.514578
-25.378962
-25.11508
23.731113
23.072199
22.258621
21.43281
-24.443024
-23.99266
-22.773293
-23.286268
20.526735
18.496038
16.621014
17.743635
15.50221
-22.076164
-20.707527
-19.82576
10.217111
11.315051
12.4490385
14.513702
-19.040783
-18.289658
9.152576
5.7722697
4.6781454
3.5938907
-16.550545
-15.330207
-14.545034
-13.659314
2.4558797
6.924516
-10.706326
-0.0037030203
-12.822098
-9.686111
-8.665514
-2.0866613
0.1548298
-0.9471199
-7.5330315
-3.2287147
-4.3205748
19.707735
-21.534422
13.532406
-17.395287
-6.455477
8.02942
1.2916933
-11.648328
-5.4141755
