12200175.0
239285.52
25798.668
-21448.428
21704.021
19866.205
-15579.87
12016.328
10908.129
-8714.965
9487.919
9208.831
-7364.4595
6925.604
6078.3247
-6063.6885
-5406.0063
-5074.6797
4878.951
4209.807
4005.5854
-4119.2295
-3793.1482
-3834.716
3097.9639
-3427.732
-2929.9834
-2086.8853
-1995.3317
2150.3188
2001.3204
1813.7329
1750.3616
1563.0387
1393.9365
1233.2524
-1534.9867
-1472.9873
-1360.5282
-1232.4949
973.31213
-1108.1768
-1006.216
876.0477
-841.42285
792.6439
722.07336
714.19025
694.01666
663.6682
-778.3255
-714.19617
-708.69025
590.0397
568.1262
539.68365
-626.80884
-605.1066
446.74225
489.5514
475.0251
476.69254
414.54764
-582.1178
381.60474
-549.1304
-526.35474
-495.39178
361.03143
333.9372
274.6382
293.88757
-461.93478
-449.526
233.02469
311.86014
199.42877
-437.1976
173.62625
150.09207
-398.99167
-225.93333
-190.24202
-171.3714
-249.39725
-78.12497
-359.86386
-105.78407
23.929865
-43.567127
-0.00029877952
54.349186
-381.21976
111.70784
-328.12326
85.06705
-289.0171
-136.92978
-12.487956
-303.16873
