41431.297
31239.668
10920.311
7158.5396
4280.5474
2916.145
2140.531
2000.1031
1503.3185
1391.73
1303.1144
1091.5001
847.94666
809.93115
789.5095
721.0102
740.0024
644.7092
630.0019
573.62714
539.9744
466.42603
475.66888
399.19537
417.4265
-241.29965
376.1726
356.18216
336.94107
327.4624
306.99646
297.37784
289.24615
-182.47792
-168.57141
265.50525
256.7042
249.89906
243.89166
-157.30876
-150.40784
237.15439
228.18832
221.58615
-142.46873
-140.18692
207.69347
211.98576
-131.82875
-125.74093
179.99118
190.72916
198.8887
196.23058
173.12183
-121.2915
169.80103
-113.38712
160.95583
155.70439
148.7755
-110.46782
-108.19719
-103.96633
-100.755356
-95.454506
140.23926
131.48302
124.099365
-91.34338
101.26043
91.29885
-86.48084
-71.185394
-78.02642
-82.338135
82.72342
67.7672
59.35365
-64.22897
-46.334755
-39.413334
75.46719
27.004772
19.037806
-18.35038
-10.696304
-0.0008907847
-3.4451683
-52.348328
35.384796
-32.18747
10.893011
50.70522
43.78428
-25.55791
3.328007
-58.1375
107.88243
116.59801
