1630102.6
502514.22
98763.25
84468.17
57719.73
34996.3
31703.338
-30161.443
27375.568
-23094.13
22216.648
19459.586
18738.479
-18651.146
-16384.975
-14998.384
15322.441
-13465.235
14147.801
12797.666
-10240.934
-9515.4
10719.387
10309.756
9767.196
9049.017
-8293.22
7561.263
-7667.951
-7444.451
-7507.7485
7218.8037
6581.832
-5578.303
6079.7896
5756.532
5451.238
5195.25
-4585.6235
4499.0605
-4377.252
-4293.8276
4358.464
3888.741
3861.358
3557.5522
3408.141
-3345.7964
-2862.8574
-2808.3154
3247.1697
3206.3738
2978.1052
2964.133
2825.0706
-2639.096
-2473.913
2414.438
2488.4236
2603.3867
-2380.0007
2632.7998
2211.95
2141.0493
-2288.3127
-2203.2854
-2185.0312
1773.9894
2007.9276
1932.8143
1630.041
1442.6656
-2040.3903
-1933.1831
1190.7028
907.4568
1062.8063
-1883.4854
-1781.7487
761.37634
-1593.3088
-875.01184
-1019.8867
-1131.889
-1506.0106
-1402.5332
-739.1588
611.7549
-0.18901348
1344.34
-580.6327
3.0708332
-155.8521
466.64865
-1723.9833
-1264.6761
162.73853
-453.4034
-299.20322
304.1622
