4349.487
2812.2576
2085.686
1353.0236
1166.034
879.16956
657.0002
591.3994
528.6724
424.88528
351.1775
313.49316
283.00754
250.13197
219.18178
212.69232
205.70392
185.36662
158.9379
157.32318
144.98691
139.62181
135.19313
128.27411
-88.07083
-82.35408
122.39261
118.52481
111.04681
108.978546
103.37125
99.89743
-77.7442
97.49414
93.60552
89.95616
-70.54865
88.09019
83.96081
81.72174
-66.9786
-65.191666
77.21195
76.71367
74.258896
72.28707
-61.12659
-60.706535
69.823105
67.19144
-58.477734
-57.07321
-55.57248
61.216652
63.28861
64.86758
-52.67985
46.120613
57.110355
48.2827
54.982975
51.71982
-50.963673
-49.275826
39.38612
-48.396614
36.849796
33.179085
29.93377
23.75787
20.861319
-47.023346
-45.212082
-43.974865
17.597765
8.047942
4.9384704
-42.07117
-38.228252
-26.447182
-36.12082
-29.173286
-23.691189
1.7675276
0.0019311351
-12.811485
-9.965742
-34.099552
14.426154
-0.91426873
-15.593046
-21.018456
-40.2464
-6.8588395
11.154755
-18.2773
42.800934
26.877655
-3.9563527
-31.381842
