13254.218
10416.159
3803.616
2523.707
1303.8851
938.82495
847.5095
771.54486
656.21796
493.49615
458.55353
409.1743
358.10297
325.7441
294.30655
266.88263
244.33365
226.44269
218.19635
210.90428
201.10081
184.28351
168.23627
149.45483
139.39925
136.99838
123.32969
116.08572
113.34871
107.76185
105.37143
-71.51851
102.47335
97.20621
94.950165
90.318436
91.590515
-62.086964
-59.595123
86.44851
80.77021
79.95207
75.52122
75.98648
72.312416
70.86302
-53.097645
-51.68851
-50.101055
68.01886
66.53003
63.150345
62.16201
58.064
-48.765255
-46.945724
-45.673164
-45.406914
56.681908
-42.998703
54.006966
50.118587
-42.240425
47.928085
-40.65678
-39.630917
-38.003128
-36.637123
33.535046
36.650967
45.46607
39.984467
42.459538
30.657282
-34.838745
-32.96088
24.006264
20.601164
17.760822
-29.084442
-27.013933
-22.60932
-20.138927
-17.97705
26.863228
5.9750805
9.065958
12.052752
-15.73847
-7.7256513
-4.9976177
3.113585
-0.0043401606
-31.103565
-25.010595
14.921811
-10.3853445
-13.08361
-2.2520442
0.42648542
