6394.882
4184.818
2493.4934
1788.4076
1433.4692
971.8561
732.8858
671.7161
575.21185
525.3273
390.8585
348.74136
323.83664
302.6647
287.93564
261.80838
252.1317
217.5284
200.99178
186.52625
178.7294
175.4334
168.77092
163.20134
157.10332
154.2281
145.44751
140.83147
134.75026
130.3399
121.78825
116.53491
120.030075
111.21199
107.099304
102.93294
-46.91138
-43.898964
-41.833508
99.92495
97.2561
94.72311
92.45388
-38.904884
89.62939
88.31611
86.77426
-37.065853
-35.041092
83.42473
80.86817
77.52534
78.97673
-33.549744
-32.922268
-31.125477
-31.53777
73.35746
72.09261
66.27397
61.816597
59.656292
-29.658321
55.790283
-28.38137
54.161125
47.635136
-26.976168
-25.90519
-24.03307
-22.690048
43.825344
-20.914902
41.614918
50.968033
-17.08412
28.921766
32.46383
37.95919
35.537983
-15.32699
25.632717
-6.4460173
-3.9542596
-1.4523472
-0.004050807
22.899567
11.112699
14.226417
0.63648623
-12.998234
-8.76545
16.957298
8.567427
3.0968268
5.732941
68.85659
-18.873943
20.184162
-10.96469
