25718.152
14137.423
4477.942
3210.4531
1805.3054
1365.3042
1210.0569
883.6753
821.6239
794.91833
689.25336
-536.8051
565.2226
-378.54004
461.13458
421.8853
383.06683
-303.20294
-290.94232
350.01257
332.96988
325.80722
314.33472
-270.2762
-263.38965
-257.8051
294.2525
287.91724
285.0485
-239.85121
-236.58142
261.54242
264.93274
248.48651
-225.4445
-218.28911
-210.72777
220.47726
228.9035
241.94838
-195.22386
206.98128
196.71893
193.07317
-174.64462
-169.51549
185.89874
183.15054
179.58852
-156.76013
-162.50851
172.52295
161.0637
-144.71603
162.52681
-140.96838
-135.34688
-128.89839
-127.04925
-123.826584
146.6735
133.44205
141.67078
138.84563
128.49524
117.36462
-114.86659
-111.672424
99.70277
106.99107
111.590355
-102.88477
-92.2345
-86.534256
68.47606
76.15801
81.81814
-108.502304
-81.510994
91.38133
57.60046
-68.47575
-61.27509
-53.526974
36.667633
43.21783
0.00030635248
28.35853
5.3381085
12.414251
-39.86888
-33.20173
-25.976158
-3.0823567
-10.508118
51.151485
20.200674
-75.91474
-46.11521
-17.92747
