25902568.0
488350.66
303107.38
209604.44
96111.4
54846.29
50956.613
37045.016
33301.67
24778.494
19717.762
17797.428
14595.257
-10677.876
12786.721
13060.346
-8331.033
10544.027
10000.14
8921.034
8407.485
7937.5664
7603.8438
-6930.553
6534.616
-5970.801
-5654.769
-5219.716
-4292.1973
-3984.0623
5462.4775
5253.623
4756.9277
4631.953
4395.985
-3426.8203
-3311.1296
4186.409
3736.623
3502.9602
-2879.7036
3385.8389
3425.2595
-2451.3618
-2332.117
3085.2776
2833.3496
2555.842
-2089.525
-2181.167
-1936.8698
2318.8516
2216.5635
2073.4553
-1344.8346
1882.58
1677.5947
1754.7733
-1197.6128
-1127.8202
-1134.9873
1533.0795
1460.7924
1487.9167
-1059.9354
-989.3018
1302.3784
1258.291
-933.4949
-975.1381
1191.6984
1156.6293
1066.7826
-679.5496
-461.72186
1016.7673
570.4506
778.49927
927.83276
880.8735
655.6312
490.3899
724.13824
-710.80676
-750.72943
-774.3708
-603.47943
-543.7051
-370.9203
394.39142
-312.53354
320.96594
154.48607
243.17137
70.67427
0.038313605
-8.4949665
-166.5945
-248.23537
-88.086136
