5218661400.0
58956776.0
46175564.0
-37481948.0
28990922.0
16467765.0
-12388006.0
-11037337.0
12230533.0
10551777.0
-7746741.0
6741843.0
-4766046.0
4316072.5
-4061785.5
3504235.8
-3100665.0
2585205.8
-2545425.8
-1962758.6
1905212.0
1851342.9
-1528300.9
1530077.1
-1258372.1
1320237.9
-1128163.5
1193729.9
1019078.7
950098.44
902503.3
870986.56
-965568.75
-950026.4
-900212.9
-835185.25
703420.06
-728711.06
-653912.3
594028.4
-537460.4
-530012.75
-488421.72
-473659.75
537857.9
478324.94
496451.88
491844.78
-417186.75
443293.4
413972.9
-381159.3
-356531.3
-340511.6
367097.25
336528.44
325254.1
-293629.94
-287417.6
294571.4
281527.34
248059.39
-268791.22
-233528.67
-227741.56
-201372.53
228910.47
201031.52
193121.92
182151.47
-188592.6
-182161.83
177533.56
170986.77
157610.17
-160943.42
-150494.06
-144573.05
144218.38
-129136.54
132372.78
117607.77
-79237.72
-65161.24
64312.41
47792.0
103824.5
77045.56
-24475.152
-0.097116165
-36943.445
-52173.28
21161.668
6861.522
-10669.687
34178.32
94140.25
-117607.15
-107342.35
-97042.29
