31999.982
17265.393
7859.796
5203.751
3339.8813
2424.6792
1559.61
1253.8838
1230.151
1083.7584
980.8668
-735.14514
873.2911
-625.7583
815.0213
-534.27936
753.1359
757.2509
696.9588
-493.57465
645.3793
579.2535
527.94336
498.38998
-404.59277
-385.02408
-364.0886
-342.23993
-324.75153
-318.16443
475.39743
469.48465
448.44
419.77078
-296.3952
-287.7262
-278.6183
397.07346
384.61856
372.7552
-252.71262
-246.15503
355.56107
339.93274
-241.84946
-235.21552
-232.93338
-216.89653
332.69672
319.4227
309.51184
-188.58655
-182.29861
-210.15189
-201.26727
302.01538
295.672
-175.72813
-162.60516
-154.48994
280.93228
-147.11858
270.50705
-132.66771
208.31863
181.92027
170.92575
158.75098
-54.27682
250.93869
147.55455
-29.87082
-42.717613
-88.8172
218.52214
45.361935
58.902714
-17.37528
32.660248
84.13742
108.95709
264.82568
243.84732
229.13373
-99.47124
120.88929
97.37266
19.49608
0.0017467645
-5.124017
-77.72818
235.68687
134.46852
7.3652897
-123.146065
-114.81041
-206.34
196.5723
-65.479614
71.42967
