435154.94
183002.97
44803.86
21452.244
13282.878
9771.518
-7499.603
7102.759
7719.795
7647.598
5412.652
4578.33
4369.6685
-3885.172
-3703.5073
-3441.2566
3829.3953
3569.0403
-2976.6572
3279.3076
-2646.0613
-2495.5454
3098.9263
2959.4092
2850.682
2726.5388
-2213.246
2514.887
2398.5552
2285.9133
-2027.6962
-2016.8878
-1978.6238
2121.1816
1985.3964
1895.4551
-1868.4933
-1790.3505
-1729.772
1841.1238
-1689.6217
-1644.2935
1735.9938
1729.7493
1668.9819
1616.6863
1598.2793
-1507.3055
-1484.3378
-1454.2166
-1266.0088
1445.36
1484.763
1579.7202
1540.3854
-1370.0927
-1414.7203
-1225.2825
-1190.7161
-1147.2891
1367.7428
1318.218
-731.213
-1069.7189
-1016.55096
-901.2512
-799.0797
-671.65826
-606.2525
-549.2905
-474.63245
1219.9219
0.0020963235
-258.96307
462.7126
-190.38231
385.66626
247.49783
31.84639
170.68866
100.89694
-1402.605
558.813
1033.4293
-332.3119
608.42377
-117.27955
1076.7976
682.6735
1149.7689
946.37756
813.1171
-410.10538
1182.6959
-1043.6687
-860.6707
-47.907104
314.16595
742.76984
882.2676
