2948.5742
2336.5286
1668.6505
967.10565
890.6265
649.49023
466.79916
392.44183
362.6159
302.11115
272.01666
246.6858
212.22714
191.29651
166.8578
148.28955
142.58936
136.15152
133.4775
125.2374
113.98531
108.17388
102.814354
98.79164
95.68164
83.940254
82.44904
80.95712
73.48804
70.05948
68.9997
64.200615
-36.725258
61.342968
59.547493
-34.943478
-32.497078
57.444935
56.15146
54.34262
52.4089
50.439243
47.737854
-30.209858
-29.259216
-28.476606
-26.721188
46.937954
45.78438
49.734222
-26.211807
-25.408216
44.193626
42.971252
38.616913
40.516457
-24.74368
-24.640106
36.68403
41.635082
31.648602
33.777214
-23.16597
30.241892
-22.426167
-21.798353
-20.89421
-20.09385
27.788296
24.424736
22.855156
20.722416
35.330593
-18.770008
18.602083
11.443992
13.371096
-16.575937
9.600481
2.5276496
4.2537327
0.0005490383
26.248562
-7.148998
-5.442467
-0.66274834
-15.135599
-14.227263
-9.96971
-8.540103
7.7866235
0.87589633
-12.813881
-2.2623744
17.1151
15.049483
-17.743256
-3.8618636
-11.564414
6.0672464
