1122199700.0
34501600.0
17833546.0
5192088.5
1459628.0
1306968.5
736645.7
543891.44
397392.2
266714.7
186684.14
132122.16
97374.08
92479.41
82562.664
67990.32
-50114.22
58290.7
55888.94
-36765.11
48929.1
42881.33
37881.96
-29497.791
33372.95
32537.541
29744.799
-21902.176
27025.445
-19749.08
-18258.734
24512.389
24214.299
22593.916
20216.566
-16700.842
-15644.778
17014.932
16486.117
-11629.225
15391.064
-9902.652
-9250.597
-8759.063
13659.319
12945.753
12677.577
12162.403
-7894.3247
11539.163
11217.443
-6786.2783
-6818.6016
-6635.6504
-6138.687
10709.026
10080.993
9713.061
9326.304
-5908.3457
-5487.6074
8509.156
-5209.5293
-5122.197
-4805.214
-4597.96
8228.744
8060.395
7651.2915
7370.9243
7197.1597
2083.2632
1213.3926
791.91455
1696.7695
-0.8439182
-552.1704
-963.3797
-122.651665
2578.228
-2164.6338
-1340.5381
-1746.7198
365.9855
6808.956
-2979.0708
-3266.9111
3024.47
4727.2236
6247.9404
5926.657
-4115.901
-3933.5405
-3669.9272
-2605.3984
5620.4585
5163.488
4385.025
3419.8533
3871.251
