19556.666
7189.538
6102.058
1979.1692
1945.0919
1279.0564
917.0504
642.59595
606.688
559.54803
494.10464
440.6713
347.99615
302.6837
285.2957
261.87848
257.4229
240.70868
-132.00691
205.47374
191.60423
180.27956
174.91844
166.63594
158.5656
150.09143
146.28064
139.17616
-112.46527
-106.938736
-104.00844
-100.39666
127.87042
125.025055
-95.64288
-90.72267
-88.37052
-85.44932
119.59723
114.49154
110.42099
111.82425
-82.83019
-80.2157
107.382256
-77.96832
104.67535
102.19505
-74.1223
100.71644
-71.96841
-67.327034
-70.772575
96.79665
91.71031
89.97951
86.44481
-64.7576
-63.29671
-60.943245
82.74051
77.07323
80.23365
-58.287632
-55.91679
73.1413
-53.532513
-46.785465
-50.927227
-44.03616
69.389465
64.78489
62.01143
-40.802982
58.205948
-0.0037442332
4.584494
0.6075629
45.801514
8.674006
-11.415945
-15.337278
12.976897
-19.154892
-7.2617335
29.444113
33.771015
21.25808
25.228817
40.97774
-37.452343
51.114025
-30.036715
-26.624624
53.36036
-23.228212
-34.333366
-3.419877
17.082514
37.716278
