96193900.0
-19949002.0
6404827.0
4077571.0
-3367857.0
-2225873.8
2736044.5
2828223.0
-1498164.0
2041453.2
1635285.0
1421780.2
-909685.0
904010.7
-694112.56
633088.25
-602941.06
549088.25
-480495.0
453013.3
410175.0
-332333.5
-311370.4
311368.6
301273.06
-252052.94
263046.25
-231052.45
245874.78
-206757.5
223036.69
202478.19
186449.23
-168264.42
-164330.69
-150994.4
160167.39
153692.73
149619.55
144951.19
138572.14
-133188.77
-130655.8
-123737.625
-119914.83
-120505.14
127156.945
122904.44
-111780.53
-108715.984
119969.55
119756.75
-106628.86
-102375.4
-103106.97
114646.734
109714.02
-92887.15
-94029.71
105650.5
-82679.93
99891.28
-77142.65
98563.52
94993.766
58591.57
76875.02
74054.88
69474.68
64475.758
-72324.8
51664.887
42023.324
47833.367
83345.45
-70002.55
36573.344
86484.34
88249.24
31920.943
-61601.883
-44628.16
-29129.98
-38242.992
-34693.03
-49122.63
-23884.934
25838.9
-7740.3584
-12468.238
-0.7297953
21062.492
-2371.7751
-17956.668
4406.3984
-68133.51
-57228.246
-53790.754
15713.395
9988.35
