2824262.2
113898.54
37879.473
17457.725
19594.318
7942.0684
6482.723
5501.1553
4381.712
-4071.9407
3866.397
-3379.699
3146.5044
-2940.2847
2756.2925
-2622.2217
2304.66
-1857.958
-1566.7766
2036.898
1924.6414
1664.5513
1717.978
-1413.7296
-1342.8005
1513.2004
-1207.5953
1434.2607
1356.2242
1251.6849
1143.6256
-1038.152
1072.9596
-932.47235
993.9433
-866.3322
-761.4099
878.2636
784.9514
801.68945
672.2764
655.889
-609.65204
-586.86774
-565.4042
607.1138
597.70886
585.87646
561.59546
-533.388
-531.5197
542.646
510.16833
529.07184
-485.5709
-479.21866
493.87946
468.48248
-456.48358
-430.11713
450.73544
435.69543
-420.04193
-400.14526
-385.99832
403.60913
305.30942
332.7827
345.02072
-368.01776
277.87827
252.73088
-241.76338
-329.19925
-267.47684
-225.2364
221.51074
-410.17163
-307.40503
199.76111
-204.00667
-170.72676
171.59183
-291.01135
-150.16809
0.0001693938
-346.5217
147.99802
120.57421
92.59074
-98.25168
-17.603548
-43.15626
11.973105
64.73469
37.411472
-70.13729
392.13782
380.0228
-117.650505
