1810.8582
1244.4155
1131.1503
1008.4208
850.3656
570.33026
557.2686
467.56903
405.0043
332.3965
240.8993
211.94182
194.5337
175.4077
158.71382
133.82791
130.86699
120.91491
118.88003
103.05478
99.02428
-45.554096
-41.60664
92.052864
91.49904
85.84068
83.750725
80.7546
78.53751
-39.128086
-36.604454
74.41157
72.64647
69.04514
65.40773
64.84038
-33.862038
-33.128098
-32.034294
-31.446243
63.148655
62.221275
-29.89265
59.897667
-28.881254
59.194767
-28.199352
57.748802
-27.537653
-26.78248
-25.255976
-23.798033
-22.577738
55.917892
54.673264
53.619385
-21.586113
-19.220455
-17.845257
-16.384258
-14.890112
-10.133187
-11.702116
52.226093
-8.542606
50.121937
-6.8006926
-5.144414
45.78747
47.302216
-1.4058379
1.8589636
0.19265093
49.04309
43.21469
11.748234
5.8169866
3.9224014
-0.026378118
13.747487
38.16077
40.238205
35.790195
15.680845
9.681482
23.908442
33.979748
17.644245
22.085701
26.18222
28.01812
31.95804
30.287704
-20.401278
41.999187
20.096022
-26.153578
-3.3405244
7.704493
-13.397634
