1151155.6
412401.78
123444.195
40441.14
31145.67
22171.969
20109.602
18369.01
15799.4795
12499.769
11026.965
8627.429
8382.278
7164.278
5882.5557
4818.7617
4543.0063
3896.779
3653.9294
-2194.8464
3309.2725
3114.99
2800.7349
2640.1912
2452.8457
-1787.1177
2459.1357
2192.6838
-1559.3286
-1474.3151
-1410.1704
1963.8602
2002.888
-1283.3553
1834.1619
1747.7991
1683.6486
-1219.4879
-1099.0413
-1020.9571
-981.27313
-941.17737
1502.4027
1435.8999
1365.6968
1320.5012
-916.58856
-830.41925
1296.3064
1267.7158
1219.9747
1133.6614
1247.1495
-769.7689
-745.2123
-735.8719
-711.6602
1091.3049
-678.0573
-649.7028
-634.85834
1065.068
-610.49133
897.58844
966.5773
1010.4111
926.9781
832.81213
810.6145
750.1937
-416.60403
-450.09305
-568.54144
-506.38293
-531.5139
702.7225
-372.6312
1028.807
649.6735
-338.27338
615.4585
-287.26987
-243.74416
550.4843
-102.45263
513.156
446.26727
-149.09807
-54.52536
146.06902
94.48293
46.312405
0.038177676
-4.913439
401.86923
-195.42778
248.56592
297.13574
199.50165
348.97693
