20854152.0
4744152.0
850802.4
328400.66
211293.53
185203.39
-75894.41
-60841.94
52410.766
46971.016
40137.43
-39039.28
-35839.203
36121.62
-32301.072
30032.27
26321.67
-25769.848
-21662.994
21083.951
-17680.902
18915.855
17721.172
-15605.177
-14903.035
16002.876
14304.806
12991.483
-10963.297
-10741.988
11568.512
11024.014
10367.597
9973.925
9377.804
8017.9883
-7493.625
-7315.805
-6761.164
-6552.223
-6342.1436
7605.405
7425.107
6932.304
6646.8975
6210.375
-5762.3765
-5479.513
5991.368
5661.4136
5537.9355
5396.875
-5089.132
-4933.163
5228.05
4951.7544
-4699.663
-4457.771
4482.5107
4424.955
4250.8345
4004.9866
3922.653
-4051.0852
-4052.582
-3841.5862
-3757.0823
3451.6658
-3498.3223
-3337.2979
3380.979
1288.516
1559.972
2098.9077
1754.5667
3201.1123
1073.1877
-2188.8696
-2401.1084
-2533.7146
3034.947
2603.3147
762.6198
-1935.2456
-2989.9673
-0.04391338
523.2528
2846.2817
2439.5159
-261.51172
10.571673
-3086.168
-1733.9331
-521.05414
-1255.4305
264.89618
-1033.7725
-760.46594
-1480.2952
-2881.6855
