82490104.0
1777446.6
-1590510.0
901800.44
-370779.6
392969.53
286184.38
-183302.1
-99247.75
-88087.49
100071.06
86204.2
82299.016
-70265.15
-66334.15
61674.418
55887.523
49094.145
-46282.71
-43680.656
30452.635
-32258.35
19827.723
19091.45
-20661.438
-19133.719
16811.086
16305.586
-16880.773
-16278.528
12139.633
9851.894
-9851.884
8928.322
8705.386
8093.021
7988.8486
-9031.223
-8098.842
-7858.985
-7539.0977
6051.664
-6206.057
5387.2227
4863.78
-5976.7
-5422.398
4597.1987
4340.082
4323.5825
4030.3477
4108.446
4124.518
-4861.1514
3742.1428
-4497.7646
3185.358
-4340.0845
-4277.103
-4124.5127
3024.7615
-4041.1797
-3705.7336
3338.2573
2729.5464
2890.8186
-3356.5212
-3456.9846
2173.5493
2066.4736
1989.9071
-3224.868
1729.7684
1645.695
-2881.5525
-3078.7422
-2818.5554
1435.6746
1122.1635
942.4677
-2456.2917
1305.48
819.0293
584.8872
392.8983
-0.01735076
-2091.9775
-2005.9297
-1930.5115
211.49855
-10.99169
-239.26642
-637.218
-402.75433
-804.98645
-994.432
-1148.0262
-1525.884
-1670.7753
-1365.343
