5597286.0
1975901.6
432636.3
187874.69
113852.96
96472.41
79396.34
63388.48
55488.906
45992.008
-25778.031
36203.016
33339.957
29001.293
20263.957
20620.375
16674.477
14679.641
12639.708
11920.56
-8376.874
9833.274
8868.034
8585.886
-5878.9517
7856.5425
7402.6
7205.1533
-5143.6523
6386.1333
-4687.3086
-4100.2495
5927.242
5575.448
5346.6846
-3528.3962
4812.14
4609.201
-3233.3438
4500.474
-2481.194
4220.1875
3983.036
3789.0144
3648.647
3582.51
-2410.9995
3308.1033
3492.4153
2976.3262
3014.7961
-2143.8965
-2177.6497
-2194.2595
2815.0374
-2033.184
2718.6218
-1924.7335
2659.1675
2575.321
-1817.5028
2439.6877
2369.296
2243.2273
2201.2688
-1734.9557
1522.8209
1641.202
1772.2336
2010.2944
1932.4829
-1611.4734
-1548.1464
1400.7386
1292.1366
-1446.6296
-515.81995
-382.6657
-270.07043
-630.6939
1005.86816
910.15045
-153.65442
630.97205
488.54605
0.1531587
-753.25903
-28.79921
1162.4204
-855.8123
104.33284
759.49976
360.39026
233.51144
-948.49036
-1382.5148
-1286.8291
-1228.6014
-1134.4034
-1032.4551
