895.53674
847.0183
427.05762
367.8999
353.0931
233.6924
219.67964
191.97987
169.24257
141.28046
133.22711
125.075554
102.18161
92.88257
83.35933
71.615135
60.709373
54.406887
52.113163
44.62044
40.735992
37.59943
36.0397
33.454838
-24.22087
30.395622
28.25359
26.583021
-21.698017
-20.884472
-19.837471
25.096437
24.668365
23.368782
22.300848
23.931412
-18.801188
-18.427084
-18.251453
21.264717
20.117165
-17.289516
-17.411308
18.923716
19.735735
-16.12205
18.441984
17.83111
-15.744501
17.151945
16.809965
-15.211263
-14.728868
16.318468
15.804213
15.402579
14.827395
13.8551445
13.058511
-14.243435
-13.780285
-13.276579
-12.930507
-14.054572
12.609999
-10.6471195
-11.10921
-11.624287
11.564613
-10.062249
10.9440365
10.266892
-12.100035
-8.202972
-8.812353
9.524837
7.8009453
-7.469453
-6.7253814
7.1072087
0.008140012
-5.3491244
4.626399
-0.06763341
3.0452464
3.8343875
-0.77548957
-4.630855
2.2587247
8.836824
6.2270775
0.6361935
-3.8347545
-3.0927901
-1.5912732
-6.038288
-2.3191967
5.545322
1.4791883
-9.439855
