154128720.0
7320175.5
-2850028.5
3268724.8
2906717.8
1586245.6
-1476683.9
-1107991.8
1112791.2
696766.0
599568.5
-528436.3
443693.38
370568.38
297050.56
276369.84
-254210.25
-233919.03
210021.1
-181345.06
188463.5
-152280.06
-142978.5
127949.17
-121055.25
-110784.93
-104771.74
112578.92
110785.195
106278.78
99787.875
-81868.77
87128.79
88184.56
71107.266
-60680.797
64106.656
56933.1
52284.582
49049.94
-42444.434
-40799.883
-39443.12
-37991.855
41221.477
40048.875
37308.758
34525.727
35413.727
-35327.496
-32818.113
-31144.186
33201.316
30729.611
-29471.611
-29704.84
-28424.799
-27540.18
29496.686
28545.645
27534.785
26927.871
-24442.19
-26330.277
-26869.62
25412.584
-20614.78
-21893.799
-23405.598
23282.123
-0.24655586
-14466.614
-15940.688
-23039.352
22029.137
-17734.7
-13121.847
-11604.706
20682.379
-6319.116
1845.9548
99.39351
3496.236
-5065.867
-9907.3545
-8945.167
19770.246
5069.9644
6460.4473
-18436.205
-3227.9573
16494.197
15286.412
18209.188
-1790.0051
13126.578
8513.507
10120.196
11954.57
24266.283
