14600.509
4190.0503
3192.345
-3411.328
-3033.0957
-2525.934
2358.6472
-2185.0354
1878.6422
1806.5815
-1878.0592
-1795.5249
1153.8926
-1142.249
923.8405
820.2051
824.96326
-916.6139
-820.9304
-812.94934
625.08905
589.1146
-594.44104
-544.1878
510.11227
487.145
-505.40005
-484.10333
-462.45468
-435.298
482.7611
445.21997
404.9744
401.79944
-409.17053
-381.1366
357.31396
319.8919
-356.60587
-318.59396
312.01816
297.57294
283.19806
286.68866
-302.4567
-283.2401
251.9443
243.69215
228.62093
223.87827
-267.64832
-260.55023
-241.81914
200.28572
195.15096
-237.17224
-228.75816
185.07204
183.21294
-200.28778
-196.17688
-193.38382
-192.01404
-183.28162
165.60724
155.04027
147.2169
133.45586
-164.02107
161.11507
89.894165
115.91746
99.09361
-162.89769
77.76095
-0.0009930438
35.54696
46.95231
68.40225
24.714294
-150.6008
2.7336693
-143.36285
-9.386455
-135.30328
-21.025301
-54.05194
-43.043385
-64.38162
-106.34475
-96.55468
-86.47447
-32.18793
-126.27921
109.58549
57.647854
-115.88725
-75.10905
13.655609
127.050705
