2477.902
671.74744
334.67938
245.63559
153.09291
118.16907
90.55183
83.43728
66.59762
-47.839104
51.279182
46.92766
-40.55819
-37.92212
-36.673332
-35.69091
-34.38953
41.070778
39.510284
38.605377
37.807243
-32.975758
35.875095
35.204773
33.806267
-30.095726
-29.371815
-28.550552
35.106865
31.589842
30.099417
-25.446928
-27.110834
-26.584492
-26.46378
29.323847
28.88441
27.254274
27.816156
26.101051
25.954964
-21.978975
-21.183458
25.39141
23.982832
21.867348
22.17014
21.240881
-17.71106
-16.082212
20.210808
-15.237612
-15.285481
-14.391615
17.807932
16.541533
16.778095
-13.803724
-13.429099
15.383405
14.792664
12.147321
12.931396
14.291284
-12.440833
-11.797356
-11.045519
18.24635
11.373157
9.840477
-11.405728
-10.280241
9.134345
6.5392523
7.3422117
5.549533
4.768508
-9.689896
-8.95618
-5.994179
-5.3201227
13.815679
2.1442113
-4.389945
-2.8434207
-2.0345578
1.3273921
0.512873
-1.2222115
-5.156167e-06
-8.173838
-6.953961
3.0205448
-0.4142695
3.919992
-12.309733
8.026413
-7.5156302
-3.6752412
10.9162035
