322895.2
340991.28
70041.64
47610.344
22647.375
17000.205
13853.577
11354.045
10168.453
7571.7
7132.1865
6508.645
-4970.31
5921.6885
5323.757
4950.1367
-3939.981
-3227.0767
4314.813
4130.6733
3887.5464
3765.1082
3356.3042
-2849.9714
-2766.876
-2600.076
-2557.5713
3128.4968
3086.7273
2919.9512
2841.5715
2632.0886
-2424.1204
-2265.878
-2299.195
2576.9404
2468.2651
-2120.5437
2255.2524
2201.4563
-2055.6724
-1983.8613
-1930.2631
-1847.9429
2114.2708
2058.7634
1989.3962
1926.2241
-1728.0779
-1688.4813
1860.0052
-1672.971
-1618.3114
1803.1344
1763.4069
-1530.8048
-1481.411
-1362.717
-1402.779
1387.9098
1452.0776
1680.0453
1551.9458
1638.2611
1614.1055
-1285.601
1289.3031
-1248.9929
1231.9873
640.20575
-1201.1426
730.8217
562.69806
1077.1619
-209.40082
-0.004449303
487.69464
-388.56424
-297.00793
-126.05545
978.36
141.04436
55.822006
-463.84174
-1068.0144
-935.55023
397.2441
225.64
-1012.8876
-551.8173
-860.70154
902.2435
1141.2816
309.66644
-699.0967
-616.84375
-1152.2401
843.3164
-44.417442
-781.43427
