390.10153
142.23965
45.349854
36.025486
35.06087
-32.180763
-30.561548
28.621862
-24.579388
25.840252
25.307505
-19.277475
20.85859
-16.821404
16.95581
-14.760246
15.615076
14.824409
14.419579
13.634698
-13.170124
-13.054892
-12.793116
-12.1668825
-11.566485
12.757791
12.489001
12.319729
11.973818
11.590316
-11.2145815
-11.089554
-10.882529
-10.413342
11.464063
11.252575
11.117208
10.889596
-10.375357
-10.341965
-9.853862
-9.938286
10.6293745
10.250146
-9.718611
-9.4953785
-8.80069
-8.895889
-8.354402
10.002929
-8.136779
9.669896
9.389112
-7.8246737
9.831555
9.162933
-6.876911
8.309054
8.019823
-6.145721
-4.9648204
-6.400834
-5.3362155
-4.5621037
7.751826
7.4239907
6.2439437
6.6337953
5.878624
-4.180089
5.4317875
-3.7966456
-2.5466454
-2.132995
-1.7394123
-1.2924509
1.3206452
0.89800555
4.249445
3.8946831
3.440476
3.0161753
0.48448357
-3.4012012
1.7570909
-0.88118136
-0.0010597557
0.01742652
5.0910177
2.5868149
-7.189832
-7.39079
-9.291999
8.768313
-0.46560737
7.0636206
4.6889515
2.1583292
-5.7913265
-2.9804406
