950.1823
859.3515
416.69333
356.22455
330.7086
222.99608
203.83656
182.8159
174.36974
145.47728
140.02544
132.5903
118.53203
88.42682
70.70875
60.28836
57.838165
49.359478
44.14285
41.126415
39.04944
37.476788
34.902603
-25.73126
32.392197
31.528872
28.686974
-23.15459
-22.185394
-21.276821
26.820328
26.398823
25.684467
24.269232
23.407854
-20.236992
-19.627277
22.079685
21.353657
20.527544
-19.34375
-18.9084
-18.226572
19.748775
-17.25629
-16.74299
19.394115
18.611177
17.746374
17.338335
17.247232
-16.16833
16.322533
-15.941659
15.677373
-15.105212
-14.989145
15.250864
14.663879
-14.553051
13.611018
-14.000845
12.448737
10.838135
11.702656
-13.329908
-11.989801
-11.401512
10.015021
-13.038943
-10.890268
8.542333
-10.225934
7.5580754
6.6636386
13.0861635
-12.802335
-8.847611
-8.128559
5.9412007
4.229203
-7.539936
-9.595021
3.4327004
2.5995839
-5.2788844
-4.4780493
-1.3482704
-0.0026921716
0.18890889
-6.0176597
-6.7620206
-0.52340305
0.9419147
-3.664773
-2.14123
5.081237
1.7975361
-2.9202187
9.338952
