333639740.0
65664750.0
11063993.0
3684315.8
3264489.2
-1708199.1
1952319.4
1826766.5
1441067.8
-817328.25
798377.56
651025.94
502602.9
413373.84
-286289.06
290630.7
258702.88
-196258.72
-183216.83
210746.7
202970.86
176531.28
-143927.0
148819.31
136260.05
123640.99
-95946.85
-88617.57
105935.04
90323.42
-69004.086
83203.84
-65178.855
-59072.8
-59427.195
76490.21
67975.164
65720.555
64023.96
-51584.348
59282.54
56866.78
-45720.266
-44461.34
-36644.33
47590.91
45238.53
42369.62
43479.24
-32927.934
-30265.85
38317.074
36272.74
34128.516
-26761.395
28996.65
-23483.93
-21324.88
25462.262
23977.238
22150.32
-18055.902
-17703.361
-15168.089
-16261.343
-13939.353
20975.615
19824.453
17903.059
18869.156
18723.723
-13258.818
14963.485
-11136.38
-10456.71
13246.062
13182.0
-7593.505
-8651.194
-8936.023
11251.132
11544.053
8983.709
10199.936
8025.567
-6690.8193
-0.6450727
5609.7
-5892.423
-4998.7734
-4053.0388
350.62424
6783.9365
4940.3086
-1903.9454
-2991.388
-924.92645
3587.292
1428.2598
2490.3293
