46402.492
36757.47
12654.594
7948.709
4300.7085
3287.966
2702.9858
2076.0188
1615.137
1493.7123
1444.8076
1136.9492
975.1134
887.49725
834.075
798.11285
744.8832
732.6645
651.7696
615.0783
593.977
558.43933
-348.71948
493.49628
-251.59589
450.75476
433.12625
413.6884
403.4146
390.694
361.80542
-232.42651
-225.22174
-213.19739
350.37036
340.76505
335.01193
313.09857
-201.74187
-196.10916
-185.80052
-177.87306
290.20157
286.33484
278.8601
270.4604
-167.41156
-157.91928
-154.70381
257.0127
247.25018
245.28224
-146.4589
-138.47813
-133.27678
-126.71285
217.47513
238.17886
228.09308
233.19867
-124.37877
207.31749
-116.11854
-111.539986
184.14638
194.62402
198.80904
109.00831
116.22076
-105.94462
-100.2864
-94.47713
164.26523
156.12555
129.4671
95.88587
85.50032
64.155556
56.030945
171.32468
0.008129107
145.31393
45.6463
-38.714508
-11.013801
-2.0354881
6.492127
16.12125
-28.880322
139.56342
35.355026
-71.04938
-63.520973
-47.46235
-79.9165
-84.52697
76.12586
25.544796
-55.49391
-20.425611
