5332475.0
651913.25
311658.9
90699.34
74224.93
45412.234
-35222.44
36872.26
32890.586
-27748.121
26195.332
23667.623
-24281.322
-22490.19
-17667.898
-16040.433
16289.833
16071.964
14292.677
-13184.252
12812.0
10860.894
-9881.791
-9166.554
9777.925
9371.081
8348.366
-7421.483
-6592.243
-6462.196
7465.3354
6950.437
6774.6743
6508.7695
-5651.67
-5117.2236
6129.7075
5706.796
5574.7812
4725.8394
-4054.9258
-3827.9106
4339.873
4123.546
3949.6392
3597.807
-3411.1262
-3416.358
3416.7896
3279.6382
3261.3552
-3284.991
-3224.8591
-3164.428
-3106.1917
-2996.6013
3213.4807
3129.404
-2842.7393
3042.276
2007.9332
2133.0854
2785.3115
-2149.3262
-2351.463
-2467.4302
-2405.2917
1808.8209
2637.0977
2440.9812
2523.8513
1686.6058
-2020.0978
1515.7703
1370.1482
-1890.4502
-1752.4202
853.41534
0.050436974
-2746.4136
-1651.0159
679.7038
1039.5802
510.79034
-187.69778
-12.540484
-688.8814
-850.2735
170.23145
-1011.8806
2319.4749
-1334.8347
-364.80948
-1475.237
-520.92004
1196.48
-1183.2101
334.04776
2934.0027
-2716.187
