159.15288
100.14573
43.38925
30.817612
25.952145
-17.705355
16.792131
-9.721146
12.989591
12.453242
12.134386
10.749776
10.243456
-6.9820223
8.783595
8.081603
7.7723613
-5.7144866
-5.528224
6.7752147
6.44151
6.056723
-5.0799565
-5.0295405
5.800424
5.5041575
5.3556466
-4.774596
-4.6479273
-4.5152664
-4.4429336
5.1757474
-4.138748
-4.218105
-4.1967416
4.89725
4.72987
-3.9117343
-3.9295962
4.581221
4.4208927
-3.790142
-3.688121
-3.527525
4.364922
4.26189
4.188568
4.1107545
3.954458
3.9205215
-3.477618
-3.2858899
-3.1957538
-3.1035023
3.771589
-2.5803668
-2.724669
3.6607754
-2.8520494
-2.4213202
3.5071099
3.4004476
-2.265654
-1.8303764
-1.9895232
-1.6950058
3.256495
3.1008608
-1.5369946
-1.3857142
-1.0641878
-0.88339406
-0.7102603
2.817322
2.3342097
-0.54884136
2.4959447
2.9838648
0.00033061515
2.0232916
2.1863744
0.16322261
-0.022998368
0.33018625
0.51392806
1.0507785
-0.3648771
1.2166263
1.5486984
0.8578501
1.8668716
-0.20367034
1.3835238
2.652898
0.6770905
1.7034292
-3.4118135
-2.9374607
-1.2259156
-2.1257138
