81504344.0
1012267.5
540741.2
220953.36
128494.2
72837.125
-59497.71
61052.906
55828.05
48204.9
-46095.605
38653.34
-34997.195
35286.367
-29807.732
-24767.242
-23909.377
29201.148
27945.775
26590.795
24433.934
21711.145
-19285.049
-18023.951
-17155.398
-16215.942
19696.287
18527.367
17276.074
15713.511
14826.983
12972.836
-14473.488
-13068.899
-11986.587
-11754.624
12082.473
10958.412
-10997.645
-9696.38
9704.642
-8768.315
-7969.0986
8651.208
-7352.5415
7556.565
7138.8257
6183.3975
-5818.1143
-5482.489
5304.161
-4200.7114
4986.87
4500.518
4200.9883
-3769.982
-3649.0532
-3557.4807
-3157.544
3885.4587
3774.9573
3258.007
3550.5427
3464.4614
2893.9492
-2800.601
-2862.408
-2716.4277
2923.8435
2540.6335
2408.9133
-2051.109
2165.6985
1857.3553
-1696.8556
-1638.7365
-1602.9276
1781.6235
1626.9034
1532.7257
-1305.6462
-1357.9834
-1434.619
1360.0322
946.8184
-945.4632
-660.841
-474.64767
-0.016976947
-1024.6942
589.1825
408.33575
206.4241
-832.2344
1257.8975
771.0987
1101.5177
-301.74652
-129.83829
42.454754
