1091235500.0
31701270.0
6167225.5
3618320.0
2821448.8
2158969.2
1254620.6
929201.1
707813.06
668670.94
-452983.8
-348331.12
402731.1
374583.9
281110.06
192789.62
161757.22
105759.87
-80161.82
-68201.97
81235.36
77657.98
74951.46
66580.42
60818.95
58219.438
55035.72
52595.086
50130.844
-39654.37
46856.75
41313.58
-35085.793
-32883.49
-30145.451
-28963.047
40426.773
36703.93
35840.26
34429.496
-26813.8
-23483.436
32073.25
30881.432
28457.967
26815.201
26569.006
-21628.45
-20790.385
-20029.184
-18688.738
-18356.424
25510.125
23347.88
22713.586
21913.557
-15477.465
-14751.973
21453.613
20949.184
17767.84
18477.26
20169.03
19898.988
17096.488
-13777.179
-13631.408
-13284.438
15804.603
-12302.807
13932.303
12465.041
11329.676
10401.553
-11476.249
-10246.146
-8281.577
-7616.936
-9023.289
-9735.217
9351.898
7547.464
-6506.6436
14543.412
-11775.1875
6573.621
-0.24968264
8801.734
3294.311
-2894.685
-1935.654
-976.9263
208.62599
-5792.74
5509.0825
-3915.4192
2247.5295
1311.25
4572.601
-4645.8047
