6198704600.0
244298530.0
168775550.0
18291954.0
8877766.0
5837398.5
3856761.5
3086220.8
2449480.0
2061987.4
1406071.9
1097211.8
-857810.7
831115.75
656501.06
519425.75
481657.25
456258.53
-250326.4
315821.12
281952.94
249976.83
237950.73
-151060.22
201937.19
186493.98
172325.1
-111949.39
-106162.52
148337.64
142370.19
125404.695
115276.55
101821.44
94209.125
87257.984
77267.734
71365.56
68722.086
-45020.14
62882.57
-39810.54
-35087.29
-33173.684
-30516.654
-28621.424
-25498.883
53977.668
50960.207
47885.91
46547.516
42592.844
40608.71
-23573.9
-21758.908
38026.18
-20100.963
-20254.486
36897.594
-19454.07
-18835.793
-17064.152
32400.158
31518.398
28500.643
-14317.092
-13853.602
-13355.715
-12689.186
27469.605
26900.299
25452.146
-11825.602
-10977.355
23321.95
2.2400925
-9204.041
-1055.8944
601.07623
2049.7676
3458.8547
22603.45
18374.084
21887.822
19957.771
20939.328
-7982.9673
17078.295
-6525.0405
-5055.125
-3799.844
-2620.0947
15152.715
13822.357
5037.896
12636.961
10890.684
9735.537
8062.1504
6295.0405
