17470.402
10330.606
3326.4014
2649.5347
1690.9231
1019.8847
819.2244
763.2651
733.89514
584.6166
511.60233
461.13034
415.48633
-265.40524
382.07706
371.88577
349.42712
-239.04196
315.72614
307.3081
283.2478
-212.38152
263.351
258.08765
250.30684
234.65718
228.00203
-186.783
-179.82219
-169.6819
-159.43889
210.46661
-153.1946
-148.17226
203.43332
190.68741
186.55212
-138.37364
-137.7181
-134.46863
180.67003
178.97511
174.44524
-125.04488
-121.35775
166.88518
163.46474
161.62843
154.84082
150.5177
-116.321884
-113.32301
145.49867
-108.44417
-107.2162
141.54251
136.65456
124.6281
-100.52227
-105.10373
-95.5819
120.37976
-92.91876
116.26512
130.37167
109.691345
-78.547935
-84.77437
-75.07788
-53.29532
-47.580177
99.18194
91.55656
-41.922832
-59.77243
-70.74992
85.086075
-36.298523
78.00914
60.559555
-24.04474
-17.826687
-11.244205
53.343143
102.75084
46.62874
20.309286
13.840466
-5.2493725
-0.0074135275
-88.64705
67.22679
33.96266
26.96692
7.5558043
0.99465305
40.45034
-64.91297
-30.283722
72.592064
