1730.0085
623.03174
481.22348
424.5517
188.55446
140.89552
130.82707
114.28527
90.416245
75.52278
63.7029
58.702984
53.609814
49.17557
47.52456
41.96447
37.711384
36.221058
-26.711378
32.727108
-24.902292
29.883064
29.1963
28.586683
27.296255
25.787
-20.714016
-20.323753
24.640516
23.164473
22.725859
-19.270998
-18.838013
-18.608242
22.29709
21.959066
21.283903
-17.63293
-17.001465
19.744968
19.020954
-16.339756
-16.06001
-15.565386
18.756004
18.001747
-15.287308
-14.948136
-14.587961
17.378984
16.855955
16.453526
-13.137199
-13.606254
-13.970285
-12.733853
15.744485
14.755437
14.039694
-11.217689
-10.468731
-10.02335
13.224311
6.0304346
5.368241
6.7890368
7.551692
4.628964
9.772022
-8.77913
-8.041689
10.58141
2.8864505
-7.4481664
2.0945642
-3.2395864
1.3414462
-4.034622
-6.7977004
-2.4438381
11.359541
0.57564586
-1.733329
0.00043558623
9.006031
-11.817322
-4.8302464
-6.122828
-0.24091473
12.616598
11.960388
-14.300629
17.675676
-12.178362
15.315499
-0.99410975
-5.47686
-9.325476
8.338856
3.7051203
