1231.9673
649.438
540.4411
495.72192
436.21896
395.86316
353.1464
285.73917
208.32689
191.74608
180.05673
157.48193
144.10999
134.15501
125.26196
119.55071
107.21312
99.26036
96.32387
94.68084
84.6177
79.3298
75.41876
70.778755
66.8025
68.03463
64.62026
61.23159
60.51548
-30.864536
56.29966
54.58633
54.175888
52.614044
51.788853
49.550316
48.736797
-29.288935
-28.308159
-27.429546
-27.121155
-26.041666
46.800926
45.22048
44.221584
43.01391
42.459564
-25.070568
-24.56734
-24.170174
40.966904
40.195324
-22.989313
-22.645668
24.80488
-21.54161
37.60497
35.29925
30.847029
32.38542
29.820173
26.44502
23.034176
21.334408
19.32706
-20.76762
16.602938
15.012791
-20.060432
-19.020826
13.248975
6.8221035
8.457785
11.509124
-18.556555
5.2135096
-13.470522
-2.0405016
-3.4350743
0.00089097983
-8.668765
-7.4557734
3.72234
0.6415271
-0.5049809
-6.146803
39.073307
-12.329076
-17.490053
-14.822447
-10.175964
34.107407
-16.849985
-15.508071
-4.7497387
2.2487211
28.595438
10.067665
18.19781
-11.268613
