34840268.0
2564989.2
1328861.1
935985.2
742347.56
366608.44
-327731.62
259786.8
-238354.38
212264.42
-194785.11
156406.34
-153013.67
139324.42
-130197.3
-108742.04
-89125.03
89294.805
90168.01
83747.086
-68402.9
-57673.145
61543.258
59932.434
-53887.45
53487.52
-47493.297
48858.35
-38470.19
-35091.516
41260.84
-32881.906
38340.863
35454.57
32221.707
33644.4
33321.605
29616.326
26766.816
-29804.248
-28071.596
-25497.646
25835.01
24353.688
-24595.17
-22887.494
-22688.703
-20474.84
22818.871
21551.176
20626.797
19323.686
-18587.85
-17471.508
-16944.578
18718.775
18285.166
17361.953
17023.11
16274.271
15717.721
-12932.838
-14247.157
-14879.547
-15362.409
-15069.654
-12118.167
14264.232
15380.219
13039.218
-16120.395
-10572.931
-10275.12
12047.99
11448.941
-9215.833
-8744.051
10635.443
10135.253
-8039.0273
-7286.708
-6510.142
9031.932
-5704.8623
6336.367
5519.251
4737.898
-2962.9873
-2068.2173
1759.3677
-1111.3954
839.4804
-0.36803678
-199.46521
2794.869
8132.087
7462.8345
-4722.4097
-3915.9749
3644.4436
