68025400.0
1388413.8
657675.5
267212.34
129498.28
84433.914
82098.31
61211.86
56049.855
-46988.836
45872.164
41354.562
-36756.086
-29877.898
33498.797
30511.574
25780.262
-23619.387
22979.482
-21350.639
18623.35
-19447.074
-17135.053
-14508.747
-13519.568
-11726.494
15658.483
15379.294
14682.568
13063.76
12279.757
11314.51
9982.024
-10802.459
-10124.066
-9400.257
9640.862
8312.601
-8271.284
-7569.2646
-6591.3154
-5941.4014
7482.425
6667.007
7001.36
7360.662
5465.2266
-5268.959
-5137.675
-4649.891
-3893.6372
-3821.1997
4998.6787
4649.3667
4302.6597
4525.6455
-2890.7944
3675.8364
-2760.921
3398.5706
3223.0298
3075.3474
-2532.9365
-2444.3892
2785.7534
2670.0845
2654.8276
-2471.8735
-2319.8523
-2314.8362
2468.0137
2406.9343
2341.2722
-1518.6967
2086.4692
1975.4414
-1314.7379
1738.3704
-1171.0284
-916.86865
1631.4446
-0.014160156
-1144.4263
-808.2817
-667.72473
-1094.4525
-554.1494
-396.70987
1553.7942
1356.227
1131.2256
1001.94916
884.2026
-217.62999
75.3977
-75.81234
226.62094
700.8195
396.31607
574.568
