63.16062
34.832207
28.233662
-18.163631
19.487299
16.613016
14.107636
11.941635
11.069366
-10.14999
-9.22902
10.17224
9.166287
8.3930025
8.165681
-7.8812914
-7.7598424
-7.535351
-7.239542
7.7544975
7.298903
7.0722694
6.833872
-6.677049
-6.6424494
-6.425787
6.43127
6.3351626
6.1603656
5.926496
5.843542
-5.91745
-5.811681
-5.994095
-5.4776435
-5.373775
5.684503
5.442927
4.9904685
5.021746
5.1562796
-5.2137384
4.7524495
-4.9469776
4.6660566
-4.8057156
-4.6594195
4.47564
4.53456
4.217834
4.148786
3.9604788
-4.382979
-4.533748
-4.568188
-4.2169924
3.803015
3.6943676
-4.041473
3.5146537
2.9880993
3.1391606
2.7319605
-3.9388268
-3.693447
2.5740361
1.9849534
2.1845944
1.8061643
-3.5144253
-3.8201425
-3.2758079
1.5740539
-3.05823
-2.886699
0.7437199
-2.4837816
-2.3121252
-1.5342731
-1.7373719
-1.3401887
-1.9223003
9.963689e-06
-2.6625
0.3385244
0.5399943
0.9559629
-0.11897963
-0.32199806
-1.1319147
-0.72050315
1.1667764
-3.3887386
1.3659612
-0.5160643
-0.91606116
3.3257027
2.3770735
-2.116786
0.13718691
