-72039230.0
72224860.0
10174122.0
-9095433.0
6644820.0
-4907148.5
-4768140.5
4910828.5
3448997.2
-3352947.8
3113365.0
-2842087.8
1680754.2
-1495489.2
-1292649.0
1320217.6
1136683.4
1063254.6
-1082021.0
-1046825.5
909221.94
836475.1
803950.4
-894659.7
-831852.06
-777959.6
-679573.2
-734166.56
-726731.1
729462.06
712141.8
681224.6
576609.6
551635.8
-575547.75
-548224.94
-510750.47
513849.72
488518.03
466202.56
430838.38
-453899.1
-438312.1
-407856.38
-346479.38
-310660.56
333471.88
343152.1
288564.62
274503.8
269660.88
-282915.38
-270896.94
-269066.97
-249065.8
-233968.72
-225985.28
-214090.75
252823.12
247870.45
236823.22
228942.53
-203636.77
-195484.58
-187246.05
208153.36
198625.73
192830.42
-162311.66
-151258.48
153448.8
-142407.62
142154.84
-135650.2
-120511.35
-115199.46
168948.44
-1.7036196
134605.95
99547.78
90001.98
78582.59
120066.875
168640.03
-84732.73
42641.094
5248.002
29734.766
56378.383
-9565.016
-69172.836
-48334.918
-33825.1
-91070.36
114169.7
66644.15
-57270.15
17905.256
-22391.44
-130412.14
