16938514.0
441122.06
-427450.62
-362995.94
205668.62
165928.89
146821.97
-106467.06
-82717.78
59912.2
50932.188
-50904.395
40291.703
-38218.766
-32075.572
-30033.201
33148.586
31195.79
27407.111
24803.56
-22984.518
-21938.121
16808.037
15954.477
-14429.642
13248.226
-13020.418
10809.076
-10904.1455
9949.184
9641.675
-9289.834
-9699.888
-9547.333
-7464.8413
7857.762
7497.06
7016.5903
6871.041
-6732.085
-6847.0957
-6928.897
6541.05
6090.463
5720.677
-6247.0127
-5950.7915
5201.048
-4919.9233
4282.2427
4150.98
3929.9075
-4298.0444
-4119.325
3569.6367
3370.0078
-3699.7764
-3560.545
-3410.8462
3165.568
3158.4253
-3199.7166
3005.7092
2874.4832
2746.7979
-2976.5051
-2877.5813
-2778.8503
2521.5117
2016.0994
1833.31
1689.0847
1542.3721
1289.8926
-2576.5142
2596.4475
2297.4133
-2390.423
-2081.6194
-1945.3944
1098.7678
767.3025
-2459.9956
-1584.5996
-1292.7821
-1426.5945
-0.00647821
-1747.2208
895.7171
510.7492
-1031.422
-2259.6636
344.7156
-86.41438
-881.2603
-701.9703
-279.33725
137.53201
-490.7819
2185.7283
