45458.133
37327.445
12583.095
7790.5854
4290.8477
3264.3328
2695.5212
2055.8206
1610.4083
1530.7933
1420.1322
1111.6997
976.7971
863.092
814.56036
790.98883
746.8952
722.04
664.1961
-358.96606
612.4299
590.76227
557.14575
498.35034
445.28003
-258.514
-237.72093
-229.6595
422.86273
403.21194
393.5597
386.23828
366.06555
350.39484
347.82114
-216.10597
318.36514
331.2482
-200.2926
-202.48961
-192.46785
-181.217
288.81577
278.94193
-168.1677
276.14032
292.02005
-158.52222
255.56401
250.3072
-150.84732
-156.1062
242.73483
235.76721
-141.5614
231.25674
-134.46509
-130.11328
-126.31043
219.19897
213.754
-119.638596
-112.09567
182.67403
189.13443
197.31319
208.22739
-108.11539
171.25682
158.7815
142.87616
133.69229
-103.0133
123.74975
-93.27553
-89.89663
101.42381
91.511086
-81.102646
-49.364113
-40.063686
-31.825914
-22.3663
82.67774
-58.64859
0.0026086625
110.94553
-13.262272
14.052218
4.5056124
73.61734
-73.470566
-67.231895
63.862026
44.51289
23.741333
-3.9300733
33.734478
54.021683
164.82236
