2247142.8
925453.44
206960.22
129398.35
60831.383
45749.65
38403.848
30192.658
23444.795
21079.832
18667.59
17855.645
-11536.55
15352.298
13924.671
12070.167
-9836.55
-9457.477
10874.012
9696.106
-6714.3916
-6118.0615
8623.71
7739.18
7362.604
6949.0327
6394.528
-4646.119
-4350.611
-3938.314
-3876.1738
5571.4155
5237.883
5009.371
4577.9946
4519.856
-3639.3042
4263.979
4072.0513
-3111.474
3715.2002
3584.0266
3524.9868
-2711.8433
-2610.7332
-2346.8462
3220.9067
3138.9048
2849.259
-2091.754
-1951.4349
2737.048
2629.282
2591.8042
2352.9922
2259.8816
-1845.5691
-1725.7728
-1634.7217
-1600.4922
2158.346
2071.0576
-1583.0121
-1489.1423
-1434.7972
1846.2738
1988.2664
1779.4622
-1383.3564
1549.8236
1466.4882
-1246.8119
1386.8649
1253.5703
1147.6001
-1180.5397
-1128.778
-861.01215
-1026.2167
-961.6481
941.17957
-739.6703
-644.8449
811.4601
1007.37964
-553.1632
0.013906991
2024.55
677.1537
-11.8533745
-340.8685
558.86383
106.246765
1671.4502
-442.31323
-237.94075
-126.30235
218.43884
333.43237
453.83087
