16051.535
12221.425
5413.6963
4437.398
2338.282
1659.5154
1105.7627
1069.5459
967.1594
867.9324
738.87006
706.12726
649.56055
603.34894
473.4893
407.2139
400.26157
377.6402
362.47418
346.22287
319.6425
300.64377
286.14038
263.06088
251.3892
240.36383
233.23242
226.70175
221.72786
198.18968
192.14877
189.47684
175.88016
183.67744
182.60526
161.11682
159.73332
154.2122
140.25119
146.66588
146.19464
-60.56964
134.31851
131.73444
128.7171
126.57623
122.373604
118.558945
-52.38923
-51.683445
112.87646
110.80317
105.83452
100.859245
97.23213
94.41576
-47.796196
-46.542988
88.676926
85.19799
-45.479454
-44.01326
-42.362743
-41.898655
80.01526
68.478035
63.799896
59.28828
-40.041676
-38.678097
76.42493
54.536453
71.882645
-36.51912
-34.66842
45.35589
40.451523
36.063946
-31.983315
15.48142
31.762094
-27.563314
11.549473
-22.400576
-9.664504
-6.338487
-2.8824005
-13.225469
-0.016625056
0.32870752
-24.709612
-19.223448
19.70141
7.536051
49.65082
-30.35431
23.750849
27.805359
3.7302954
-16.332264
