45001.7
12768.217
7890.597
4100.512
2663.1243
2464.0752
1952.3046
1867.3691
1655.7982
1325.8843
-1033.773
-924.4534
1058.5651
1041.4149
-806.0105
-739.721
955.13434
916.793
869.0073
824.9593
-686.74756
768.1942
721.8181
686.81177
665.22723
-626.4794
-580.42505
-558.11224
595.1974
587.15155
-532.93097
-520.7533
-492.37656
565.4489
539.7352
-459.24152
517.88696
498.04593
-465.46774
-438.43198
-425.57446
-410.02982
484.5369
468.64648
-391.4719
450.89294
440.05493
-371.7699
-400.34814
-353.87195
433.66724
414.4805
-338.09436
-318.3907
406.10413
392.67804
376.97772
360.5878
-309.05566
351.84995
-300.69977
337.48572
324.3181
-285.55875
306.02182
-267.8089
241.71057
222.3582
261.47046
-248.72852
-220.3496
-210.73907
-194.90842
135.8785
153.2019
207.68475
115.20908
171.63336
-143.00038
-122.389275
-70.054276
76.06504
-105.14283
58.95151
-154.93976
-52.779274
-34.10106
39.48059
21.854483
-16.313128
-274.43094
286.4616
275.7104
-167.24261
3.1261559
-0.007760755
-237.20586
-88.261536
185.41634
94.45077
