6469249500.0
197720900.0
158005740.0
17562318.0
13285405.0
-8150941.5
6440944.5
5780748.5
3481499.0
2909451.2
2529151.0
1996103.8
-1585521.6
1304602.2
1210013.2
-967871.7
945932.56
-797625.44
-712738.06
780533.44
690892.9
640921.25
579483.5
-483718.3
461156.84
-394528.3
414894.3
374259.75
-331673.66
308333.47
-247284.36
251816.05
228805.55
217561.11
213690.44
-186915.47
-162205.56
-154169.62
175279.36
-145965.36
155542.89
149019.94
-130769.05
-115027.53
137423.55
129480.516
116257.76
-95519.87
-95506.6
105092.16
-90344.875
-88736.05
-84939.58
95519.7
93032.21
90344.734
87290.766
-75161.14
-70827.5
85471.77
83659.266
76781.51
79464.984
74235.07
-67318.54
-65341.598
70980.99
-61764.613
-58465.895
-54834.37
61575.06
41117.35
58527.777
48393.727
46856.094
52764.84
54010.99
-50107.17
34957.363
26828.566
23530.229
-46391.652
-45023.78
18172.95
13318.395
1.0417794
-42526.676
-4456.428
360.2936
9723.361
4985.482
30651.035
-8868.226
-25514.123
-12863.977
-21217.234
-16898.56
-37039.47
-32781.574
-28858.031
