1824.4299
1713.2886
1011.77997
894.58203
775.0533
577.40735
552.58826
439.10028
405.4484
388.10223
293.80206
256.5547
232.73283
218.66893
201.71425
181.34633
163.80838
161.76047
149.32028
136.66252
130.72398
127.17824
121.66922
116.56892
114.66057
112.07299
101.052246
98.45278
91.248604
90.52457
86.82115
84.26551
79.16572
79.79411
80.249466
-32.00453
73.44508
72.92725
70.86953
68.407005
-30.176695
-29.596437
-28.346855
-28.221737
66.54712
64.70272
55.085773
57.00078
58.88875
52.985584
62.596798
44.231903
48.36487
49.767548
-26.814533
-26.180664
41.969067
40.898865
-25.154879
33.447933
35.863724
-24.623459
31.434944
65.9465
29.165636
-23.734524
22.476887
20.243832
-20.543053
-21.261232
-19.187105
-23.00073
17.821825
7.1645474
9.178723
11.425121
-17.877302
5.111774
-13.776698
-3.9138908
-5.685045
-7.44607
-2.1232023
24.844517
15.595718
-22.423046
-15.294669
0.0048717847
-10.72864
3.0855958
-0.39340556
-12.475942
37.863518
1.1689806
-9.1254835
-16.445553
61.89929
51.59616
13.576541
26.510296
