974.74927
873.4588
549.3306
517.8386
427.49304
318.78876
263.86118
222.0328
202.26845
153.7965
145.38396
142.87297
113.01112
106.63769
102.318695
95.947075
90.020676
85.11432
79.66958
76.81406
76.02825
70.97199
70.703255
66.42574
65.3047
63.842724
61.942345
60.08205
59.33558
-42.89666
56.75579
55.9076
55.022785
-41.413666
51.23706
-39.87046
-38.384953
52.194427
49.825325
49.280994
41.881542
44.195766
45.03566
47.803154
46.868362
-37.045017
40.77247
-36.1788
-35.35498
38.834957
36.364742
34.13587
32.38644
26.607792
25.159771
-33.33339
28.805552
23.246838
15.6214485
17.473183
19.528494
-32.440536
-31.55785
37.51765
14.000583
11.847977
8.38882
6.656524
-28.795725
-28.293196
-26.783503
-27.361248
5.0669518
3.3827114
-25.126652
-20.799452
-19.657593
-22.42372
-18.167707
-12.795194
-23.394838
-15.478408
-14.388031
1.2228394
-30.459072
-11.3497305
-3.6896696
-5.221694
-6.7224226
-30.375048
-1.7014334
-24.14318
-0.18736373
-8.219337
0.016097123
-9.812964
30.372494
-17.000496
10.1513605
21.198158
