5507.2446
3704.8555
2099.6794
1762.7009
1324.9127
878.88116
708.9113
565.16125
516.3976
482.9065
388.83377
323.65753
301.99164
290.46457
270.96793
262.18198
243.5084
214.07939
189.23705
177.67307
168.00005
165.4058
157.15877
146.22865
143.03464
140.83519
130.04381
125.184814
120.33568
117.46371
107.3736
113.62343
112.26814
104.9859
99.01028
98.3189
93.255745
86.93433
-45.815887
82.39783
81.71069
81.18229
78.47223
77.76861
77.12248
-42.584682
74.545654
71.53837
-38.770554
-39.541733
65.78129
69.15314
62.496567
60.618206
-36.100796
-35.236225
57.363457
55.60729
-34.537693
-33.448647
52.18684
-31.880243
-31.099915
-30.43831
49.872753
47.024384
45.142117
42.36403
36.145096
33.367424
30.696817
27.402567
-27.578249
-26.78521
19.277353
16.169903
-21.846323
-20.353352
-25.018063
-29.127047
13.410582
-18.488422
-12.503627
-10.426531
-0.0031994788
-6.149064
0.6524956
21.857908
-23.952389
-8.378493
-16.393213
2.9872415
-1.3481756
8.129055
5.5882936
-3.6639333
10.718332
-14.80103
24.517641
38.8736
