1005510.0
375447.0
108266.06
37636.24
28505.443
19938.473
18313.348
16433.307
16050.086
11801.91
9951.212
7794.992
7161.1313
6696.154
5145.824
4742.8574
4478.7266
3993.902
-3242.051
-2749.418
3375.2273
3310.842
3175.1802
-2452.244
-2186.11
-2016.1577
2899.6233
2782.3887
2652.71
2461.6511
2389.1138
-1878.5483
-1792.3214
-1617.0232
2135.5112
1965.7286
1925.2427
1878.879
1732.8749
1649.4176
1574.373
1522.6876
-1430.5221
-1392.1771
-1360.4915
-1279.0752
-1177.3655
1486.657
1446.1721
1397.647
1339.981
-1089.8204
-1042.3933
-1020.768
1306.6176
1236.924
1257.8488
-984.14557
1187.0242
839.95636
872.3396
974.2615
931.08575
-883.61285
-902.06635
-923.539
1107.5269
1035.8528
748.7191
704.63446
-826.5099
642.6108
-797.4823
589.1445
1139.1345
515.15753
-747.8617
-322.71948
-385.94763
-440.9056
-489.84607
211.76892
147.86327
-96.735886
-152.94429
0.0054788077
-630.06647
273.61948
-269.57028
87.81685
-37.21511
-594.96576
-709.8483
331.7998
28.654253
399.68625
-545.09155
-215.2093
-691.0949
466.67902
