6005617700.0
102381580.0
75054376.0
39142140.0
30806582.0
8313349.0
4390824.0
1858110.8
-1073933.2
1135228.6
853266.44
564284.56
499641.16
366212.12
319734.72
316212.28
277554.9
-219969.78
266930.12
217194.58
-176766.67
176674.33
-116452.336
150668.86
137628.31
148689.67
113962.414
104066.67
86592.8
-69874.82
76653.16
-57220.54
-54466.547
70887.914
67782.6
61558.965
58745.684
57175.023
55901.242
-45235.85
-41057.77
50629.855
46733.812
44875.72
-37993.453
-38509.035
-38375.867
40706.492
39765.08
-33117.137
-31762.285
37300.598
35966.71
30391.281
31134.914
33701.094
33046.473
27989.676
-28208.234
-26395.662
25626.084
-25367.393
-22521.8
-23708.59
-24147.504
24596.33
23754.936
22519.62
23004.707
20282.979
-21739.463
17139.777
18646.744
16078.234
-19547.14
-18733.297
-17842.06
-17105.781
13300.981
11218.102
-14166.799
14749.989
9882.316
-15707.911
-12865.233
6711.4014
-10387.169
-1.2591279
-7338.751
-5925.426
-9069.5
3386.9114
1851.1016
280.2495
-11433.215
4929.1675
8222.264
-1495.1271
-3050.2317
-4490.237
