29552820.0
511398.03
313163.25
225577.06
99877.39
64380.465
54388.203
41132.848
38817.355
27100.195
22746.178
19348.33
-13066.318
16781.34
14994.431
14587.161
-10039.143
12128.452
-7684.15
11372.024
10457.92
9259.392
8549.029
-7072.072
-6776.5835
8283.737
-6041.509
-5406.493
7327.995
6385.8574
5814.7676
-4761.4814
5480.098
5047.5386
4904.9077
4816.972
-3925.8728
-3891.518
4131.8467
3917.3103
-3240.2205
-2952.5544
3824.6965
3472.6355
3615.6895
3112.6301
2775.4473
-2587.5232
-2449.3955
-2380.4663
-2154.3472
2523.6072
2377.4963
2255.6533
2146.9897
1958.6549
-1550.918
1875.8903
1734.1792
1625.0273
-1308.0
-1255.8862
-1134.2626
-1107.4628
1503.552
1442.0406
1400.6471
1320.3024
-1014.91113
-979.2602
1267.7612
1223.3146
1145.4784
-926.953
-898.94293
-711.8642
-260.46942
-333.3331
-650.52844
-557.5829
-407.93524
-170.64459
-81.499466
-0.04787535
4.8940916
1065.2104
-798.4841
91.71756
-504.91693
-813.0918
178.3938
275.92947
363.78055
788.95685
985.99286
701.38763
895.3134
531.7499
617.24194
456.25586
