5500700.0
2009097.9
445341.06
187501.67
115874.51
95841.64
80688.125
67315.38
55916.902
47096.555
36494.38
32804.062
29414.285
-19286.412
20467.996
19699.004
16044.835
14173.447
12747.254
11494.772
-7290.703
10131.345
9458.509
8730.679
7973.243
7407.9814
7453.0767
-4840.433
-4239.48
-4099.5986
6076.555
5793.8613
5329.2134
5187.8706
-3534.2454
4883.4585
-3057.132
4613.256
4528.095
4385.085
-2713.1228
4012.7742
3619.5605
3504.933
3411.9307
3431.1067
3110.0159
-2206.7695
-2106.7014
-1985.5011
3035.0378
2942.3333
2868.715
2747.2178
-1830.0414
-1943.2965
-1919.2533
-1736.9484
2540.0288
2567.8452
-1636.7539
-1548.286
-1435.9493
2367.306
2342.1516
1974.5253
2063.2305
2214.9316
1804.9259
1677.0049
-1323.6145
-1289.2174
-1208.0975
-1149.9386
-1051.3569
2162.3152
1574.4961
1338.3196
1206.8115
-966.7328
965.44995
1456.294
846.8825
439.8955
578.69446
-879.12537
1088.1656
329.92255
212.54099
-36.90285
0.044592444
-802.1369
-603.6454
-710.0647
-149.84084
722.558
90.05373
-265.56335
-375.9135
-482.2298
