64.83174
43.993156
27.26096
22.575716
19.21491
14.775849
13.340102
-8.896519
9.894023
8.92295
8.286353
7.930185
6.3232393
-5.54082
5.495681
-4.9826155
-4.616173
-4.553419
4.7287416
4.6948895
4.38599
-4.1662655
-4.1564574
4.1945467
4.061033
3.7476642
3.7952611
3.7836723
-3.8378727
-3.7914279
-3.60604
3.5367978
3.39362
-3.4477348
3.33049
3.3137429
3.2023792
3.162087
-3.3233137
-3.2473145
-3.1737597
3.0947165
2.7951918
3.0187469
2.8963737
2.949989
-3.1036277
2.6650026
-2.998546
-2.950579
-2.8858302
2.5888784
2.3835113
2.496583
2.2847536
-2.8704123
-2.7729883
-2.6891387
-2.6056244
-2.5753999
2.1440537
1.9295151
1.823448
-2.3154974
-2.2521675
1.6915096
-0.7689675
-0.5058495
-0.37757808
-0.24908747
-0.12010426
-1.7240667
-1.634225
-0.89273554
0.4177354
-1.8422661
0.28030875
-0.000117530624
-1.4993944
-1.2486362
-1.1351849
1.3065795
0.5454496
-1.0118744
1.4572933
0.6800194
-2.1582987
0.02300501
1.1933053
1.06473
2.0413413
-2.0682645
-1.9653912
1.5741003
0.8137849
0.93197286
-2.4137642
-1.3773285
0.15546511
-0.64088446
