2227.7993
1509.365
1376.5775
776.6813
589.8446
483.80893
385.28842
285.2066
261.94785
231.02734
211.82047
183.26857
168.52762
150.88585
140.93242
129.99954
124.445755
97.7836
94.72992
90.86366
90.06165
81.88761
82.35295
77.76599
75.86905
71.36999
67.794044
-40.15609
64.81502
63.699512
-36.69728
58.519703
55.795692
54.2151
51.514904
49.69166
-33.91743
-33.892437
-31.187761
-30.845112
46.651993
46.221306
45.58604
44.30333
-30.001772
-29.15745
-28.831135
-28.192892
-27.261866
-26.676958
-25.615295
42.77422
41.309208
40.113586
38.150635
34.46781
36.258335
33.41217
-24.885685
31.98617
0.00037411065
-22.345736
-23.282274
-3.7829053
-2.2167046
-0.6420748
-8.421658
-6.8714204
0.8088261
29.5101
-9.781045
-20.899025
-11.25858
43.02337
7.5509233
27.993084
5.6639576
10.847036
-15.304879
-17.66584
-16.74454
19.781006
17.856722
9.155597
21.588518
-20.084967
-12.780456
16.144104
26.212023
2.4727163
24.69171
14.26226
-24.053087
-19.402658
12.658487
-5.2967997
36.807705
-14.110257
4.114213
22.994743
