4168781800.0
130361790.0
84891620.0
44592576.0
34616380.0
21704404.0
7076513.5
3927516.0
2480220.2
2072027.9
-1656654.1
1582279.6
1105662.2
827210.5
633900.75
-530625.56
495953.6
-372198.06
-310710.16
431193.5
365209.62
337400.47
310932.28
290026.9
231631.19
211906.64
172705.89
165071.95
-107849.95
-100625.5
125844.31
122830.99
112449.92
106214.56
95662.5
92548.25
80855.086
-84472.77
-82747.805
-80127.49
-75910.58
-67994.516
75750.734
74555.27
65324.527
-61304.027
-59276.41
58839.25
62648.523
-56755.562
-51269.887
-52446.668
-43082.176
54319.76
51830.07
48834.336
-41827.453
-40858.6
46006.82
50071.28
-37986.973
-35947.07
45122.52
41192.477
-32795.484
38106.656
40241.465
35360.51
33945.883
-30244.432
32735.43
29956.398
-28650.691
-27659.16
28596.283
26892.885
-26952.543
-24344.441
-21352.572
-22765.62
-19589.734
23654.504
21398.998
-16537.324
-0.50729257
19368.762
16830.514
14677.906
11915.404
-14823.238
-12921.585
-8035.2827
2018.6891
-854.5325
-3264.5095
-10563.197
9278.162
-5703.599
4534.931
6717.816
