91189.59
37045.973
32263.049
25039.564
6834.3936
5829.34
3947.672
4081.9038
3206.348
2668.8062
2384.7927
2222.1277
2123.6116
1827.0331
1743.4064
1550.2273
1502.0723
1342.5977
1259.4249
1196.8829
1141.197
934.8173
903.276
816.08234
761.0901
-463.27557
746.4665
728.56305
629.551
626.415
594.1268
-380.27115
544.5105
546.36957
-339.29242
-319.6418
-301.96207
519.0297
485.89084
462.09335
441.47476
431.1462
-276.88507
-263.48575
414.60956
-240.45958
402.99277
389.43198
-231.7429
-220.69882
385.96823
334.76016
322.54404
366.74197
352.01578
-217.05133
-212.75475
381.66806
303.20078
266.43552
-207.63446
245.95302
277.10498
-195.53773
231.174
357.3926
220.753
293.8445
-188.16609
175.58598
162.30443
193.55956
111.54711
96.014015
-180.74924
-173.7636
-163.69896
-156.68335
129.25185
80.65432
35.202873
20.898449
-0.001326637
-145.45543
-49.91816
-35.9548
-63.55418
6.1450853
-75.31746
-112.94277
-121.100426
-21.879505
203.46965
50.056587
-135.54776
-89.186195
-99.32368
66.47373
-8.017878
142.6394
