766.85095
686.79364
391.02563
336.7735
264.88953
254.01616
206.695
177.50958
152.79108
138.2506
125.92748
114.60234
92.99367
77.780624
67.11424
62.751736
60.560444
54.309353
49.138798
40.69545
39.122684
38.053078
37.655445
34.93261
31.671621
32.64717
28.710846
29.525473
-23.712435
-22.393934
-21.9059
26.068907
25.329947
24.305025
-20.82912
-19.212059
22.828186
22.226942
-18.854456
-18.298584
21.404627
20.391798
19.579748
-18.198437
-17.347628
18.73404
-16.855162
18.236965
17.248142
-16.350634
-15.840564
-15.429687
16.714687
16.451653
15.811145
15.295207
14.837369
-14.117528
-14.024103
-13.380626
-12.814263
-14.622049
14.163485
11.943469
10.6182165
11.403199
8.161773
8.988968
-12.172485
-11.992717
13.52651
7.177769
6.367884
4.7701116
-11.224309
-10.791182
3.9023862
3.1265066
0.011318344
-0.05444903
0.6568585
-10.091921
-7.504534
-0.7594555
2.3330638
-8.210659
-6.831898
-4.634868
-1.598273
-3.136941
-9.539555
-5.4389477
-3.8592143
12.812908
-6.145224
-9.061413
9.805545
5.594731
1.5358597
-2.3579156
