5172.795
3024.3557
1510.1729
993.50555
633.1692
650.3783
451.6149
287.0888
261.1247
230.09961
177.57028
166.16309
156.50145
142.73279
135.07838
116.2754
108.145874
-83.595505
102.96873
97.801125
91.35563
-74.32959
-67.14879
-66.02104
85.43211
83.82636
76.36854
74.82084
68.43567
-60.46893
66.393105
63.749718
63.18462
61.200546
-58.599754
54.754425
-52.095108
-51.55505
52.49025
51.23557
50.505768
-48.659985
-48.129326
48.33317
49.126625
-45.501484
45.50925
47.24981
-42.95529
43.77691
43.170464
-42.361618
-41.29544
40.50958
39.166862
37.63985
-39.075336
-38.43165
36.258728
32.202824
30.77006
28.885971
-37.742775
-37.08516
-34.545116
-36.110104
-33.5249
20.689753
22.607548
24.44171
-32.33072
34.212105
17.937592
-28.414812
13.830868
11.672035
-26.991302
-23.942293
-22.247612
0.00035851
-20.635511
7.500614
-0.94584495
1.3370242
-30.47949
9.6762495
3.3475046
-18.808104
-2.9169946
-15.066778
-11.011694
-13.169731
-8.949292
16.305943
-5.0582604
-6.999281
-17.087543
26.37318
5.5710382
-25.921764
