88085110.0
1535625.4
760029.25
346090.4
228354.92
207077.48
-192527.06
-153631.95
155787.23
138146.17
125945.164
-119318.73
-112099.63
102657.45
94958.59
90132.43
-91251.24
-85024.984
77010.83
65914.62
64431.902
-76404.95
-71200.03
-67415.73
-60710.906
46707.293
43171.266
-43523.434
-41869.7
-41038.207
37916.67
-34071.062
33492.41
29352.562
-28284.82
-25664.557
24567.701
21286.676
-17936.252
17962.6
16833.682
15620.609
15421.013
-14916.842
13871.099
13598.738
-13975.46
-13329.494
12611.463
-12219.898
11758.83
-9811.562
-9633.186
10842.641
10376.726
9539.846
9373.306
-9239.652
-8832.497
8844.11
8589.941
8729.473
8159.041
7594.858
-8280.408
-8051.17
-7945.8096
7412.9106
6895.3687
6240.8926
4582.552
5317.8145
5497.007
-4904.6816
-5708.0693
-6146.7393
3836.7112
3350.6316
-7344.612
-4596.4624
-4105.238
2949.191
2540.9055
-6764.7397
-3671.7532
6668.949
-2305.6448
-3284.8496
-2911.812
-1851.4949
0.27234608
1958.1788
-1386.6147
-253.7547
1360.6556
821.7585
287.74518
-781.9323
-7385.184
-6610.2026
