19642440000.0
271553280.0
78311690.0
37003704.0
-27509876.0
26340728.0
-12815651.0
13217872.0
9068356.0
7524247.0
6861481.0
5423149.5
-5077257.0
-4583328.0
4517319.0
-3549004.5
3676594.8
-2848941.2
2779006.5
-2161274.0
2042051.5
-1555000.6
1572002.2
1429448.9
-1147532.6
-1034114.6
-901879.4
1116255.1
1024269.44
975725.9
-832360.56
752517.6
707424.56
-735066.1
-700597.5
616260.6
-537183.6
-477676.53
491007.0
396192.28
343445.44
-329989.5
295718.66
277465.97
274125.34
-291319.38
-276026.28
-245766.4
-253768.75
-218986.62
-197653.97
245373.22
236102.53
-185217.98
-181478.22
180685.9
166363.83
-142167.47
-141533.19
-139032.62
-137309.1
-104851.88
132435.47
143467.55
141536.38
138161.66
139034.77
-94698.97
-90050.75
-84935.01
114795.32
109456.6
-80166.32
-74821.9
102211.77
94706.39
-65780.42
83069.78
-51115.08
-40304.434
-35289.066
-27856.766
-2.21794
81636.61
-61431.555
3800.3188
69981.79
74936.1
-56413.957
-12821.348
11824.325
-5349.505
63415.86
-20887.17
57121.79
19486.977
33856.08
27048.959
41723.34
50265.887
