11090988000.0
326694560.0
24082384.0
19032746.0
6334443.5
5061044.5
3750524.0
-2020153.0
2557021.2
1995074.9
1591197.4
1113817.1
806866.5
660869.44
-348412.6
408302.03
371000.97
336061.34
298457.88
-225245.97
261185.92
-164444.42
209989.58
189774.92
165495.27
-132790.92
149084.28
142925.86
-112495.22
107489.5
101795.29
-71349.04
95546.79
87086.1
87280.46
77430.34
-66299.586
-64876.51
-55498.1
63680.59
61787.5
56162.156
53399.53
-49704.957
-46549.27
-45599.32
-45168.28
49480.727
51368.72
-40974.13
-38907.543
44767.6
45599.23
45513.92
-36075.75
41324.004
40974.008
-32956.277
-31975.756
37418.54
33456.953
34511.574
35252.82
-28175.602
-26833.547
-26782.584
-23463.43
-22618.654
32143.328
29134.918
28552.285
-21018.145
-19729.281
26943.871
-19068.354
-17370.172
-16201.986
24816.18
22702.602
19692.033
-14439.342
-12946.954
-11309.617
21422.855
17924.793
16017.674
13729.362
-9399.839
9947.407
-5562.651
2.1816692
12272.236
8198.734
6086.4
2343.6255
351.80685
-7100.2705
4253.2856
-1962.8895
-3589.4429
