1824.3599
1778.5194
1037.9946
937.82385
835.65295
596.6143
580.2401
439.24026
413.11914
408.278
308.13925
252.72449
227.92244
217.47574
207.5821
181.20317
174.12201
158.38062
148.00357
143.62723
133.20898
124.60178
120.07453
116.00467
114.44059
111.97771
105.823395
98.456635
97.14121
91.21313
87.93352
85.00624
82.035225
82.57287
76.81706
74.646194
-31.420357
72.426285
71.468445
-29.58624
-28.916864
68.446266
67.61411
64.41763
-27.527393
-27.271542
-26.437437
60.387936
57.69364
55.276142
53.99935
52.726044
66.0176
65.859695
45.639355
47.49618
43.74198
-25.642464
-25.268265
-24.80774
59.528965
40.886127
34.53927
36.402706
-23.380402
32.257694
30.048275
-22.849194
27.680538
23.236382
20.86396
-21.910318
-20.11128
-20.979927
50.002636
18.905231
-19.00703
7.712339
9.894987
5.63543
-3.4288611
-5.157058
-1.6045578
-14.86517
-13.472096
-11.928315
12.174919
3.664429
0.06455233
-0.038865216
16.362955
-6.9528875
-10.37728
25.401491
-16.456142
-17.445896
14.186656
-8.679096
1.7129254
38.68894
