1127074600.0
36565616.0
16174329.0
4727094.0
1360170.6
1186658.1
759634.8
482693.3
375014.12
236253.44
211709.56
145058.33
-85143.32
94237.71
89702.734
-62949.86
74870.88
67422.72
59876.887
57319.176
-47584.766
-35877.46
48509.227
46906.824
41526.23
36787.902
34742.64
34048.734
-29848.77
-27503.555
-25767.893
30819.49
29177.504
27624.275
-21887.441
24928.682
-18722.398
21081.633
-14997.036
-14341.669
18942.26
17853.55
16412.205
17048.074
-12879.794
-12587.937
-12399.734
14683.085
14224.515
13549.81
-10857.985
13134.108
12965.163
12587.921
-10359.717
11856.742
11497.985
-9256.356
-8953.042
-8283.666
10717.417
10231.564
-7913.271
9744.311
-7536.508
8889.4375
-6857.1567
2503.2952
1949.1708
1413.9381
864.47925
0.6008572
316.58408
-299.45047
8284.415
3160.496
-819.87067
4864.3394
-6356.062
-5981.528
7909.759
5305.127
5844.1797
-5529.581
-1349.6783
-6436.508
7655.469
3780.7915
-3883.1006
7232.7603
6768.736
-1905.9094
-4402.6924
4111.58
-5034.8145
-2367.6914
-3327.1265
-2843.3806
-4707.3433
6342.9365
