156.34831
84.95867
57.204067
50.036366
38.24334
33.97014
-29.031754
27.509373
26.652819
-24.349974
23.388641
-20.309246
21.272076
-19.382439
20.529236
-18.480944
-17.928988
-17.003323
18.56747
18.17959
17.246685
-15.701973
15.602304
15.227257
-14.303262
-13.9872055
-13.689858
14.492126
14.356681
13.452623
13.590889
12.982422
-13.151474
-12.300175
-12.369453
-12.698881
-11.755587
12.671999
12.440588
-10.856232
11.969174
12.033325
10.980372
-10.543398
-10.402365
-10.056716
10.929107
10.350156
-9.791179
-9.384454
-8.986015
10.228657
9.730459
9.365286
8.427833
8.730786
-8.651685
-8.424058
7.992918
5.880034
6.309933
7.4637604
5.5394163
-7.935257
3.1967165
2.769515
5.0307503
3.6853561
1.3908652
1.8373975
-7.5136356
7.1671286
0.923198
0.44552332
4.163164
-1.8612936
-1.4188945
-0.9751431
0.0016295413
-7.124135
-2.3165855
-4.0757957
-4.551872
-0.025849555
-6.077535
-3.6841395
-6.5158668
-5.725742
-2.7904053
-4.9631186
9.961215
-6.8361907
-3.241954
-5.373322
-8.117728
6.8382344
9.121326
4.553312
-0.4831178
2.288199
