25686726.0
470146.72
120873.58
58475.51
25617.268
20834.389
16699.56
14147.87
-10034.011
-9254.14
11123.536
10438.232
9363.33
8607.143
-7817.055
-7240.7363
7618.651
-6581.3237
-5998.432
7167.1772
6792.414
6024.955
5727.1787
5351.1426
-4927.498
-4599.267
-4388.94
4713.3315
5060.5415
-3362.7925
-3272.1519
4081.8625
3876.1333
3727.1694
3481.4578
3242.7769
-2784.2935
-2676.227
-2727.1733
2724.3801
3056.5857
-2524.4192
-2325.404
-2188.194
2449.8364
2354.145
-1942.1898
-1842.4304
2030.4923
1806.9591
1702.8265
-1582.5918
-1516.6309
1514.7432
1429.1852
1266.4966
-1019.0785
-1009.0832
1144.0162
-916.3368
-873.15454
1056.944
943.6713
924.3733
-745.0088
840.8881
813.17755
-710.59973
-687.46893
-640.0614
-643.8839
0.0017090088
772.0665
737.6603
723.32117
653.56274
626.01917
-535.5814
-516.0231
575.87805
29.217749
-31.003801
80.32263
-292.21948
-250.40974
-83.75626
-362.23868
253.27548
207.33691
358.65027
-389.18982
518.97687
417.85245
311.25397
144.83011
445.2248
-462.83716
-433.28564
-194.06985
-141.00455
