10893875.0
2074853.6
-1322073.4
-793903.7
773608.8
-474416.06
501482.94
-332786.22
349904.2
143854.12
135661.34
-134731.23
-130007.75
108618.68
-107491.836
101110.23
-93960.695
82740.08
-70696.12
-65248.895
70181.97
65915.17
51853.625
-46475.676
-44192.61
46337.703
40782.195
37283.516
36666.207
-36834.793
-36096.203
-35587.117
28297.502
-23769.28
-22389.557
-20661.635
23799.168
22581.273
22402.273
19633.904
-19058.465
-17936.371
18974.338
17313.367
16559.982
-16523.916
-15042.557
-13147.936
-14267.154
13134.032
14724.048
14402.609
-12483.227
11229.436
-10669.851
-9726.925
8217.395
-7858.5283
-7065.544
-5946.8203
-5674.095
5773.7295
4935.443
4675.5327
-4168.761
-3461.2986
3310.0374
3187.224
2954.269
2793.7605
2520.9976
-3118.6138
2318.4822
2140.5925
1957.8219
-2627.7744
-2520.9976
-2321.1067
1795.1296
1657.6069
1510.1962
1350.684
-2195.958
-2024.7998
0.024719238
-1756.9246
-1357.7504
-1550.1005
-1211.9094
-976.7571
-537.77686
-1926.9011
624.44806
-59.49869
410.2055
211.27374
-717.35657
891.79193
1121.7054
-299.21695
