12120.625
7478.2837
3877.5232
3258.1448
2182.855
1572.3135
1436.3995
1050.4476
934.8352
832.3035
750.9189
659.52277
615.16565
543.6549
498.5364
434.07242
431.0312
379.2037
370.46548
-257.35876
-218.24289
-207.4865
305.0442
296.34302
284.11517
268.77542
257.4301
248.98894
240.08524
-186.4876
-181.81505
-170.87228
229.4893
223.83617
210.01353
205.08629
200.3431
193.50304
-166.65575
-159.46083
-153.21434
-148.42668
-146.89842
182.41975
180.48529
177.33833
-135.09286
-131.87886
-132.97887
172.39287
168.94415
158.2291
-123.94656
155.70766
146.99304
-123.11802
164.5978
130.15227
134.1243
-118.602196
122.80634
143.69182
-114.20897
-104.63141
-109.78724
97.53989
102.98592
110.50692
-101.98037
89.75297
76.16366
61.58359
54.10383
-96.57506
-86.82673
-92.92837
31.945992
-81.21998
24.256893
17.086485
68.16459
-25.017477
-18.089924
-59.474125
-51.730873
-46.118744
-11.150166
9.74343
-3.94733
-0.0022497235
-64.46727
38.82789
-31.728642
116.17947
-76.43663
-38.85434
2.4027915
82.66153
-70.72323
45.68604
