91530.805
36480.258
32247.342
24914.223
7010.8267
5793.1504
4307.3735
3977.0347
3140.9514
2735.2957
2442.4622
2262.9268
2056.433
1859.5881
1788.2693
1615.3379
1459.2802
1347.2327
1303.7283
1170.5607
1133.0238
952.35913
901.6741
-462.34152
825.2913
756.78094
778.145
736.3456
660.56104
650.75903
-392.17725
583.6769
567.4652
555.57513
509.82678
521.44037
-356.10257
-333.08765
-316.64285
-289.1835
-276.94412
467.44983
443.94357
434.67188
-241.21652
420.62646
397.04367
412.29666
407.6755
-237.23878
-224.99515
386.26068
375.62668
-215.97623
-214.02058
-211.11882
353.55383
347.73282
335.83673
-199.0692
-194.99283
319.44778
-188.81827
-180.37897
311.73526
276.2235
-161.62471
-153.43158
266.2689
141.32141
126.6585
-141.77773
64.1743
48.848026
-0.005691098
158.64975
80.75578
-25.228924
-11.049585
3.3810334
110.06414
-39.668877
-126.404976
-67.55991
32.86276
251.13269
-92.414
176.71622
-79.321846
210.6879
-115.54068
295.13394
235.50383
192.9286
-168.22038
-53.553593
219.63335
-105.543434
94.70772
18.146866
