2894.871
737.06775
305.18964
166.93265
142.63484
109.024284
87.08419
78.244995
67.18889
59.43838
45.31493
-39.87671
39.713314
38.313477
-32.417824
34.650436
-28.307007
32.79989
29.84902
-25.484179
27.585436
-22.476225
25.6924
24.250795
23.569883
22.293007
21.87588
-20.925735
-20.447783
-20.263052
20.550776
19.3891
-18.223543
-17.302355
-16.907803
-16.808542
-16.16288
18.50013
17.825264
17.6429
17.104208
-15.490619
-15.098761
15.996552
16.79336
15.762594
-14.496472
-14.238295
-13.57104
14.566355
14.918244
-13.328662
14.143843
12.933203
15.13311
12.548435
12.006582
-12.645523
-12.375964
-11.695834
-11.183009
11.363249
10.238271
9.681169
9.128299
8.423167
-10.854662
7.732647
6.479872
5.724577
-8.692155
-8.231769
-5.830821
4.971704
-12.100266
-9.693496
-5.0692163
-6.427431
-4.509816
-3.1622324
4.37882
-9.273558
-6.851824
2.9724028
2.291764
-1.809483
1.6143228
-1.1514461
-2.4682512
-0.4951985
0.93413633
0.28738448
-0.00020050629
13.662855
10.948363
-10.106069
-3.828061
7.081814
3.6683679
-7.6641865
