1371928000.0
58809708.0
-4381171.0
6739061.0
5553461.5
4813989.0
3245199.0
2706369.0
2143736.8
1680616.1
-1175438.0
-982680.44
1276893.8
1122180.0
-564776.4
583969.44
495026.3
-443728.56
367887.47
264693.4
225353.22
-201194.4
-184491.22
-179004.84
184490.83
179004.73
-151197.81
-132378.31
166849.27
152932.08
136527.77
132195.62
-117933.695
-108416.65
-111550.96
121748.53
120588.96
115796.38
-98982.875
-90711.79
104320.37
100671.03
-86538.086
-80951.28
95211.945
91377.31
85045.91
-74757.22
-72331.805
-71928.46
-64733.99
78808.71
74578.055
76423.695
75970.74
-61011.67
-60459.99
70171.35
68682.16
66426.44
64731.324
62579.836
-57204.062
-55931.824
-54979.777
-52453.652
-50686.26
54146.977
50815.156
59296.57
-44343.57
-46043.227
48101.945
57111.957
-39516.516
43877.145
40779.836
36806.457
-35402.15
33802.902
-33963.277
30344.486
22714.354
-30825.959
19296.064
-24904.965
15027.476
26806.018
-11323.686
-0.11819665
-14503.04
-7244.08
4303.299
475.8857
-28701.174
11471.908
8174.606
-20922.84
-3585.9712
-17691.018
