1114655200.0
33988010.0
17960512.0
4956000.0
1426870.0
1288126.8
731566.94
552981.7
376248.38
263353.4
190014.86
134073.66
101991.79
91483.31
82773.39
67731.59
-51999.496
59346.816
56643.477
-42541.992
47155.93
43392.4
38054.59
-28912.574
34013.004
31562.059
-23503.887
28794.395
26875.686
25241.986
24203.734
22771.043
20838.336
-19712.018
-19245.225
-17722.213
-16656.994
17045.71
16849.977
-10974.313
14674.165
13878.105
-10161.551
-9704.636
-9135.529
13248.108
12658.162
12067.663
11464.971
-8271.836
-7835.6426
11095.813
10671.956
-7022.005
-6900.6245
9998.536
9888.859
9281.571
-6481.88
-6142.288
8401.831
8565.89
7989.2744
7766.8677
7603.0903
-5770.71
-5584.0093
-5200.5576
7061.26
-5361.1626
-4832.0195
-4588.8247
-0.33532515
6665.4897
1079.772
670.8941
210.22083
-277.6685
-723.39124
6324.898
5929.297
-3459.1035
-3095.776
-1574.1254
-1169.1514
1542.8398
-1892.5634
4571.9766
5491.463
-4075.9937
2093.4216
-2640.8901
-3739.669
-2314.8557
4210.4116
3841.7305
2954.971
2456.2056
3361.3125
5199.607
