1244823700.0
36133372.0
5914150.0
4902987.5
2928931.5
2378687.8
1503730.0
-954435.9
1161553.6
961409.6
581321.9
-436609.94
442284.75
402497.0
356311.75
238425.4
192726.84
-170281.06
155422.05
-112770.805
120847.32
120163.25
-88887.875
-67018.49
91377.195
88862.664
79493.945
72290.29
68610.22
64517.05
59986.035
-50958.96
-50513.65
-45696.742
-44597.76
-38187.434
52077.11
50957.47
50575.746
47150.64
45696.723
-35146.15
-34425.062
45945.33
44094.516
42574.38
-31583.984
-29237.768
39460.17
38176.29
39041.19
35842.93
33581.125
-27905.887
-26765.023
-25279.24
-24690.531
31560.412
30854.55
-22332.502
-22147.646
-20396.814
29862.736
26915.002
28375.4
26008.441
-19472.066
-19035.81
-17485.662
24575.355
23685.207
22522.502
-16442.557
-15746.9375
0.24359131
-853.7741
1082.5447
2575.276
4095.6082
21655.918
-12847.34
5609.431
-3689.6545
-5078.2397
-2219.8037
-11841.329
-6661.0137
-9600.698
7020.4463
-10713.7
18881.723
-14653.937
-7691.0034
16862.469
8800.228
17662.516
15114.586
12806.779
9946.997
11693.576
