7626491000.0
279729440.0
193131200.0
19832048.0
10861143.0
6926617.5
3733536.0
3353977.5
2695103.8
2426334.8
1908477.1
1080118.9
940393.94
804823.3
-511363.3
525009.44
482963.9
426220.97
358206.88
307381.53
262093.14
250180.22
217842.42
-151170.94
182949.4
177447.36
151526.69
129379.766
117758.37
102759.86
95702.74
-73024.46
-58174.086
87909.94
80265.04
76474.266
67968.336
55788.805
51090.965
45747.656
-26916.646
42872.844
41047.965
38347.984
35706.285
34440.184
28903.998
32858.51
32943.36
-23736.328
25246.11
27196.996
26568.656
-19641.05
24064.143
21541.967
23149.465
22854.479
-17229.945
20110.541
19607.451
18574.043
-15874.372
-15572.827
-14384.981
17244.395
16112.213
-14933.308
-13690.829
15279.263
-13209.385
14357.124
0.18338811
-12538.906
12253.114
-344.7371
851.6786
1976.79
-1386.8562
-2358.5303
-3413.1152
13215.348
4085.9424
-11270.523
-7178.7456
-6296.915
6220.64
5172.799
3056.6245
-5392.8696
-4313.5195
10631.373
9694.889
7457.015
-10919.356
-10239.128
-9947.832
-8532.997
-8032.8706
8522.497
