5053053.0
2137538.8
413493.8
193267.28
118406.65
98794.61
77808.3
70040.86
53247.03
46390.94
-31411.695
39321.984
31634.443
28650.893
22650.428
19423.11
18628.975
-10493.987
13859.633
13075.116
12274.994
10695.886
-7479.792
9316.649
-6487.6772
-5740.8755
8399.755
7964.9805
7646.788
7333.8516
-5017.7056
-4336.4985
6456.082
6020.995
5802.6216
5672.7686
-3823.1235
5251.1597
4909.244
-3124.6724
-3000.748
4666.8184
4363.1377
4007.2173
-2751.1191
-2557.215
-2502.946
-2373.736
3805.108
3965.9758
-2261.4778
-2238.295
3697.966
3505.152
-2121.7136
3448.2485
-1961.9202
3292.703
-1832.6178
3214.1907
-1768.8864
3127.6736
2868.0728
-1660.2109
-1588.7343
-1452.0015
2715.3762
-1364.5793
-1282.9664
-1204.54
2106.8843
-1069.7
2654.2827
1389.7905
1504.342
2211.6064
1707.7157
1962.694
-970.953
1222.1471
982.30676
517.12787
369.7408
235.3219
2429.5483
-465.08664
-192.6527
821.3332
1856.4965
-867.80743
-334.29276
94.99173
-0.039150372
-59.742474
1121.363
-593.8808
-717.3389
666.116
2566.0864
2347.651
