15578.256
11330.599
5275.44
4581.0376
2344.9534
1684.8604
1097.3464
1006.355
923.8719
845.635
741.65436
696.49786
622.4011
586.56665
453.611
430.2891
401.54388
372.28476
359.36618
332.09863
321.23935
302.8025
281.034
260.65903
251.492
239.34494
234.32098
214.78116
206.6187
192.77794
201.68588
201.23877
183.88136
178.64227
171.85394
162.52605
158.3047
152.65384
150.86145
147.135
141.32489
134.58165
131.72273
126.292244
129.3433
-73.951706
121.35268
118.408875
-59.723404
112.661934
108.92266
99.79045
102.487656
-58.744274
-55.605946
97.10212
93.530014
88.44218
-52.828743
-53.613113
-51.794373
82.6496
74.93177
-49.56382
-48.466766
69.91668
51.02747
46.42271
64.7704
-46.3479
79.76036
56.512936
42.445393
27.73498
-40.918526
-43.679382
-45.401752
33.588196
23.619377
61.245052
-38.932056
10.749935
-33.91088
-31.11158
19.282278
6.53863
-28.722895
2.5559213
0.0053609135
-25.361805
-8.360591
-11.885814
-15.546632
-0.8294655
-36.177593
-4.47839
-18.81311
-21.884054
15.251727
37.280136
