679.3192
442.2464
409.2948
360.0593
304.9381
297.08276
261.087
238.70442
174.2874
152.40105
146.52837
134.59396
124.27741
119.00041
112.617256
100.79308
93.79054
92.56648
84.07494
76.373505
69.272865
67.33417
62.066044
56.428963
55.617805
54.56523
51.76128
49.691246
47.43859
44.994644
42.76564
41.18617
-26.463413
39.458775
37.92838
34.57123
36.33211
35.97983
-24.760118
-23.808126
30.275143
31.435402
32.76601
32.300613
-23.394928
-22.788078
28.636517
-21.712654
27.843615
27.187656
-20.96948
26.794754
-20.506516
24.986519
-19.410984
-19.81509
23.645006
22.921734
-18.580734
-17.926025
21.582422
20.743406
19.537146
18.578379
14.591604
16.170095
13.697898
-15.69998
-14.94757
-16.078218
-17.215786
11.238461
9.935219
-12.509232
8.71216
-11.887166
-13.642755
7.388187
17.46825
3.7340124
2.5974457
-9.963343
-9.071872
-8.146216
-7.1477747
4.9409037
-3.9174876
-2.8192503
1.4335941
-1.7693332
-17.0578
-14.160409
-4.9714103
0.32034606
-0.0030370802
-0.599011
-10.940201
6.286241
-6.041523
12.486595
