55014.234
26001.443
18015.227
8959.734
4759.3667
3810.7307
3006.6494
2366.0303
2163.811
1930.8666
1601.0237
1545.0282
-1179.3242
1418.3488
1306.7
-1085.1433
-994.42773
-942.63074
-877.1319
1193.7567
1160.8083
1106.4541
1031.8317
990.7513
921.295
939.37274
-822.1841
-798.72534
-750.78406
-721.12445
844.50964
831.2911
-650.6768
787.10004
750.804
705.49756
-626.3322
-603.58057
-587.95776
-548.33093
-543.9046
682.484
674.79126
651.106
-519.95795
631.7172
598.54724
566.87787
550.79144
545.89343
-483.56183
-471.3404
-463.42105
-447.30902
-432.03177
519.31946
513.54016
-415.1912
485.3108
476.07425
-313.6898
-345.75217
-358.34314
-391.71838
-403.63193
445.90436
-296.9599
433.2201
-257.65558
-239.88802
416.69095
-212.95854
352.61813
318.02225
-146.4611
227.22192
-120.619865
128.21664
102.606476
79.16426
-23.045925
27.853306
-0.014379832
-46.446537
256.7199
206.25583
-167.51123
3.461179
302.9084
395.1191
153.40584
-95.9037
377.59317
278.2013
177.14359
-374.86285
-188.58243
-283.85593
52.365673
-71.466606
