4032587800.0
124369180.0
84458710.0
45375030.0
32946056.0
22588806.0
7136760.5
4177970.8
2456571.5
2088939.9
-1087555.4
1290599.6
1087034.8
798997.8
491382.66
455131.7
-359642.53
385995.03
373831.97
313912.84
282097.94
235206.22
-195723.64
197300.8
195476.48
-152501.38
162554.03
148279.27
129993.914
115749.95
105359.23
99118.945
-77759.33
-71987.93
83444.54
-63003.18
-60067.79
76248.68
70091.16
65208.1
65610.766
-52144.383
-51191.0
-49655.277
-49136.137
60992.004
59159.477
54958.934
-42411.316
53686.49
49190.367
-41438.26
-40678.625
-38592.89
48088.72
45608.566
43337.215
43815.926
-33716.63
-36872.195
-38408.92
-30807.102
40123.016
38777.695
38473.69
35225.613
-28906.133
34075.184
-27609.895
-26320.352
31323.535
30387.76
-25341.93
-23445.889
27782.953
25844.156
-22155.24
-20363.604
24075.168
22261.24
-18678.562
-16858.545
-15389.488
20385.104
-12427.244
-10674.453
11127.416
8908.646
-8704.699
4483.7886
-0.82190037
6882.062
-6430.46
-4598.8975
2335.4998
-2338.179
-120.79493
17078.248
15203.773
12933.511
