3801.8748
1073.5328
454.33786
341.18036
156.31416
132.5871
129.90472
112.856995
-96.8061
94.160515
90.03262
-83.26911
-80.06435
-77.120605
76.95635
74.88059
71.25235
69.017296
65.62498
-67.6843
-63.592678
-57.769028
57.64059
55.365562
54.26141
-53.865143
-51.139576
52.578865
50.492767
48.832493
47.22083
-50.210426
-48.7
45.73773
43.45834
42.49506
41.15929
-44.199135
-43.166843
-41.268017
-40.366108
-39.312237
38.204994
37.385628
34.457355
35.40494
35.5893
33.834152
-35.906883
32.268875
31.460323
-35.143787
-34.380886
29.263159
30.647718
28.064753
-32.932823
-33.191513
26.42393
20.686161
22.466454
23.933334
18.996248
16.4325
-31.318958
-30.822884
-29.891975
13.032959
14.417479
11.3879385
8.174583
6.3189354
4.7381945
-28.965254
-27.834402
-26.729841
-25.173832
3.1343014
-5.170419
-3.5612116
-1.8805751
0.0006059035
-13.344097
-0.2821163
-11.505999
-24.48148
-18.04637
-20.305643
-19.355183
-14.818784
-6.8968325
-22.890488
-10.030349
24.946053
1.4605005
17.86278
-8.383815
-21.858486
-16.556173
9.683583
