78770.45
35604.836
30246.21
23998.674
9463.182
6056.086
4238.4697
3674.6238
2997.9084
2739.699
2365.7969
2111.1401
2030.862
1876.055
1735.2319
1533.8883
1516.143
1341.6549
1304.2216
1220.573
1055.2175
944.4219
867.1321
871.172
816.2328
-578.6665
-516.97064
740.1554
721.06866
686.3835
-467.6328
656.2732
607.54596
-451.2152
-435.98044
595.46515
552.31024
544.4739
545.81024
-390.74033
-365.9438
517.6431
503.81595
473.57214
-331.52908
486.99585
445.6933
434.38394
-315.77444
-312.11722
-305.09235
419.97357
410.9601
398.31177
387.52835
373.9143
-289.7826
-282.50974
346.91046
334.73584
-268.6281
-265.78427
-261.14865
318.6793
299.95673
290.50348
-241.68585
-230.72327
-226.80905
197.14963
180.79973
159.34822
-120.18006
0.0114139505
-2.7092855
-20.001152
-190.30882
-134.29866
-87.19732
-104.551285
142.32098
14.657081
-36.673054
-162.33968
-72.12793
218.2093
-217.71208
-178.7551
123.471
32.7828
68.618324
87.01247
-54.531525
235.074
104.45179
269.43082
251.86543
-201.55922
-150.11171
52.19451
