219485000.0
59197110.0
10765995.0
5304081.0
2308180.0
1282709.0
1199469.9
-836036.7
877500.6
-764572.1
594411.25
427342.62
364012.3
337054.0
242451.52
233702.06
-190181.33
211794.78
-164653.14
164244.33
-108322.48
139180.6
129312.85
112836.87
-97247.29
107236.17
97881.29
-81191.086
83446.305
80160.336
-68608.29
66771.23
-62992.984
-55197.375
-51560.004
-53745.53
62279.246
51815.176
56373.67
55709.82
44181.395
42479.2
-46649.562
-42807.27
-39291.67
37830.812
36021.914
31275.582
-30885.865
-30562.61
28523.06
25828.668
24442.734
23261.406
-27395.764
22237.344
21347.28
20328.945
-25082.652
-25463.666
18847.312
-21099.625
17839.855
16933.014
15116.376
14308.148
13595.88
13333.68
-17677.836
-16559.617
11660.716
10896.632
-15296.166
10307.744
6812.445
5862.3667
4681.3027
7741.988
3472.5774
2341.057
1212.9921
0.0031243402
-14628.984
-13925.66
9082.12
-4638.065
-3682.763
-1284.4489
-80.2455
-5620.085
-8883.331
-7970.3867
-6887.35
-2479.1702
-13332.824
-12846.594
-12353.695
-11751.808
-9685.282
-10430.082
