13654.088
6131.5845
1668.0619
1429.1301
1243.2745
653.5197
532.91766
420.3922
377.0903
325.42563
267.9868
223.32272
211.35957
193.41449
152.76678
140.98302
130.02623
105.12045
94.97472
91.5627
83.24128
80.81438
74.446884
68.813576
64.94632
62.18593
59.065617
55.592472
52.554337
-29.001186
50.56737
49.077236
46.353134
45.183273
43.67695
41.21994
38.94865
37.70864
-26.840965
-24.712814
-24.641335
-23.644173
-22.266794
35.06539
34.312416
32.204838
33.46096
-20.82822
30.15382
28.873842
-20.205776
-19.2915
-19.486406
28.610538
27.513817
-18.861256
-17.82209
26.724495
26.396774
-17.222782
-16.792301
-15.889022
24.571138
24.212513
22.448753
21.417479
20.402725
-15.491712
-14.851565
-14.14994
19.235062
15.224286
14.331443
-13.328546
-12.373729
-8.667843
-10.6499195
-9.66644
-7.5625105
13.201767
5.2985835
-6.518083
18.020363
3.960555
9.0324545
7.9762
6.4067626
-3.1421635
11.709391
-0.00046180983
-11.441889
-4.3257256
-2.0143592
2.745407
0.39726672
-0.87048733
-5.420153
1.5295398
16.614077
10.45521
