857.2665
168.5713
67.1307
58.836098
41.88668
35.831917
-29.853983
30.887627
28.753483
-26.224215
-24.5462
25.788832
25.298874
24.366028
-22.989086
-22.528
-21.89133
22.339212
-19.629793
21.630463
20.94749
19.935041
19.45451
-18.741505
-17.881474
-17.603596
18.69761
17.782738
-17.343374
-17.014658
17.489372
17.181269
-16.289757
-16.092665
15.886386
15.603239
-15.513857
-15.115541
-14.466937
14.601522
14.971558
15.099438
-14.492595
-14.153378
-13.479089
-13.192959
-12.816873
14.097169
13.855519
-12.310506
13.457525
-12.05736
-11.720281
13.191616
12.845551
-10.961057
-8.826747
-7.888838
-8.412055
-9.598023
-10.430489
-4.546032
-3.9748034
-5.1672926
-5.647197
-7.340658
-6.7949924
-1.6434271
-2.2463756
-2.8409238
-1.0680057
12.114469
10.473733
9.90623
9.104916
-0.46650347
11.055151
8.449115
7.926945
5.5155654
7.2967443
4.9631863
6.115727
0.8498577
2.0468338
1.4402363
-6.664169e-05
-10.190049
11.882233
4.4396358
2.6453013
-11.272157
11.601696
-6.2448792
3.2718153
0.24449165
3.8454728
9.511698
6.698475
-3.4214947
