158839.0
12969.145
5392.348
3426.9504
2227.1855
2040.1058
1879.6884
-1106.7084
1199.714
1062.2155
835.2351
-661.15967
639.4361
-542.4263
565.2788
-446.39343
532.76495
500.31772
466.741
423.78433
-398.21683
-387.03128
399.82297
365.60318
357.48956
-357.92255
-364.00925
-335.9603
-340.08307
-304.51373
335.96707
319.00952
303.79645
-263.5469
-270.57217
287.42743
274.97235
-246.29245
-229.53874
251.90602
251.29128
233.77406
224.71278
218.3337
213.08746
-208.40674
-203.59222
-197.87651
-189.44559
197.29292
199.0467
187.14577
182.17607
169.1102
-173.61308
-170.94931
-169.52527
-164.20172
172.55055
165.15909
159.07664
-157.66579
-143.041
-151.36363
-148.18163
-124.53363
-118.677376
-111.15547
139.06645
135.82451
-107.478
149.30142
125.8342
117.900154
-133.49414
-96.45821
68.13094
77.13443
56.05754
-88.572365
100.48779
94.21229
46.108326
-65.24613
-72.13831
-54.232403
-81.263985
-0.006195873
0.38382527
36.9206
-45.562244
19.139578
-8.965842
-27.556671
-37.350708
28.476448
10.004398
86.81557
110.53395
-18.296871
