79949.18
27684.352
24823.762
15764.927
8737.678
5483.242
4057.4846
3145.3137
2785.4478
2509.8694
2116.9644
1830.982
1480.901
1415.2087
1394.1122
1312.0143
1224.5342
1140.4082
1051.0265
980.5264
875.11804
-714.4171
-692.8263
-679.6983
788.30347
743.6038
716.9611
-583.9012
-578.2781
682.35767
649.6335
-491.02408
590.32355
584.79834
572.85504
543.64
-474.10123
-462.6746
534.4658
515.69354
514.4034
-410.64548
-373.79193
463.9537
455.1016
428.6761
415.55927
-348.57327
409.9151
404.22046
393.9692
386.44717
357.6409
342.71347
-323.30243
-306.7095
-319.63654
-315.92868
329.4687
317.2945
-291.8158
-286.64334
283.9196
268.3306
298.61102
-261.39993
-272.14548
-250.40973
-281.67227
-243.80383
248.99449
178.68338
194.63977
210.72527
-223.97337
122.11583
-173.27577
-154.60419
-188.96198
-140.2961
103.29183
139.52231
0.0036452785
-76.49231
-60.17884
-93.95327
11.800684
-6.5145373
-41.916023
234.71904
-127.77938
85.424995
29.990005
-213.46138
-197.55296
157.07599
67.898346
48.142387
-111.45254
-24.264593
