1602.7865
1336.2164
1142.265
977.72687
500.96786
442.63812
361.8481
328.96786
318.2502
294.51495
240.30759
219.25829
182.3124
172.75598
163.41908
158.9329
120.99147
111.753
104.824066
104.21981
99.15091
93.72709
88.49166
84.754395
80.27355
77.544624
75.64422
72.55282
71.106575
67.416725
64.224785
63.24721
-39.99446
-37.954556
60.901257
60.027584
58.505787
57.471996
54.941902
52.915306
51.400234
50.980175
-34.757786
-34.035805
-32.57665
48.580162
-30.221096
46.578857
47.281605
-29.702314
-28.945726
44.728374
40.093296
41.4492
-28.234543
37.97895
35.9911
31.921282
-27.367882
-26.901924
28.753757
25.019463
22.886606
21.409698
-26.215025
-24.319101
-24.763329
-19.046715
-20.68395
-22.446999
18.92428
-18.088093
9.591666
11.261345
13.361362
-25.754396
-16.69135
7.449823
-0.0043413895
-12.760948
-11.211504
-7.8476157
2.0029936
0.3202188
-1.1920797
30.10533
15.5265665
3.801381
-9.648698
-2.9685178
-6.2942476
-15.400081
27.113483
-4.6334167
-21.88248
-14.018036
16.986544
5.5791945
42.674084
34.811623
