27977318.0
486917.5
297028.88
223615.92
96829.03
59058.24
52266.68
39189.305
37917.758
25328.223
21877.82
18592.049
15646.386
-11680.715
14216.753
13785.185
-9051.582
11672.254
11061.543
9653.378
8560.953
8245.343
-6889.042
7785.2935
-6367.6807
-6094.5747
7399.661
-5478.322
6199.524
5579.79
-4825.176
-4324.5566
5210.528
4807.179
4633.709
4528.954
-3595.0354
-3374.8223
-2953.2134
3904.596
3938.9563
3609.495
3491.9583
3297.734
-2655.135
2967.5974
2688.1768
-2325.6638
-2209.754
-2184.7778
2390.7878
-1830.3845
2284.4167
2141.449
2061.4924
1854.4325
-1369.8687
1726.3153
1645.7793
1545.7189
-1187.5961
-1120.7909
1424.2388
1364.3988
-996.2475
-977.1254
-925.8831
-805.7176
1290.8333
1330.3955
1096.4562
1164.0531
939.0958
1001.99585
840.80304
-879.8734
-886.81024
1230.0374
712.0258
-727.5944
-666.24146
785.57605
624.4974
529.59283
444.09396
-626.05194
-592.06476
368.7166
280.43555
0.0004333074
197.17984
-337.29333
-284.04126
-209.51149
-122.72902
114.95066
34.73074
-43.13393
-487.15997
-426.96588
