2657.392
1359.3732
811.23816
833.56335
489.29904
359.08643
259.95984
252.81778
201.3778
180.90675
170.75694
164.46652
146.69571
130.04759
117.11098
108.67319
95.2955
93.22708
86.43958
80.01533
75.010124
70.77445
62.54031
61.818436
59.07196
-42.901207
-41.867016
53.673492
51.814117
-37.662937
48.681965
47.38118
48.091606
-35.127975
-34.84291
-34.459732
44.581444
43.54069
42.760452
40.57081
-33.16652
-32.11301
39.025654
39.61735
-30.750792
37.45361
37.129547
-30.128948
-29.413101
35.54487
-29.037958
-28.4907
34.39976
32.99616
-27.737677
-26.225279
-25.43912
28.595741
22.807032
25.664848
24.217785
21.167454
13.169711
16.44648
-24.20937
-22.77042
14.825516
11.752628
8.552987
6.8061237
5.2689223
-21.897228
3.740403
-21.041712
2.1574738
-4.001606
-2.4966486
-0.00045831798
-12.562677
-14.049347
-11.155382
-0.9305132
-16.495146
-9.805153
-5.4514046
-17.600681
-18.83349
-19.758972
30.030483
18.255674
-8.461806
31.046143
-24.88158
19.540068
-6.959673
-15.321941
0.6120518
10.075424
31.920631
26.74488
