492.39078
409.7567
225.30603
191.1353
130.16164
112.4849
110.35686
99.054985
73.56815
65.11607
60.530216
54.25323
48.71083
47.473377
34.640568
33.47671
29.286345
24.282879
21.905416
21.367632
20.059792
18.647703
16.710539
-12.300756
15.108859
15.008455
-11.409891
-10.484752
13.456281
13.054021
12.773205
11.993673
11.955864
-9.695884
-9.470128
10.916434
10.743685
10.414227
-8.835701
10.059097
9.883527
9.613394
-8.242688
-8.089769
-7.850758
-7.6840134
-7.565577
-7.2174296
9.016354
8.697268
8.533981
8.407682
8.074414
-6.9938364
7.87219
-6.7190056
7.450414
-6.333886
-6.20272
7.222675
6.922096
6.62224
6.2035007
5.4627624
5.815274
-5.2385635
-5.9950495
-5.8957043
-4.8557825
5.1062036
-5.668808
-4.68988
4.7265663
-4.0619063
-3.7356727
-4.398019
-3.4257057
-0.00078694103
4.3859735
3.9797153
3.537844
3.161776
0.10826871
-5.493553
-2.0431263
-1.6797506
-0.22861962
0.4670918
1.6174122
1.9988912
-1.312295
-2.4156432
-0.60781926
-3.0607264
2.4030569
1.217282
0.8504811
2.8174868
-0.9566609
-2.7909088
