23468300.0
8357450.0
1780137.0
542266.2
457617.3
240828.34
153383.58
-97863.65
94667.6
65957.09
50699.27
40040.41
35169.793
-29547.926
28449.547
-25189.213
-23101.932
23288.49
21603.918
19416.002
-18237.992
-17198.291
-14916.746
17647.85
-12580.992
15436.124
14463.79
13887.234
11770.356
-11173.857
-9548.092
-9102.082
11164.63
11330.259
10185.317
8947.482
8766.192
-8476.186
-7321.4487
7987.3223
7526.1196
7015.741
-6982.1816
-6222.4365
6700.779
5855.4546
-5717.1426
-5232.8247
5316.2812
6250.03
5906.2485
-5185.9385
5034.3037
4854.2173
4649.5674
4401.5283
-4533.4814
4312.3174
-4190.3926
3810.4304
4002.1592
3964.2026
-3900.355
-3722.8008
3439.3171
3253.243
2680.7422
2913.221
3022.3154
-3472.644
-3289.2102
-3207.773
-3147.3752
2489.0107
-2920.3452
2233.4478
-2600.815
1836.156
2020.0378
1593.3179
-2375.375
-2487.5962
0.49379176
-1743.0961
-1568.679
1380.3597
1154.9875
666.6888
421.14438
204.34886
-54.31904
933.0423
-1332.9181
-1180.7919
-738.69775
-500.99963
-287.59177
-937.8736
-1914.3293
-2080.2183
