1456.5026
1104.9116
896.13324
707.4174
611.2711
541.08716
439.991
380.08704
332.75778
315.14786
240.67543
214.5654
189.10512
177.62306
156.9091
145.44072
140.5667
122.35926
113.99134
109.761986
100.062744
95.74723
92.57409
91.8852
86.70012
85.83788
80.73045
81.310974
-38.020683
76.99261
74.46993
71.88677
70.56837
68.34711
67.084145
65.60383
63.74828
61.678326
-36.91667
-35.940643
-35.136196
-33.98058
-34.616722
60.020237
-31.663145
58.033897
57.32771
55.61654
54.29026
-30.58672
-30.200726
52.352436
51.183006
-29.364803
-28.58344
48.695446
-28.170784
-26.69552
47.2042
45.150047
43.058624
-26.14937
-25.416922
-19.836325
-21.467533
-18.964727
38.848698
-17.42892
37.83556
-12.671521
-11.098654
11.368776
13.508284
15.558336
-9.300239
0.0049234675
17.838396
9.375146
-7.692208
-0.37208253
1.2101985
3.1944423
33.812965
24.170889
-15.790325
5.1739798
-2.198503
-5.8570337
-24.232801
26.579268
22.533089
28.740316
32.329254
-4.074637
30.688478
-23.33061
-14.333724
41.13459
20.525436
7.2472095
