22.270815
17.017012
-9.905566
10.832086
9.871651
-8.850793
-8.546361
-8.115639
9.42789
9.242317
-8.031954
-7.852661
-7.6654873
-7.5168104
-7.4257154
8.702162
8.347689
-7.282669
-7.0957923
8.260711
-7.010999
-6.878715
-6.7758636
7.8482623
7.800024
7.6668177
-6.6552424
-6.5593033
7.5566506
7.4349303
-6.4368744
7.2856307
-6.2801228
-6.094565
-5.9883122
-5.7785993
7.0860925
-5.6676197
-5.2547026
-5.0864096
-4.7272034
-4.9189925
6.9253583
-4.535662
6.789835
6.85029
-4.335718
-3.481833
-3.7053037
-3.242716
6.4897704
-1.8692696
-2.1072493
-3.0451128
6.407841
-1.6311536
-2.3363647
-1.8032297e-05
6.30194
-1.3902018
0.12406734
-0.13490346
-0.38152957
0.3755027
6.203937
6.0388513
5.9065547
2.125033
5.753929
1.8681959
1.6339813
0.6338801
2.3456504
1.3863574
2.5979733
5.496987
5.3787622
3.759192
3.4860451
3.2682865
-2.8090172
3.9890385
5.004987
5.1878333
-1.1432974
0.8880396
4.7305593
-3.892806
3.060007
4.5853624
4.169744
-0.64991736
-0.89631593
2.8143904
-6.2008123
-5.461275
-4.078631
-2.5659802
1.1343268
4.3908353
