4586.8555
3135.4976
1635.8743
1240.6082
1015.2611
707.3989
561.71716
515.0542
490.1788
355.31747
316.67188
278.22958
265.8018
237.83257
201.93544
196.44511
171.12018
167.22318
157.42874
141.38869
137.25856
126.67136
123.01731
117.96501
113.867355
109.86182
105.66235
106.28368
102.44308
98.64292
-52.8231
-48.735516
93.777596
90.22701
87.97844
85.77904
82.45179
79.80907
78.69428
-47.595985
-45.353554
-44.22087
-43.584297
76.27404
74.844925
-42.19547
-40.031616
-39.1781
71.45952
62.77032
68.07752
66.94603
-37.341667
60.389957
58.82695
-36.852722
51.815647
49.603535
72.9633
47.604053
44.93684
-33.096542
-31.793201
-30.788157
-29.01772
39.365227
-34.88859
-22.027641
-24.233458
34.304295
36.586597
30.787525
-27.321848
-20.530386
-18.309519
29.030205
20.226498
-12.075828
4.3735614
23.155186
-9.73413
17.536509
6.912621
1.7743268
0.008351663
-0.35308298
-14.08745
9.536491
14.985738
-7.41662
-5.0282655
-34.59623
-2.6941793
-26.040466
-16.217073
25.721975
12.188099
65.77499
56.07046
41.95938
