41199000000.0
368689280.0
88197176.0
28317552.0
26334510.0
-17519686.0
13974654.0
5650463.5
2960320.2
-2237217.8
2311972.8
2151579.0
-2027329.5
1428193.1
1294236.6
-1241490.5
-1087974.6
-949185.25
631086.06
-618446.5
433038.8
-318535.88
-282621.56
318514.34
326902.34
282368.8
-227403.97
236370.95
218722.81
-207219.1
-176935.17
-159589.81
-144069.95
160568.02
155915.08
150724.02
124653.84
109358.47
-124633.77
-110224.82
-107446.42
96567.74
-85289.875
76944.87
74062.41
-74156.02
-69995.375
65241.63
61812.58
-61044.582
-58470.97
55661.426
57717.934
57740.45
52602.72
-47276.777
-52593.97
-57732.32
-55663.777
-42200.207
37878.098
70283.05
-72351.86
-32353.342
29932.02
-28646.463
-26873.389
-26153.484
28810.56
25260.58
25982.926
-1.418553
-29728.424
22717.297
28454.45
755.2357
19456.477
-2586.9856
3927.8403
6545.695
8999.689
18254.146
-5049.3677
-19842.582
13955.319
-19345.604
16499.217
11580.377
-17395.33
-8354.611
-12959.113
-15465.484
-10346.411
-483610.97
484800.34
41119293000.0
1633519600.0
21612526.0
-21856770.0
-2094054000.0
