337418.8
136375.2
22401.123
16797.56
12276.465
10784.74
5857.2495
4549.954
4006.8345
2946.112
2433.0364
2033.5883
1725.0083
1448.8085
1365.8401
1098.8481
1045.1493
920.6847
861.0028
721.70776
734.6193
577.5325
-363.91086
482.15628
475.6972
441.3279
435.7946
-303.90002
-286.4596
-267.204
-254.93001
381.3888
360.89725
-237.83128
-232.02826
-198.98882
-215.8592
343.86658
327.08963
-193.81102
-180.69322
-175.43167
-168.68086
307.9676
-164.29558
-161.22043
295.30582
-149.55782
-152.68591
290.33682
284.39832
-142.32596
-136.37964
280.37766
268.60037
-131.37805
-122.53783
-114.489746
260.97318
-109.47317
-102.681046
244.50464
242.6165
-93.63225
-83.35352
-76.02204
157.14813
167.20721
178.991
184.02562
198.376
192.1314
226.97824
-66.45945
145.37126
-57.60067
210.95084
134.947
234.869
-47.85132
214.81604
116.5002
125.42474
105.96995
-38.836678
96.052505
-19.450449
-29.502665
-9.721961
83.32773
21.176888
32.271095
10.749539
-0.009293631
0.70786846
41.62021
62.53058
52.79814
72.78357
238.49762
