3971542.0
1125681.8
319198.72
138486.31
102279.7
84978.48
-49780.984
65416.086
60765.75
52183.035
47282.863
41363.418
-32521.982
30735.965
-23815.775
26767.555
24874.281
-20690.656
-17542.06
20874.004
17786.984
16241.128
-13827.471
-12821.924
15434.189
15208.785
-10478.075
12767.045
12618.449
11448.194
-9881.077
10666.293
10164.96
-8424.856
-8300.357
9270.324
-8075.121
8992.616
8284.797
8465.206
-7122.716
-6680.3735
-6332.6597
7553.868
7361.395
7258.973
6835.944
-5827.005
-5859.0825
6688.9688
6291.7627
5954.5654
-5315.0073
-5182.6274
-4892.663
-4698.523
-4317.921
5774.9937
5587.228
5200.918
-4099.049
4890.0938
4758.1543
-3924.354
4674.5713
-3638.0422
4287.2837
-3523.666
4089.7515
3818.0356
-3322.1199
-3242.1555
-3049.6135
-2870.4893
3618.382
3418.41
3121.495
-2586.5706
2876.9434
-2364.1584
0.025500815
-1410.1517
1043.3108
731.0259
207.52689
2664.6743
-1178.6658
-100.595276
2169.2856
1538.0973
-1929.5701
1329.9569
-905.31433
-641.546
-375.94394
2352.1196
1833.7311
-2159.3828
-1713.4084
478.03094
