1650.1685
1105.7777
918.9335
802.1777
540.34955
447.33563
405.91476
377.01035
335.07516
300.8168
226.57504
210.22324
181.17612
151.56909
136.94754
129.42374
115.28211
112.157684
109.16497
99.79884
96.25467
89.454056
85.51586
78.874084
75.91676
73.672424
74.98345
71.10428
67.98949
65.598114
64.03495
62.568817
59.936836
59.19936
56.35549
55.481205
51.43338
53.70306
-34.79201
50.06872
48.2451
48.920414
-32.79533
43.040897
46.79498
46.42893
-31.018993
-30.268639
42.097546
40.693436
-29.169325
38.643074
37.282585
35.1968
28.567327
33.79556
-27.333336
-27.041107
-26.725998
-26.391468
26.633852
30.415228
24.535345
23.022978
-25.203482
-23.667845
-24.398758
-22.7169
32.120094
17.739408
15.507688
19.32925
13.690461
-21.552923
-17.717806
-18.807186
-19.496944
-16.388178
-13.773821
-12.438413
8.345833
10.030817
6.468184
4.710371
-10.932066
-20.973986
-3.410562
-9.434035
0.0075389976
3.0223675
-0.2179418
-6.570098
-4.9847198
-8.104009
-1.7607002
1.2225626
-15.153826
-25.595734
21.142565
11.975351
