116417.34
7506.61
3914.6816
1736.3799
1337.9893
697.37646
538.0728
466.81125
-441.18774
436.95004
-365.6063
-320.42538
367.1292
331.2531
320.7098
-296.24554
296.38776
-265.12366
-248.78609
-224.31078
-210.99225
274.62305
254.34541
241.13354
223.56322
-198.32538
-190.95299
-182.01468
207.75865
197.47517
190.70422
-170.05815
-173.8359
194.08452
176.50696
-159.94318
168.57492
162.49788
-149.01707
-142.15646
141.37756
-120.96248
128.64119
125.145164
119.7706
-104.55799
-100.7439
-93.6131
109.68036
106.91439
103.63371
-90.1742
-85.52786
94.95609
89.78338
90.4549
86.29509
-82.76907
-83.157005
-76.93688
82.931046
-66.93785
76.3837
-61.566536
67.35534
64.32491
63.22609
-58.078453
57.684624
-56.659225
-54.108517
-22.062662
-25.416748
-29.187387
-17.796265
20.782482
16.31249
24.888363
11.919535
-13.533367
0.00052535796
31.328978
7.889897
-1.0445424
55.29648
-44.412804
42.871857
37.742016
-5.197009
3.5912504
52.86053
-48.395473
-38.07348
34.379707
-9.467811
-51.28788
-40.80979
-35.494576
46.25278
50.346554
