1633.2347
1629.9937
938.47797
848.93915
743.2176
611.54553
526.61176
436.71625
376.20544
328.38004
280.7685
243.4384
224.48459
209.37325
189.36856
174.122
159.32153
148.57396
146.59308
132.6388
125.42964
118.29947
111.680695
107.86156
105.94626
97.93826
94.58765
90.48219
87.540955
84.58332
83.24793
81.68726
78.12394
76.19004
73.603714
70.63307
69.65107
67.497635
64.43034
63.708435
60.613636
61.228542
-29.478937
-28.714294
58.524586
56.120197
54.64962
57.154854
53.56365
-27.901049
-26.155886
42.839767
50.86307
46.272568
47.377148
49.077675
-25.842651
-25.141428
39.920437
-24.619633
-23.999933
35.787796
34.216278
31.646982
25.693253
28.249453
-18.699991
-19.725237
-20.579172
-21.35992
-22.714676
-22.520126
23.166061
21.366968
-17.621103
29.643066
17.276453
-14.067962
-12.576972
-11.34184
-15.572536
14.879209
13.079998
-6.767325
-5.0352254
-8.245938
5.1053
3.2968876
1.4244425
0.017239045
-0.12564974
-3.385437
7.069904
-16.570948
11.097957
9.114943
-9.738913
-1.6667085
38.364677
19.77482
