1000567.9
204924.42
98193.28
57214.617
-28639.389
24136.041
18983.533
17849.158
-14715.174
16263.899
14934.138
12795.482
-11422.314
11621.672
-9983.882
10461.768
-9602.758
-8826.376
-8479.674
9986.16
8930.751
8547.085
-7588.857
-6526.954
-6133.3135
7828.5713
7502.5166
6957.335
6610.1885
6443.2646
-5814.167
-5591.62
-5174.538
6084.128
5820.7954
5634.4375
-5040.166
-4828.221
5330.262
5211.041
5174.4424
4825.815
-4177.4355
-4696.018
-4684.743
-4563.716
-4496.416
-3998.1099
4696.003
4591.2534
4457.027
4300.57
-3919.2048
-3865.3162
-3730.9673
4123.8584
4056.3489
3687.052
3354.567
-3522.1619
-3378.1587
-3275.7795
3138.6814
3482.9617
2875.6345
2331.3154
-3153.6892
-3090.884
2600.4597
2159.3687
1978.5167
1819.8729
-2769.8032
1387.3618
0.052810952
-2646.558
1186.1267
1002.1207
-20.479635
197.7555
387.64795
-220.14264
-1949.3208
-2116.1055
593.5082
-624.9549
-818.09375
-1580.7612
-1768.1415
-1017.2701
-2323.297
794.042
-2502.437
-1413.7775
-1208.5973
3949.1738
3562.9202
2750.0671
1596.8268
-426.59323
