784.2605
220.45271
130.79424
-105.32796
101.995285
-87.01248
-82.924576
89.68693
-77.04049
84.06506
82.92661
76.85878
69.69158
-66.2627
-64.31234
61.299984
55.181465
-52.737907
-51.36481
-49.809483
51.219864
47.73304
-47.177082
-45.62262
-45.25784
45.154655
43.831535
41.32684
-39.418358
-38.595074
38.217323
37.199722
36.629353
36.18152
-36.867332
-36.18316
-34.094383
31.991001
32.666187
33.070637
-33.436718
-31.267063
30.059845
28.822254
-29.539112
27.231153
27.943624
28.351366
-28.337812
-27.62544
26.023748
25.579035
-27.302118
-26.839174
24.690325
-25.858688
-24.854288
23.85835
22.902668
21.924177
21.121426
18.082312
18.887007
-24.084267
16.365072
-23.618576
-22.55811
-21.583689
-20.777752
15.145384
12.895058
11.431827
10.037366
8.892297
-15.295874
-14.282033
5.083928
6.4415774
3.9033494
-16.546535
-11.575808
-10.456212
-9.395366
2.5751905
-4.082324
-17.81059
-2.8684876
-1.5676923
1.229395
-8.022365
0.00040017825
-5.383516
-0.23112161
-19.55266
19.858677
-18.614847
7.741096
-6.712435
14.249591
-13.155627
