2073346800.0
56336516.0
22477274.0
20299092.0
11135893.0
7058355.5
3594571.5
-3017284.5
-1810509.1
1964454.6
1611006.8
1285154.0
1035565.2
-1088261.6
-991837.06
696827.7
661317.9
617599.75
-462092.6
-393422.84
380787.47
-360280.28
360467.8
344162.44
-334542.84
-296777.53
-270753.4
257594.08
222000.98
-192184.02
205151.77
180342.11
166996.33
-143646.75
-126101.19
-123626.87
-118531.5
136551.84
126101.266
115514.89
108479.87
101578.805
-88674.78
-84723.67
-82736.984
96462.61
92228.03
88502.22
85767.31
-77069.5
-75364.836
78701.18
74650.65
-70447.95
70745.07
68711.09
65925.65
64458.207
-63165.523
-61776.125
-61940.676
61465.418
57056.938
-59224.14
-57419.465
-57178.09
54945.87
-54061.875
51902.2
48426.445
-49690.12
46877.55
-46757.234
-44222.727
-42390.832
41353.38
19422.434
24298.398
26871.96
37556.176
15551.61
-0.101637736
-38958.234
667.4314
34974.58
-33052.652
-25972.87
12602.01
-3699.547
-36041.48
-7522.2104
4605.226
-22216.773
-29334.768
8114.776
-14916.097
-10928.216
-18233.096
58958.508
31208.873
