1147191.0
426678.7
123783.04
41343.773
29607.678
22393.643
19948.299
18672.63
15635.813
12257.642
10558.996
8872.771
8109.5776
7167.6504
6057.162
4689.8906
4396.4473
3760.2427
3356.3513
3328.0881
2923.0498
-1731.9105
2664.446
2585.6387
2287.6204
2224.1956
-1379.4521
-1265.2627
-1213.887
2065.817
-1103.5662
1930.858
1823.3958
1707.3695
1630.1017
-1023.4928
1564.7405
-928.71606
1409.2428
-864.7735
-812.96936
1352.5902
1306.4435
1263.3154
1222.6119
-778.64325
-747.76196
-744.06885
1150.602
1148.6553
1111.9758
1068.9287
-661.0052
-621.064
-607.9978
-578.69196
-589.8645
1020.5805
-549.63495
990.7992
-522.8907
957.23755
-497.50504
-375.56833
-345.8767
-311.14066
908.0973
-469.48358
-407.50726
-195.60342
-236.92738
-270.11594
878.52673
844.87836
-155.89287
232.25926
184.00587
272.57245
762.87463
670.18286
714.2285
-74.69005
313.06845
143.46068
-0.0020835644
817.73395
-32.714466
610.4083
577.5095
362.05057
53.54654
11.48078
-116.47849
95.876205
455.64276
541.2707
407.8428
499.9492
783.1721
-437.4393
