13591.85
11432.001
4620.0166
4098.8213
2228.949
1459.9187
964.7926
917.20654
840.033
762.03156
662.9307
572.98065
553.3324
501.741
419.76306
377.5136
352.5926
334.7359
322.6127
300.00104
281.36493
263.31973
245.61592
232.76498
222.57913
209.3885
197.37447
199.671
182.78871
176.22464
170.09761
167.46054
161.48831
155.35168
153.18451
149.95198
141.77702
137.2213
132.70557
134.2979
127.99024
114.40557
117.966194
118.299
-58.586063
110.82671
106.33215
104.83088
-52.97982
-50.412674
101.77511
98.146484
95.36432
91.259155
-48.817516
-47.17839
82.896484
79.466286
76.12534
-45.75644
-46.125652
-44.19239
88.87902
68.1944
63.39964
58.827217
-42.352974
-40.95869
42.712746
47.056683
71.56498
51.132763
38.264126
30.371609
-37.30485
-38.869286
26.144575
-35.714718
22.104456
-33.40146
7.005963
3.3878305
-0.025335575
0.19997384
18.263603
10.869958
-12.775593
-9.454954
-2.891531
54.22112
-15.70351
-23.940573
-21.280993
-30.725674
-28.755558
-26.230497
-18.526993
-6.188265
14.3478155
34.91047
