464.41693
384.73557
291.74765
198.42487
155.92563
140.05124
125.08085
107.257576
102.10487
87.57994
83.43239
76.726944
67.905815
65.106125
52.716255
48.174213
47.011303
43.950127
39.19075
36.33765
32.551147
28.142883
27.023449
26.537964
25.340876
24.528482
22.880856
22.096127
-14.859262
-14.0010805
18.796865
18.445251
17.445995
17.510252
-13.08654
-12.124852
16.220097
15.465657
14.797026
14.645731
-11.91964
-11.775737
-11.300161
-11.142871
13.854093
13.483472
12.967769
12.710553
-10.351517
-10.464638
12.167093
11.898555
-9.995197
11.519007
11.088739
10.882606
-9.633394
9.753404
10.317086
9.244472
-9.3360815
-9.117138
-8.947912
8.648478
7.7102017
7.1882696
-8.766051
-8.290063
-7.7510667
-7.2819943
-6.7958207
-6.3957825
-5.9967446
6.6015735
4.89545
5.469647
-7.9760075
4.342871
3.7914824
6.082536
-5.621906
-4.636962
-4.144029
-3.668626
2.064802
-5.0799294
1.5114423
-3.1917
-1.6274861
-2.1231709
0.98643196
-1.1278031
-0.56960475
2.6280107
-2.6490216
0.3942068
-0.079607025
0.0038372723
8.236893
3.2051535
