765.8088
616.3106
405.6819
354.0573
302.42993
284.23895
196.77994
186.05838
172.48708
144.848
126.69078
119.283356
108.11207
101.45451
97.947655
92.71253
81.60119
80.58093
75.65212
72.98042
71.259605
65.69538
64.2639
60.902763
60.35919
56.029545
54.130444
52.358624
-35.49643
-33.008995
50.723675
49.196495
46.40261
45.150265
44.04018
43.176014
-31.335527
-30.555336
42.533783
41.34594
-29.684723
39.46436
38.59205
-27.91766
37.068142
32.28981
33.93237
36.032433
35.600197
-27.294006
-26.269403
31.012215
-25.489948
29.378778
-24.943039
28.388596
-24.557802
25.882378
24.300882
23.114958
-23.660809
-23.25918
-22.762314
19.792376
18.453812
16.870386
-15.806252
-16.644
-21.604065
-22.275936
-17.853477
-18.852512
-19.59161
-6.136978
-12.461899
-13.644044
12.150741
10.639866
-7.4620743
-9.971721
-4.8841486
-3.6038234
3.4758427
2.0221567
-0.0016537873
15.450637
-11.038069
0.46980885
9.23749
4.814476
-2.2806616
-0.6611519
13.913714
7.7288804
-14.646404
6.222081
27.41334
21.186546
-20.46807
-8.71224
