622.549
427.1875
270.6331
206.69582
155.45963
144.29823
122.48755
113.04768
97.97321
80.11901
74.27605
59.03088
50.206017
47.102695
46.129986
38.26902
34.05178
33.214897
31.752449
26.708078
25.36012
22.847538
22.27288
20.032307
19.36931
-15.790485
-14.924406
17.747175
17.87862
17.270182
15.776787
15.28863
15.143599
14.627563
-13.569319
-13.297405
13.370295
-12.835877
-12.154945
13.055704
12.928625
12.769943
12.255
11.874475
11.509879
11.216307
-11.818783
-11.50317
-11.361332
-11.100486
10.986514
-10.567566
10.440489
9.825049
9.557026
-9.851069
-9.717013
8.549855
7.923242
7.6424146
9.155901
-9.213104
-9.585608
7.0990496
6.041184
5.6461267
5.025614
-9.48438
-8.75901
-8.38757
-8.222457
4.5218687
-7.1869144
-7.525491
3.4113426
2.8698807
-7.8081913
-6.7332425
-5.1087728
-5.6620207
-5.950482
2.3493395
-4.536029
0.0003308298
-3.2121632
-2.6864598
-0.20151022
-0.7197574
-3.6656961
0.2530717
-6.3273497
1.8073826
0.7987905
-1.2451764
-2.2044644
-4.1856523
-1.7203705
1.3253727
6.6536818
3.9567647
