21963.637
-19869.008
-11077.2295
11266.319
9676.876
8022.4175
-5654.2725
-5637.3467
-5409.1616
5694.2266
5651.511
5412.5254
5224.216
-5107.149
4025.9907
3952.3423
3721.671
3539.564
-4024.6658
-3894.3357
-3609.982
-3538.5837
2975.1646
-2913.2744
2364.719
2409.7583
2297.018
2279.928
2118.4272
-2484.321
-2431.5242
-2409.701
-2360.1064
-2279.0815
-2157.6548
2017.5819
-2104.0847
1940.9629
1752.8094
-1765.48
-1740.9048
1473.6913
1365.8533
-1484.8752
-1467.673
1237.2623
-1234.4229
-1223.6847
1216.6145
1182.3665
1159.5063
1107.9304
1090.5695
1065.8685
1056.6278
-1156.137
-1166.4941
-1117.9913
-1085.7097
997.6477
903.85834
869.00287
-1064.4315
-937.61774
-885.3843
-871.80164
837.88477
770.6395
-446.1174
-393.0407
-0.0010861749
-514.76855
-330.30133
46.064877
107.569466
-90.43076
-147.44472
162.09143
666.58203
458.09033
227.68503
-1054.8016
522.9701
339.76782
402.85428
-794.0599
-565.5907
609.9119
-217.15184
-652.25104
951.73016
722.0047
-707.57776
-767.08563
294.47836
570.14355
-1015.71326
-614.90784
-32.902534
-254.94199
