191666830.0
-84054616.0
32065714.0
18073094.0
-12541973.0
5828577.0
4438440.0
3920270.0
-3603425.5
2886678.8
-2940999.5
-2024848.5
1915395.0
-1825634.8
-1486392.1
1553437.8
1300883.1
799231.94
-720164.7
-609677.3
-492224.9
502285.62
-421886.66
435088.9
416163.0
352414.94
-280909.44
273023.88
-249961.0
-239585.83
-230097.25
-215749.58
256988.03
245519.7
232857.92
221894.77
216035.05
-212705.98
-209432.69
208225.78
199413.45
189050.39
-186301.23
-192848.94
-182757.81
181802.4
172882.64
-169758.75
-167009.36
167594.17
160832.36
-156655.11
-145836.97
153997.66
144112.66
142560.58
-142678.17
-141014.73
-137941.02
140941.03
135814.05
133409.52
123709.875
-130180.69
119087.61
-123471.22
109745.78
-85154.945
-90758.984
-99913.03
-118098.92
-78639.78
97210.01
33177.13
63548.145
56474.29
41856.44
-76343.56
72646.46
24503.041
17578.676
79019.97
-0.9656092
-115806.46
-21440.562
-15076.302
9994.428
-6890.678
-66340.53
-44167.86
-36265.97
-109270.51
47151.453
2607.876
-59578.727
103718.72
90433.37
87346.92
-29196.637
-50118.188
