1201.665
661.00586
551.25024
416.63272
389.94315
357.18594
335.3976
279.82346
221.1282
202.43526
175.53668
145.33762
146.84438
121.53039
110.855286
107.730995
100.79211
94.63432
96.01749
92.75425
88.37003
-68.06849
82.88299
81.315796
77.01265
74.27057
75.259636
-62.209007
-60.679558
-58.93666
70.735405
68.246635
66.278175
-57.650948
61.44204
62.755676
62.1751
57.74716
-54.166286
-52.041
-51.05231
55.855675
55.407482
-49.926613
-48.70953
53.417744
51.996418
49.95593
48.660477
47.45845
45.788044
-47.04506
-45.97912
42.842766
41.937935
-44.33254
-43.35496
38.319412
-41.182423
36.596275
34.721027
23.618832
25.862217
28.063726
-37.479095
-38.634506
-39.9917
-39.73312
20.880447
16.427696
14.115551
11.819386
-35.517593
-31.299496
-27.988848
-29.189812
-32.75639
9.594824
-24.015587
-22.251678
-20.554844
-0.0071464144
0.48012382
2.6830583
32.068794
-33.78381
-1.3903558
5.263279
-18.247322
-10.312103
-12.300674
-14.398187
-8.245603
-3.9766712
7.3997946
-6.169428
30.719442
18.635778
-25.847565
-16.463467
