27088116.0
1790223.8
1417480.8
589656.25
340310.3
263444.8
141524.64
132549.7
76215.71
67793.62
48492.098
39678.08
37893.04
32702.086
26493.027
24674.996
-14701.117
21030.26
18830.98
18437.936
15034.723
14246.524
-8700.109
13263.633
11813.386
-6870.8306
11090.081
10239.643
9934.919
-5941.8105
9202.711
-5410.306
-4882.87
-4923.248
-4635.382
8488.256
8183.4263
7978.693
7874.5874
-4379.9146
-4033.4983
-4084.0347
6654.839
-3755.2925
-3607.1538
6234.0
-3524.1914
-3222.0916
-3095.4312
5913.801
5881.526
5677.677
5443.231
-2929.961
-2774.9333
5238.289
5167.164
-2621.5806
-2463.326
-2556.996
5080.524
-2317.4902
-2163.6423
-2029.4443
-1868.4155
4738.449
-952.5808
-1136.8639
-1353.6288
-1517.7548
4645.6797
-730.86584
4494.6885
-531.0139
4549.919
0.02422547
4241.2163
4002.6448
3870.7368
-1662.4116
-346.6794
-136.9113
102.81513
3583.0747
315.77783
3447.4033
1408.4196
1620.724
2474.5383
2042.2208
2305.1362
2738.9197
3279.0596
733.1627
521.1545
1174.7323
952.67676
1829.3632
3066.916
2934.709
