2546.5518
1857.0409
1512.0599
1297.7507
953.751
719.81433
628.42633
537.71625
447.7657
426.86868
335.90546
312.85614
280.2864
249.67757
213.81837
196.23515
182.7293
162.21065
148.18343
138.70265
137.26456
112.61961
106.115974
92.67348
-66.821625
83.12883
-61.96028
79.1284
73.589966
70.64632
67.71723
63.465275
61.70839
60.821896
-54.117367
-52.10805
-51.28914
-49.031704
-50.158302
-46.287716
-47.588295
59.270557
56.268223
55.272507
53.166157
51.454075
49.9355
-43.750523
-43.502747
47.68101
-42.50907
-41.090546
46.436337
45.42918
-40.25434
42.48593
-39.537773
-37.629524
41.242302
-35.422928
37.90476
36.39053
34.164165
-36.91643
-27.621452
-29.518326
-30.923908
-33.880047
-32.903896
-20.688517
-18.690807
-22.560446
31.823223
-25.935242
-16.924131
-12.715317
-10.699203
-8.635618
28.618332
25.742264
-6.502589
15.180155
17.233578
12.76929
4.0421805
1.82626
0.0252882
-0.216638
6.2818584
-24.367996
-4.371416
10.654462
30.339859
19.603046
24.066444
-2.1996248
21.652748
8.461306
-14.842777
39.823807
