1161.1924
287.87347
223.1635
188.32948
139.37952
120.85347
99.27441
82.354935
74.52042
71.29427
68.30776
67.06965
60.754883
-46.319363
54.51911
49.64788
49.06573
46.246067
-40.051113
-39.546062
-38.555477
-36.940098
-35.378708
44.914555
44.593723
43.09652
-34.70983
-34.39283
-33.544857
42.29296
40.328667
-32.39995
-31.853783
-31.170666
-30.420038
-30.25125
-29.228834
38.975876
38.123367
38.526165
37.468277
36.40119
-28.42123
-27.940287
-27.092384
-26.403053
14.607592
15.892807
13.109626
11.8443985
17.484211
19.679987
21.117418
22.556871
23.680513
-25.959476
10.401911
7.7291937
-24.86826
24.88504
6.332268
4.9937744
-18.993526
-20.070559
-14.562873
-13.247974
-15.645461
-18.019924
30.450565
29.765852
3.6305325
-12.074554
31.641527
28.169924
27.265383
-10.967112
-21.463314
2.199725
-5.783084
-4.4567103
-7.157971
0.8654015
-8.313884
-3.0895915
-1.7120737
0.0018150009
35.012154
34.001
-22.291899
-22.988537
32.87317
25.989908
33.359814
35.32791
-0.42731005
-23.96248
-16.751738
-9.582825
18.704845
9.053506
