1424.8287
801.54126
457.11407
354.66217
302.5471
-204.20662
180.42693
160.08582
118.16107
106.51239
102.8599
94.63584
-87.22371
-79.05274
-76.81436
90.81073
86.84908
85.18505
81.466995
80.71301
79.18529
-74.83271
-73.17444
77.11286
74.5948
-69.20681
71.27666
-67.04272
-65.5397
69.69949
68.714745
-63.94528
66.13588
66.24016
62.596127
-60.94162
61.66884
62.218437
-59.222168
59.721397
-57.699375
-56.66608
58.453957
56.77638
-53.57605
-54.21758
52.907673
51.426758
-56.28029
-52.30542
50.106808
-50.428318
41.34985
39.162777
-49.539833
25.374075
27.780375
30.231922
32.624496
36.95107
43.51037
-48.111126
23.283789
47.845604
-43.71287
-41.994118
-45.8855
20.48192
15.8484535
13.446167
11.103718
-40.46833
8.638813
0.0004342548
6.2042336
-34.82067
-36.967453
-33.08859
-30.413546
-1.0327677
-3.6002438
-5.9191103
1.2521131
45.998356
-28.596285
-8.371434
-22.098442
-19.758167
-17.547607
-15.238094
55.59537
-13.009029
-24.46711
-26.59168
-47.10665
-10.686335
35.19866
18.154577
3.8208044
-38.454697
