796.9791
755.4214
610.40967
539.9721
473.10083
409.5067
374.29013
362.5247
283.76373
165.29568
135.2708
121.07909
113.916084
108.53594
98.057495
99.02829
91.57269
85.30009
80.97293
80.997375
77.53119
75.13118
72.02807
70.60733
68.9737
68.25767
-52.97865
65.29391
-50.58935
-47.694042
-45.59858
-43.75706
59.440838
58.098686
57.00084
55.118454
55.218735
-42.241272
-41.366665
-40.53921
52.296665
51.704323
50.040127
43.84049
-39.350773
-38.261356
41.678173
47.560146
45.978962
39.84283
38.700027
-37.88449
32.10073
34.866142
-36.671597
-35.87424
-35.069107
30.586409
28.778559
22.896286
19.072447
20.763601
25.056843
-33.452072
17.046541
12.967194
-32.292038
-30.644707
0.008461051
-29.424744
11.024739
-0.42821965
-28.255531
-2.1554067
9.09465
1.1393564
-4.429049
-14.769771
7.2424784
5.3458824
-16.346518
-6.1754847
-23.913994
-11.420096
-13.099865
-18.203358
-21.526978
-22.802752
-32.829792
-25.794022
-7.972269
-9.721025
-26.876724
-19.924702
27.007809
51.16702
46.7909
36.30352
3.429423
15.021284
