1134.8939
771.6164
698.41705
635.7281
544.1063
410.37976
327.08115
264.2026
178.49414
161.08618
133.31592
126.365555
122.50775
118.31253
112.5903
105.54853
100.045166
96.38107
93.63606
84.96929
83.36729
76.33349
73.20994
70.03314
68.689735
65.01708
-38.877525
62.967476
60.777935
58.219902
53.40066
52.016705
50.410934
-29.523632
-27.107702
45.72994
45.09694
44.141453
42.658638
41.06917
-26.199514
-25.2299
38.206158
37.555885
36.166073
-23.845737
-23.635508
-22.878103
35.319504
33.4302
-22.345276
-22.211668
-21.887175
30.129196
29.46225
-20.969597
-20.304659
31.609896
27.28644
-19.278635
31.483004
26.439697
25.021242
24.19908
-17.723423
-18.526123
-16.989424
18.70175
22.202095
19.798931
16.626842
13.951054
12.771707
11.405464
-16.310831
9.869769
-14.458071
-13.30767
-12.56698
5.786919
4.459892
20.980242
-0.0018931597
-8.10672
-7.0399413
7.2432675
3.0771844
-2.0431201
-0.7404493
0.41168585
-15.295414
-9.34861
-11.411962
-5.77888
-3.3622634
15.756787
-10.3526
8.452773
1.6877676
-4.6174626
