360.5333
230.38615
195.27396
157.33913
83.34226
60.8157
46.89176
52.370907
25.551867
21.613228
15.711313
14.421325
13.644117
11.367555
11.04458
9.307909
9.079916
8.136108
7.318187
6.302635
5.171235
-3.6736326
4.929376
4.7128797
4.646338
4.3519163
4.2413306
4.0572104
3.8575358
-3.4414384
-3.3661115
3.7368994
3.6300225
3.4862068
3.4119318
-3.2565176
-3.1492288
3.2569077
3.1051803
3.1485667
-3.044445
2.9799244
2.93108
-2.9687712
-2.9127474
2.839598
2.7742627
-2.844043
-2.820051
2.6768153
2.3161762
2.4356759
2.5926578
-2.7553253
-2.7273195
-2.6332924
-2.5796118
2.2458856
-2.5104978
-2.477599
1.9825611
1.8627905
1.7452686
-2.3753908
-2.2855449
-2.196958
-2.138044
2.0923083
1.6097368
1.376812
1.2330222
1.1137539
-2.0077705
-1.927088
0.9835167
-1.4946188
-1.6123189
-1.37758
0.7128519
-1.2703531
0.5825962
-0.9280384
-0.3085646
-0.18243018
-0.06413125
4.8045986e-05
-1.8303369
-0.80801725
-1.0554888
-0.6898981
-0.43693793
1.5024388
-1.7237432
0.45191583
0.31907263
0.07010175
0.19122973
-1.160717
-0.5604238
0.83941036
