121.343185
69.213486
46.22912
34.754864
36.819607
23.02805
21.004374
18.589893
16.991014
15.947231
12.46498
11.198313
9.058506
8.054751
6.872557
6.2685623
5.6585464
5.432723
5.2084193
4.579823
4.685209
4.081342
3.9560614
3.4510643
3.2128932
3.0758903
2.8895316
2.524973
2.3292396
2.1817744
2.1080873
2.014549
1.8663567
1.7577922
1.6549199
1.564628
1.5281073
1.3819005
1.357125
1.3160312
-0.89964247
-0.85425514
-0.8155376
1.2137698
1.147132
1.0845579
1.0684886
1.0042169
1.0134478
-0.7890994
-0.7831702
-0.7583563
0.9356517
0.97373784
-0.74378264
-0.7127203
0.8658497
0.85098594
-0.70152014
-0.69389665
-0.6451223
0.7675874
0.72673917
-0.6265766
-0.6018322
-0.67632264
0.5527565
0.6000806
0.6830744
-0.57052517
0.5129596
-0.49468702
-0.5141429
0.37057385
0.31905538
0.42732388
-0.31517583
-0.35208508
-0.45130265
-0.38412952
-0.27368984
0.65545005
0.2762631
0.14020705
0.09413699
-0.11104976
-0.06969197
-0.5461959
-0.15266775
-0.02820532
0.46392024
-0.2318172
0.05076535
-0.00017336968
0.1841109
-0.41935948
0.22912514
-0.1947077
0.011232158
0.8189698
