284.41998
185.06155
153.12299
51.277573
44.06875
36.473305
32.06107
23.77949
20.899916
19.328949
16.898321
15.300791
12.757835
10.782492
9.855682
8.030587
7.6444063
7.211018
6.529237
5.6269684
4.8473463
4.6754403
4.305676
4.0937905
4.017336
3.7084348
3.3718166
-2.9107184
-2.7875752
-2.6047578
3.0107303
2.9245
2.825159
2.619755
2.592555
-2.4590044
2.4957175
2.454976
2.4195127
2.3702126
-2.2901697
-2.3253057
-2.2275746
-2.198751
-2.1456945
-2.1716363
2.2530816
2.1886113
2.1494904
-2.0906067
2.1062376
-2.007933
-1.9871535
-1.94649
2.012456
1.9381831
1.8899266
1.7952595
1.5366089
1.6002064
-1.8900175
1.4072889
-1.7699593
1.3260974
-1.851506
-1.7185334
-1.625968
-1.5615193
1.6984335
1.1261108
1.0202409
0.927485
-1.4885073
-1.4088572
0.62276196
0.5214544
0.4180332
-1.2764064
-1.1926857
-0.0003661629
-1.0994649
0.31861284
-1.0159544
-0.07384722
0.025887635
-0.16937739
-0.2686971
0.8283239
-0.74653995
-0.55638963
-0.6516863
0.119474664
-0.46071544
-0.828959
1.2157607
-1.3349317
0.21872105
-0.9338249
0.7307543
-0.36670935
