2125.8003
1080.8599
984.1604
913.6145
824.68616
551.8707
459.7978
328.51382
313.95337
273.44858
253.69249
242.6988
215.32362
203.03387
190.30695
183.56702
177.33084
164.82013
145.68736
140.12349
132.43977
133.9857
121.551025
113.746925
105.81526
95.57027
88.309944
83.52739
79.51836
77.98291
72.6886
72.59121
-50.61398
65.57603
62.716995
-47.19135
57.11722
57.907417
55.15023
-46.525448
-45.314774
-43.672913
-42.6815
-42.383255
54.26386
52.34555
48.79317
50.784233
-39.65861
-39.10723
-38.35353
-37.72658
46.519447
45.48836
43.37864
41.665768
40.295517
-37.08353
-35.724644
38.31363
-34.97694
35.946938
34.554745
-33.07529
-32.46333
-27.259615
-29.578957
-28.180239
26.17439
24.475159
28.703165
-25.539307
19.82205
17.657318
-23.800793
32.329403
15.497174
31.11303
-18.52925
13.340362
-20.18152
-16.795435
-5.295231
-7.3818197
-9.3398695
2.592857
-3.2202966
-0.005645566
-15.013239
-11.214218
9.030547
6.9430275
0.6748357
4.746366
-22.163769
11.276758
-1.2343637
-31.530098
-13.011024
21.894205
