346.10733
247.54207
112.83232
81.9168
51.19048
44.9924
39.467304
34.272526
24.187712
20.855412
18.696554
17.06498
15.783466
12.065101
11.215448
10.378681
9.334787
8.632269
7.778699
7.119699
6.207695
6.0551586
5.2081876
5.032123
4.673809
4.387845
4.0872917
-3.5163026
-3.4223213
-3.3615587
-3.1194975
-3.0818105
3.9712162
3.7281144
3.6001425
3.5358074
-2.9649165
-2.8998659
-2.811289
3.4505293
3.3464077
3.2541487
-2.7849736
3.1730669
-2.6969938
-2.7209833
2.956823
3.040931
2.889828
2.8077054
-2.5691693
-2.5435972
2.7143295
-2.3704712
-2.4211423
-2.5270355
2.6573133
-2.2772243
2.5417144
-2.0407271
-1.9449251
-2.13465
2.4047022
2.2989619
-1.853138
-1.445972
-1.5465738
-1.6697797
2.1741726
-2.1983502
-1.3030287
-0.967438
-0.84524554
1.9466221
1.8247887
1.6989796
2.0846658
-1.076364
1.5844095
-0.72357166
-1.7675148
-0.22336282
-0.098328836
-0.000660423
1.3314748
0.40809295
-0.35234684
0.027071869
1.4426144
-0.6042391
0.67288816
0.8040741
0.27746978
0.5409932
1.1886405
1.0677025
-1.2010196
0.93682843
0.14587724
-0.48214108
