107.035324
76.29576
62.56493
40.312813
33.027462
28.1474
24.475302
23.429663
18.119059
13.643297
12.011068
10.55465
9.462586
8.778927
8.444736
6.9901705
6.422944
5.8860164
5.263167
5.169763
4.224998
3.817455
3.3495336
3.067557
2.8473864
2.7416785
2.60538
2.376294
2.1713963
2.0513773
1.9423991
1.855764
1.7207929
1.6319664
1.5888851
1.551826
-1.1023065
1.4064838
1.3540627
1.2730263
-1.0015979
-0.9951473
-0.97756135
1.2117026
1.1597984
1.1033052
-0.9357881
-0.9098228
-0.8995002
1.0938207
1.0758581
-0.8790903
1.0458103
-0.8581285
1.0233512
-0.8368799
-0.8057205
-0.8215323
0.9295467
0.98571783
0.90452427
-0.76672184
-0.74623436
0.7984925
0.7683333
0.7102323
-0.7218624
0.8495915
0.65807563
-0.6233672
-0.64776754
-0.69848263
-0.5834434
0.56170464
0.5080896
0.61783
0.4660247
-0.46891224
-0.5105754
-0.55855924
0.30976167
0.25770333
-0.4252665
-0.21491766
-0.25841764
0.36151525
-0.16991429
-0.00014021675
-0.3918334
-0.30322772
0.05956519
0.015593842
0.20994389
0.11148445
-0.028464288
-0.12375184
-0.075003035
0.410692
-0.3460074
0.16102946
