2803.658
375.34573
226.99109
194.64935
141.02696
105.039635
100.518074
64.21832
58.218292
49.143375
40.84472
36.720818
-30.755198
31.521301
28.089909
24.764034
23.48862
21.53813
19.776463
-19.94333
-17.045546
17.718512
16.872225
17.259735
14.998128
14.499415
14.207321
13.926855
-13.690889
-12.710411
-12.595782
13.2865305
13.105159
13.13299
12.781513
12.481127
-12.143671
-12.019242
11.876301
11.429621
11.258812
-11.374195
-11.3985615
11.015434
-11.117624
-11.200696
-10.912528
10.693987
10.446557
10.121887
9.374803
8.928698
-10.543312
-10.455574
8.456541
3.849365
3.3629873
2.874288
-10.115606
6.7415495
1.8591535
1.361104
4.3777213
4.837512
0.00043377528
7.119263
0.8520429
6.279028
0.32806286
-9.839965
-0.1561926
-0.65651095
7.737262
-9.668172
-2.1440141
-1.6552863
-2.6244576
-6.171818
-5.802443
-5.3216486
-4.8920493
-3.1093695
-9.300708
-7.4250107
-7.7046337
-3.54517
-7.033688
-8.064517
5.8128376
-8.69725
-9.065948
-4.457619
-8.432705
9.799243
-1.1626908
-6.667263
-4.078517
5.335797
2.354493
8.083604
