575.4044
398.5653
331.3649
287.85703
275.5332
233.9092
176.83551
151.79677
130.95135
110.22481
89.3365
87.9725
82.214935
75.47083
71.58281
66.50484
62.904644
61.338253
57.85987
55.667133
54.534504
52.873688
49.993443
45.615574
43.27719
41.668995
41.15444
39.94007
37.945877
34.878765
33.78301
-26.458138
32.750698
32.144894
31.06991
30.159187
-24.724718
-23.982952
-23.16054
-22.898129
28.499456
28.002832
27.11966
27.528286
25.755121
-21.471458
-21.246216
24.864586
20.546091
21.63551
22.52357
23.873877
23.479301
-20.76089
19.178123
-19.779106
-19.635792
15.276901
16.15663
17.32715
13.911936
-19.141687
-18.678272
11.587195
10.484582
-18.319769
-18.000757
9.365408
-12.448387
-13.375681
-14.0255785
8.258847
-17.618359
-15.037216
-11.65113
-9.005503
-8.231621
-7.231521
6.037428
-16.513947
-6.28392
4.956169
-3.419287
-2.3897672
-16.089972
-4.39009
-1.2360024
-0.2877027
0.0040192106
-10.013295
3.929953
2.884437
1.7505918
-15.463118
0.62073886
12.730626
7.0887527
-10.855406
-5.341278
18.330439
