844.32385
589.18164
495.06427
429.7786
417.76593
382.96283
324.13593
235.01248
210.5154
107.076866
103.20394
91.55638
87.66181
72.33525
67.51794
60.0683
-49.417603
56.58721
53.90038
50.25323
48.694996
48.253864
46.75865
45.486485
44.022354
41.651333
-29.12458
40.418602
40.56929
37.99367
36.820187
35.847908
-27.406214
35.444668
34.295116
33.271454
-25.798054
32.493664
31.729935
31.313787
-24.433357
-24.051336
-23.042479
30.420912
29.570251
27.582567
27.111269
-22.238737
-21.740433
-20.729572
28.887535
21.47233
25.568346
22.907906
23.794455
24.725477
-20.111504
20.307964
-19.76682
17.013052
15.714574
14.354345
18.456692
19.458279
-19.323793
-18.814075
-18.35401
13.142683
10.805641
9.740907
-17.969995
-15.201437
-14.416623
-16.506979
-17.14924
-13.624574
8.508545
7.288005
-12.568388
-9.92682
-10.91175
3.851623
2.680676
-9.037024
-7.9938774
-4.0046434
-2.9354227
1.4224377
4.9799547
-6.0594034
-5.0086737
-0.0019095992
-11.637368
-1.7482013
0.34875727
-7.053923
-0.6223803
-16.0428
6.1589565
12.126027
