666.1604
179.61043
119.20733
93.408035
83.77575
69.917725
61.081245
54.345867
48.96811
46.42231
40.447933
39.37726
37.885677
36.28287
-32.22487
34.47218
33.244053
-30.154074
-28.541655
32.05036
31.24591
30.510277
29.808243
29.297735
-26.96986
-27.7198
28.46919
27.718838
27.811705
-25.276196
26.693525
25.80278
25.049488
-24.718563
-24.095318
-23.626564
24.224468
23.704906
-23.27195
-22.553019
23.34061
23.020603
19.362686
22.265358
-22.091696
-21.775476
19.936535
18.387924
17.558239
-21.457144
-21.36726
16.539267
15.041636
14.189433
-20.545418
-20.860882
8.504666
6.7168846
7.7052293
5.6867805
3.825417
2.838541
0.0116922455
-0.040484425
0.8944619
1.8594189
13.166473
-19.648209
9.529538
-0.94963294
-2.824854
-3.7867332
-19.046906
21.528751
-4.6917
-5.6297464
-9.72396
-10.814875
-11.630717
-16.814657
-17.556654
-18.43229
-16.120125
-6.454203
-12.5411215
-9.006207
12.228794
-7.33077
-14.623159
-13.202581
10.415664
11.497525
-15.254395
20.819572
-8.24445
-18.2261
-14.000408
4.749722
-1.9028318
16.09505
