661.9728
526.4212
448.95178
382.55066
324.657
352.43555
262.9392
161.7295
149.00656
122.16847
113.58263
101.376526
95.64716
92.361115
86.72009
79.09522
73.787186
70.622116
68.93094
65.65085
59.656822
58.10022
54.897316
53.936226
51.296375
48.855015
46.01308
44.060944
41.060005
37.169704
34.85105
31.744062
-22.672125
29.714838
28.746023
-18.26817
-17.613865
26.266212
25.494411
24.75465
23.370214
21.977234
21.539827
-16.663242
-16.328053
-15.987849
-15.666333
-14.974881
-14.811392
20.001337
19.278566
18.794409
18.376759
-14.39404
-14.207523
-13.948462
-13.37158
-12.841027
17.433147
16.661871
14.373788
-12.431194
16.965567
15.246675
13.471987
10.4798
11.171467
12.704803
-11.908701
9.313012
-10.933668
-10.321373
15.743858
-9.865609
-7.7872562
7.6021976
6.7121434
5.8408494
-6.353472
-7.002217
3.2269518
2.3564892
-3.2555668
-2.5032883
4.932944
1.4924334
-4.0673923
-5.603892
-1.6876752
-0.86591494
0.64955753
0.0077734794
-11.530482
12.010836
-8.44784
-0.119967
8.469593
4.0584674
-4.8428297
-9.12213
