151.75482
91.4668
69.0467
42.82866
35.30438
27.577122
25.09286
21.066536
15.967961
14.598101
12.774014
10.365512
10.172584
9.212246
7.471272
6.3786306
5.4235516
4.864737
4.66895
3.8578794
3.4751215
3.4389298
3.2049563
2.947237
2.8406134
-2.2292538
2.6124182
2.4505198
-2.1071084
-1.8590374
2.4106214
2.247833
2.1833365
2.0587747
1.9873021
-1.7580978
-1.6844184
1.9793102
1.9196793
1.8981134
1.8370694
-1.6543711
1.75944
1.6946088
-1.6057622
-1.5491332
-1.5148659
-1.4643092
1.6692613
1.5871693
1.541812
-1.4306656
1.4754729
-1.3762119
-1.3943974
-1.3201015
1.3645109
1.3233428
1.2402452
1.1168053
1.0484257
0.9814149
-1.2822964
-1.2543194
-1.2089567
-1.1486554
1.1722912
0.75714236
0.82290304
0.67471045
0.45740438
0.606412
0.38226375
-1.0151436
-1.0748705
0.30669072
-0.9570627
-0.7764063
-0.72877145
-0.0002894944
-0.40308386
-0.46838453
-0.33486652
0.0848572
-0.053552825
-0.124578945
0.016768739
-0.66021276
-0.8496643
0.8894854
0.23479639
-1.1047575
-0.9071256
-0.59872323
-0.2642232
1.4181633
0.53069466
-0.5390675
-0.1958762
0.15874103
