1876.1245
1515.6888
1030.1343
966.8064
795.664
652.55786
620.7541
536.98145
388.80627
304.2918
261.14786
236.12526
225.98036
214.09674
185.46054
165.70018
161.17809
151.50677
139.30069
129.62494
118.495125
112.13748
102.056984
99.57208
92.961395
90.18945
76.64895
70.87267
-49.131317
61.88478
59.7177
54.096203
50.74762
48.878323
45.95022
42.981342
40.664143
-27.501062
-26.730711
-25.319662
40.115166
37.41531
35.48328
35.623226
33.270615
32.207718
31.696194
-23.98983
-23.611893
29.651487
29.240425
-22.848726
-21.813866
28.31006
26.995394
-21.447483
-21.088158
25.835104
-20.440063
24.819141
-17.993235
-18.492449
-19.146929
-19.939638
23.357994
20.45829
21.687746
19.038996
-17.458708
-16.28423
-15.449696
22.606853
17.567217
14.897787
13.5488825
-14.585875
-12.714058
-11.546634
-10.582423
-9.475356
12.12822
-6.0653577
-7.182551
-4.784566
-0.013816394
-13.890192
6.667994
1.3124439
0.1379489
16.246555
-3.5962563
-1.0443827
5.325218
2.625627
9.391247
8.044109
-8.396737
10.753926
3.9854863
-2.304533
