234.20834
178.71657
126.23541
91.070175
82.76159
74.52867
51.442898
43.167206
39.679558
35.55111
25.552994
24.447441
17.868158
15.895888
15.967376
12.532196
11.147708
10.839797
9.131325
8.138869
7.132491
6.6817656
6.576425
5.9300866
5.356706
5.2962766
5.0157127
4.6403327
4.7746587
4.3019276
4.0850267
3.830083
3.8031242
-2.6628904
-2.6118448
-2.5321782
3.4619272
3.3162024
-2.3667402
3.2137618
3.0555618
3.1020546
-2.3049653
-2.2540417
-2.2186732
-2.156532
2.9267323
-2.1229887
-2.0771513
2.8109078
-2.063036
2.7482378
2.596733
-1.989557
-1.952072
-1.8269911
-1.7871181
2.268069
2.3095005
2.6543791
2.485731
2.0858111
-1.7315538
-1.5664948
-1.6570673
2.5252705
1.9918156
1.691254
1.7697861
-1.506105
1.542336
1.3094862
-1.4204422
1.1816136
-1.0553011
-1.167426
1.9210387
-0.9654848
-1.3433069
-0.86532223
1.0673704
0.94884145
0.83159226
0.47404528
1.4506391
0.35593054
-0.32992345
-0.44490996
-0.5493298
-0.21304947
0.23452413
-0.75547045
0.5890438
-1.2633048
-0.09782055
0.11472368
-0.0016824683
0.009559412
0.7127277
-0.65556973
