2146.505
1494.9956
1073.2238
955.9045
690.7647
593.6476
505.91638
413.70743
375.466
315.23907
309.60205
278.50735
283.68927
232.44669
215.87077
195.13837
183.6669
169.14847
162.30951
-118.985344
141.4061
137.58955
120.99096
111.43894
101.56584
93.38064
82.98657
-62.904842
77.303925
71.257904
65.64941
66.26689
62.082916
-56.964806
-55.566124
-54.37561
-52.867577
57.223595
56.722614
54.60377
-50.154224
-49.176575
53.25377
52.05844
50.23447
-47.672882
48.62999
-46.324112
47.373756
44.517193
46.06771
-44.223583
-45.01018
-43.668686
43.346256
-42.839176
-41.850597
38.057102
39.973763
41.038185
35.346607
-39.356483
-38.692253
29.511833
27.53685
-35.937458
-37.65557
-32.804447
31.482584
18.447443
20.772259
-31.768402
16.32207
11.763713
9.45884
22.997515
-30.099016
33.407887
-24.519053
-26.265137
7.155269
-22.412853
4.9583564
-0.007217938
-20.578592
-1.4557103
-14.450136
-3.6700156
0.5728677
-34.992725
-16.628681
-5.891975
-12.268415
25.14825
-28.015926
-10.080071
-8.063612
2.6826043
14.08889
-18.546497
