619.3859
507.3282
407.98166
363.7392
335.22256
285.4611
192.69586
187.91222
104.14127
96.46111
88.77781
77.41085
71.338135
65.79406
65.30531
60.06492
-42.047047
-42.490116
56.794884
53.240322
49.767216
48.531628
47.000103
46.18151
45.457718
-37.949768
-35.888794
-34.74226
42.930134
42.15436
41.766815
40.148308
39.693806
-33.72628
-32.582336
-32.113895
-30.940592
38.102097
37.567192
34.587784
35.17268
35.840393
-29.97384
32.97021
32.10383
-29.191418
31.432243
-28.484129
-28.235308
29.437021
30.314066
28.172468
-26.851568
-26.33454
26.777895
25.473911
-23.54453
-25.462875
23.220942
21.843233
-24.801073
-22.740948
-22.141571
20.516375
-20.86353
16.650185
15.3313055
-19.05565
-17.964561
-13.72532
-12.393828
-11.21732
13.93766
-0.009377689
-7.5691786
-8.733591
-6.3314056
-0.8965134
0.2425859
1.43689
3.1675665
-5.0686088
-25.144567
18.046116
-14.874607
-2.4016562
-15.889328
7.1307783
9.837498
8.436721
-20.070848
5.80515
12.557003
11.240172
24.578495
19.225687
-10.016026
-16.78484
-3.798615
4.4965777
