1699.7715
1191.954
970.5706
799.32513
586.67224
494.77255
423.73032
401.70306
336.12155
287.7793
249.5659
209.46196
187.83185
167.84328
160.07608
148.21165
145.3829
129.59529
115.40239
108.91749
105.19482
98.312454
90.51837
83.664696
84.42496
79.885605
72.54772
71.710785
68.56568
-53.929607
-52.94761
66.29921
-50.083603
61.61688
58.986607
58.63522
57.413277
56.162407
-49.15361
-46.6371
-45.830265
53.145847
52.0518
50.43511
-43.645298
-43.04755
-41.691425
-42.246544
49.481525
-39.831905
46.539284
45.543
41.576824
39.619877
37.633595
-38.511806
-35.36801
-36.72284
42.8219
35.862972
-37.03035
-33.30364
32.102295
28.761822
-28.662592
-32.46828
26.831825
-26.782042
-29.897684
-37.45951
33.241623
-25.032915
20.638657
18.266949
22.439468
16.180346
-23.397303
-18.16217
7.7098002
9.816192
-31.445667
-16.398825
5.4943886
-19.857306
-8.78545
-6.6899505
14.134082
-4.570934
-14.400767
3.3271039
-10.71866
24.94227
-2.552979
1.3250177
0.0070348354
-21.468443
-0.6707465
11.947394
-12.615585
48.47973
