4058.9236
2355.2214
1998.4235
1598.3138
1452.2441
1204.1339
1087.5695
842.53644
750.2165
684.79065
596.7883
448.6979
389.75403
366.83737
333.89313
293.61252
257.62384
-195.86241
239.1473
216.74565
208.98541
183.16335
172.1598
-117.005135
-110.93002
147.57129
145.85274
143.88412
137.20181
133.07579
129.36581
-103.55716
-101.43877
-99.43763
125.760544
125.472534
120.99668
118.59478
-96.34541
116.912346
114.86053
-95.48268
-92.41017
-91.79116
111.168335
108.05223
104.16537
-90.93851
-86.84411
-89.84291
101.370705
-84.94476
-82.930565
-80.60037
98.16475
-77.946266
91.125725
88.211624
71.7011
83.87963
67.61553
76.28387
-70.06139
-72.62118
-66.93347
62.956062
58.62508
40.387665
45.215847
-63.9392
-60.07595
36.12291
-49.878998
-46.085022
13.498825
8.766319
4.204565
-42.43216
-22.023006
-17.792149
-13.264796
18.16662
95.00728
0.13199744
31.891298
-38.073097
-0.18598083
-26.188793
-8.644227
-56.825085
50.479008
22.664183
-34.253124
80.808205
-53.140842
-30.073322
27.221567
-4.308995
-75.11281
54.962105
