446.0641
302.05682
267.19507
192.69461
169.53949
145.71043
117.0973
107.88825
93.61984
83.88524
72.83099
66.69566
64.27987
53.361664
52.7656
49.922455
46.093582
45.425514
37.67226
34.66718
33.412483
31.560707
29.192356
28.619238
27.528059
-17.688393
26.0623
24.298395
23.088404
-16.729946
-16.418724
-15.949051
21.315914
20.948704
20.750343
-15.04023
18.811234
18.023535
-14.728929
-14.022749
-13.722753
17.118086
16.695913
-13.54205
-13.452474
-12.944114
16.352623
-12.600098
15.801233
-12.426036
15.419326
-12.025911
14.993355
14.625393
-11.574417
-11.32377
14.142004
-10.952823
13.691893
11.9053335
12.6609335
-10.472321
-6.6469946
-6.184545
-5.5174394
-4.9065933
11.259455
-7.275986
-3.0916126
-3.6976004
10.568907
-2.4526567
-8.354725
-9.30594
-1.8251415
9.988735
-8.823993
0.68958145
-0.0049813935
0.09208671
13.331532
1.4107397
6.0583496
5.4250894
4.767278
8.769996
-1.1907064
4.078911
2.710599
8.041226
2.079099
7.590131
3.405973
-0.48373938
-9.647874
-10.0613575
9.484477
-4.324483
6.8742294
-7.8442802
