686.4127
476.25085
448.3338
367.6394
316.0017
280.52145
208.73315
198.07512
161.84122
123.333015
112.89182
106.867905
89.90472
83.72551
80.15432
74.30532
70.75193
68.16106
66.69486
65.119194
61.056408
57.73458
56.319828
54.82856
52.172848
50.825005
49.530643
47.244934
-34.7426
-32.70858
-32.209568
46.357502
45.467876
44.10143
42.732624
-31.211529
-30.834082
42.484543
-29.99619
40.286396
39.70733
39.020847
-29.504583
-29.07251
-28.369558
33.566696
36.70863
36.23533
-27.43724
-27.521446
34.90964
32.696968
31.485424
-26.684147
-26.240736
29.554277
28.314207
25.817942
25.00845
-22.744818
-23.421253
-24.655655
22.736439
-25.114574
-22.012829
21.303036
-20.940327
-20.155174
-19.098536
-18.559555
-16.875948
15.367427
17.0977
19.642525
13.9232235
-3.3903737
-1.8318578
-11.113771
-9.826799
-4.7612066
0.0023320292
-12.32741
-0.47116965
6.604762
5.2127666
-13.6097555
12.422338
3.7940018
-6.0634003
7.9726925
-15.9249525
-8.538841
18.494112
9.597158
0.6950991
2.2965946
-14.769241
-7.3396454
27.188152
10.970148
