355.7184
193.01729
141.6778
112.26263
67.45245
61.459305
36.592125
31.509293
27.416746
20.744946
18.644743
17.01646
16.917702
13.563682
12.851323
12.362828
10.5647
9.8610525
7.5820165
7.5986423
6.693556
-5.540775
-5.3612356
-5.030177
6.0412655
5.8732796
5.8536286
5.6295004
-4.6485195
-4.452542
-4.4188356
5.070171
5.0047655
4.8452783
4.7869763
4.6756086
-4.213733
-4.1364884
4.3780046
-4.0206943
-3.9798338
4.2959294
4.207738
-3.8431127
-3.7564893
4.0697856
4.021924
-3.6576715
-3.6363158
3.8669093
-3.5334003
-3.4691956
3.7905097
3.6699076
-3.4016447
-3.2272153
3.1453283
3.2956555
-2.8998168
3.4241064
2.1639497
2.3030374
2.9786644
-2.813357
1.9754603
1.453916
1.6308788
-3.1529615
-2.6618907
2.4838
1.2642385
1.0962949
2.7748075
-2.5250106
0.92267054
0.57106674
0.3941976
0.22015883
-0.0004295987
0.05497552
-2.369938
-0.96556807
-0.8051573
-0.63745856
-0.1250029
-1.1505945
-2.0772965
-1.9343991
-1.795146
-1.6302754
-0.4647191
-3.0966766
-0.29289898
-2.2040708
-1.4713483
0.7447299
-1.3002428
3.5138624
2.637852
1.8012744
