1923.0122
1342.9033
1142.1763
790.2618
674.4591
598.3474
411.93994
367.61932
298.08508
275.2965
243.43556
232.83969
225.12582
190.9863
184.22214
189.19206
169.94019
158.32812
141.5981
138.59425
121.49428
110.34109
101.70019
102.316055
90.88636
-61.07154
-59.891487
79.83482
-56.60784
-55.97545
-54.75352
75.634384
74.67162
70.51797
68.74663
67.66668
65.105865
-52.72262
-49.43531
-50.887943
60.766422
-47.784184
-45.834026
-47.053658
-46.672752
59.817215
57.80295
57.130627
55.85655
-43.84643
53.5945
-42.834328
-41.94341
-40.0693
51.628548
45.104237
42.673897
40.48395
-39.15964
48.327023
51.1368
38.608482
37.00797
-37.76717
-31.499582
-33.120632
-34.392773
31.694855
47.55696
30.121105
-36.649567
-29.450378
-27.78
27.754005
20.564678
22.882463
34.99731
18.187067
15.804986
-24.026186
-21.975418
-25.90248
-17.859589
6.3684235
8.787322
-11.517275
13.488734
3.979437
-9.283312
-7.0263844
-15.722523
-19.767033
25.167377
1.750896
-4.677324
0.021269387
-0.4116984
-2.456441
11.139739
-13.575083
