951.2916
762.6274
603.4394
496.73218
432.64374
304.28406
229.53612
213.1329
199.7005
169.00172
149.26553
143.06036
138.48201
113.939156
108.58162
104.2767
99.281136
95.38388
85.759
82.01932
77.86383
70.1442
65.4342
63.98412
60.955353
54.011425
51.703953
-39.18404
49.28733
47.638615
-36.60703
-36.104076
-35.066456
43.019726
41.754257
41.18125
38.035885
38.672356
36.73101
-32.813225
-32.48317
-31.27865
-30.142807
-29.623032
-29.253096
35.32055
33.791798
32.817223
32.61772
-28.197037
31.283129
-27.616049
-27.108356
29.342505
28.65627
-25.60655
-25.21362
27.673351
25.604662
23.860994
22.33568
-24.056635
-22.904488
-21.96257
-17.80006
-18.765585
-16.733349
-14.489265
-13.197431
-11.98727
-10.710356
17.026714
-5.470259
-4.0858507
15.652146
9.95016
-6.8538065
2.755414
1.3192787
11.315682
4.242396
0.068219244
-0.04449677
8.54252
-2.6563475
-20.003286
-9.376897
-23.77813
18.711185
12.979436
5.665782
-20.876642
14.476931
7.0927305
-8.122719
26.74746
-15.560471
21.105387
19.974104
-1.2581351
