1013.49084
871.7185
552.1026
523.31525
410.39066
306.90607
244.55716
229.07378
196.46329
169.15251
162.21938
132.6161
117.54817
107.0922
98.931564
94.9151
80.47648
-50.06649
78.07742
67.395836
60.38951
59.0558
50.99333
48.848026
45.94709
37.047638
35.862663
31.106503
30.443127
28.367544
-25.134739
-22.955517
-22.189848
26.39042
26.14411
25.123413
-20.9654
-20.678474
-19.870472
24.29472
23.239923
-19.228262
-18.660622
22.920002
22.117405
-17.449415
-17.623856
21.663055
21.097113
-16.362253
-16.523481
20.448545
19.920927
-15.693286
-15.573083
-14.145535
-14.423689
19.461027
18.735188
18.036257
17.610006
16.664608
-13.592974
14.052902
-13.039155
-12.421991
-11.464295
13.397456
6.83478
7.8345156
12.266638
11.59023
5.981008
-7.993266
-7.2020907
4.097331
3.1641698
8.731687
15.131914
-8.790108
-6.3743434
2.2517428
-3.0112803
-2.1272123
1.345263
-3.8598535
-10.780357
-1.2373337
0.00043221368
9.586315
10.438162
-10.261937
-5.569158
0.48049286
-0.3951072
-4.714675
-15.165777
15.381714
-9.476759
5.0235887
