734.94604
345.08542
146.42213
122.95094
106.73985
96.791046
67.362564
64.731514
44.77849
43.258965
36.64938
30.954248
29.601482
26.261436
22.5231
21.654598
16.922081
15.08643
13.225225
11.722422
10.33622
9.614779
9.081408
7.6142354
6.0770774
-4.869812
-4.7614064
-4.4200597
-4.324483
5.538554
5.43659
5.3736334
5.060973
4.9296436
-4.1726713
-4.028638
-3.9493139
4.657723
4.423589
4.345343
-3.8153672
-3.744904
-3.6175303
-3.3788671
4.27729
4.1753273
3.8510368
-3.3128183
-3.283568
-3.208873
-3.1364293
3.7435095
3.580134
3.6432893
-2.9976556
-2.9489458
3.4476113
3.3382292
3.2847207
-2.8221896
-2.4981775
-2.6234157
-2.7301068
3.110815
-2.271944
-2.3703706
2.9972875
-2.1192122
2.8295777
2.7001348
-1.693476
-1.52477
-1.3782914
-1.0733001
2.5901818
2.0985246
1.9289217
-1.8133025
-0.9089506
-0.7481795
-0.58362013
1.2478245
1.0843762
0.913959
-0.00012566237
-1.9907817
1.7500999
0.07543501
0.23429869
0.40569457
-0.08966785
2.228126
-0.41659844
0.7540965
2.4068522
1.4270176
1.6063266
0.5793712
-0.24791998
-1.2313961
