820.4632
683.62787
537.02893
431.73315
314.26642
300.63083
258.03705
235.51987
190.46828
177.85237
145.91739
142.40642
128.52809
123.9343
98.988815
86.07835
81.27386
75.48997
65.54464
59.664494
-45.055336
52.995605
52.566593
49.342
47.188824
44.55686
40.459152
39.63696
37.996647
34.967552
32.2138
31.896425
-23.803003
28.171082
26.54729
26.311094
25.21034
24.438004
23.549147
-22.273771
-21.875
-21.460913
-20.400002
-19.935493
21.904816
21.06085
20.656475
19.887707
19.12572
-18.89439
-18.675411
-18.360508
18.531181
17.735085
-17.856695
-17.575941
16.616695
15.910167
-16.919567
14.982283
18.15745
-16.381996
-15.937691
13.364286
12.477254
14.282714
11.512968
9.742
8.525802
-15.526507
-15.12624
-13.84229
-13.118811
-12.484796
-11.064038
7.5885115
-10.504674
-14.271092
-5.458365
-6.2492847
-0.8640198
4.7862554
-8.795586
3.7826447
-1.8275659
-4.564282
-0.02879253
0.031296503
-9.56736
-7.1002116
2.8145359
0.87343204
-2.7691844
-11.955326
6.675964
1.8651956
5.7122703
10.547778
-8.032658
-3.647966
