687.4673
546.6676
509.12476
390.85934
339.90027
297.00162
251.32925
231.93227
171.574
121.452385
116.5786
102.14924
93.38215
86.67566
83.300156
78.07321
72.222694
71.08864
66.800354
64.31151
59.169838
55.70211
54.35759
-30.911282
49.752155
44.345257
42.799812
40.786938
39.01525
35.906693
33.877926
32.871548
31.322922
28.456278
27.372011
26.488829
25.27796
24.456524
23.483599
-18.7673
-17.327
-16.796589
22.939701
22.076836
21.0981
20.458372
-15.909967
-15.537502
19.829706
18.865108
18.098574
17.406908
-14.879447
-14.57349
-14.234125
-13.948703
-13.621168
15.667142
16.37705
14.226006
13.724111
16.207758
13.075188
12.570427
-13.197045
-12.690743
-10.162421
-10.777881
-9.584926
11.255084
-12.00955
-11.7728405
-11.139158
-12.925728
-7.5836277
-8.254348
10.38975
-6.9207163
9.262048
8.556856
-6.261277
-4.7340336
-3.965853
-3.1966784
0.018523708
-0.039838932
7.6420913
4.137729
5.0702395
-0.7510636
-2.4003866
3.298517
1.5896463
0.7187801
5.875219
-1.5944216
-8.964609
6.799527
-5.466174
2.4355319
