547.65753
458.78308
372.09552
315.47794
272.584
251.0439
178.05414
118.8378
101.16118
92.20697
79.15882
72.24598
64.41332
60.46533
54.45702
52.747143
52.13251
51.047153
49.070953
44.376453
41.13472
40.241642
37.066914
36.57274
34.14783
32.650135
-18.997328
30.642962
29.659952
29.0779
28.252783
27.301529
27.9277
-17.569643
-17.305424
-16.72956
25.618374
25.034637
24.347374
-15.802322
-15.727948
-15.18456
-14.950012
-14.683655
23.678831
23.265322
22.964256
22.02565
21.642561
20.72496
20.518433
-14.149331
-12.360158
-12.20337
-12.991187
-13.396646
-11.263432
-10.508518
-9.938474
-9.36481
-8.6820135
18.660368
17.628775
-7.805599
18.535095
-13.691989
-5.8655205
-5.238843
16.943037
-6.627898
-0.027350921
0.040514987
16.39277
-4.489146
-1.5748311
-2.3537536
-0.6622229
0.70000917
2.4606562
14.474251
3.278087
13.610937
9.220649
4.915949
-3.8076015
8.361598
4.0637665
5.7887692
10.183246
12.639317
11.99345
7.3679047
15.240864
-10.956207
-13.637173
11.098435
-7.265738
-3.0835712
6.5853453
1.6419722
