568.1434
489.307
365.97305
319.47293
289.13925
229.15039
205.13377
189.24449
141.03004
130.63878
124.081856
102.87084
87.03375
81.676476
78.36765
75.45473
68.78142
68.06273
59.991566
56.792583
52.495728
50.982914
44.76732
43.83016
40.942997
40.39131
38.05728
37.952953
35.53429
36.073204
-23.536156
32.927544
31.401987
30.83493
30.562387
29.185623
-22.62699
-22.526928
-21.842838
28.425694
26.595488
24.93769
-20.626715
-20.181534
24.300938
-19.799992
-19.45534
-19.593674
-18.927721
23.376562
21.735256
22.89521
-18.035799
20.347202
-17.390228
22.684914
18.018282
19.727945
18.9893
17.269619
14.413482
15.348849
-16.783373
-16.488274
13.093714
12.2463255
16.435692
-15.796569
10.170003
-14.997501
9.216201
8.044105
-13.202157
-12.398666
-11.604869
-13.938529
7.005976
3.9181166
2.9063618
-10.973667
-9.109544
-8.310661
-7.476428
4.903233
-2.9208128
1.8643458
-6.54089
-1.9284283
-3.8465512
-4.780037
-0.9182798
-14.22797
0.830527
-0.07196499
-9.995991
0.023290183
-5.67933
-16.230999
11.19251
5.91959
