2309.0403
1070.5643
915.37134
781.66174
720.12775
573.2077
506.94537
416.4167
329.65076
294.33948
208.53639
172.63545
144.95988
140.8734
128.29314
123.911385
105.6351
102.576965
-82.172806
-79.024605
96.101845
94.06489
91.57643
87.4027
86.104
84.88114
-74.983345
-70.71324
-71.40193
80.58559
78.417076
77.913704
76.531555
-68.381805
-66.848755
-65.796906
75.105675
73.25895
71.141594
70.10196
68.615425
-63.817616
65.343185
-62.870136
64.11474
-61.98107
61.684097
-60.35122
-60.68664
-58.695724
57.47859
60.230793
-57.629448
55.576645
53.279877
-56.68873
21.246595
23.878187
-53.866714
12.767981
18.501667
26.97552
29.736195
-45.660645
9.952778
-32.84577
32.394817
-43.626503
-30.485119
-34.890984
6.9771123
-41.869884
-27.89938
-52.892353
4.106407
-25.377874
-40.007484
37.786682
-17.717892
-15.101436
-12.333782
1.3480513
0.00030731497
-9.801024
43.49684
40.604202
-51.34096
-22.96215
-1.2722353
-48.00298
45.76996
-6.9067264
50.96719
-49.690956
-3.9828668
-20.326675
48.77686
15.505169
-37.37372
35.218544
