325.08594
249.88565
196.17387
141.28874
74.928894
71.22184
62.259205
47.256126
41.212128
36.043816
34.82435
24.718365
23.682781
20.885647
21.008068
17.442814
18.293955
16.576061
15.508456
14.297318
12.251364
11.278818
11.062516
10.691366
10.001832
9.21884
8.103605
8.005255
7.5163774
6.854152
-5.3753705
6.366824
6.2287583
5.81428
5.4927816
5.4254313
-5.2554426
-5.102615
-4.897163
-4.8420596
-4.7233095
5.2486963
5.118731
-4.588647
-4.540811
4.7470517
4.966728
-4.443811
-4.367084
3.9887261
4.164704
4.561341
4.83771
-4.235012
3.8351355
3.5967214
2.9885597
-4.109215
-4.034966
-3.8841429
4.9037905
1.8977941
2.5628107
2.8586867
3.2320595
1.6843444
-3.7631063
2.1579456
-3.706237
1.4437441
0.7902139
0.5705055
-2.9543774
-3.153624
-3.2424793
-2.1022546
-2.2616658
-1.8933699
-2.7989397
0.34418356
0.14041209
-3.587621
-1.7007947
0.0006063922
-0.89713264
-0.6966414
-1.0956752
-1.2989528
-0.47750846
-0.07325245
1.222627
-2.4518309
3.3695173
-3.3715472
-2.633033
1.0064796
-0.26704842
-1.5153967
4.3388796
2.3260038
