1230.581
1033.503
863.8568
814.18274
720.1764
481.06036
439.4616
411.73804
274.0503
243.36783
219.02148
199.37349
193.74751
177.70143
167.64505
154.93999
147.08598
139.18039
130.52249
125.88878
123.64258
122.61642
114.11331
110.73263
101.69947
97.555405
89.56919
84.171326
79.97808
-64.56969
74.40986
71.88012
58.225018
63.493298
63.168373
-44.00234
55.624355
54.079296
51.202576
49.101036
46.144783
46.66266
-41.984295
-40.260033
40.849525
42.878937
42.359573
-39.233788
-38.467903
38.4452
37.203003
-37.29785
35.30388
34.071278
-36.626106
-36.197273
32.36479
30.952871
-34.765827
-33.330505
27.578985
25.290215
29.425104
-32.90081
-32.458515
23.331158
21.575466
-30.551548
-30.204624
17.944254
15.764715
-29.187515
-20.134201
-21.689762
-28.3348
10.078186
8.116843
6.1291904
-18.232044
-24.282633
-26.869154
-25.961697
-0.006709918
-1.1917105
0.4855594
-12.100864
-3.076436
-10.202881
4.2198567
-8.536089
-4.980358
13.875654
-16.827187
19.932623
-23.124716
-13.747667
2.2399817
11.911636
-6.803907
-15.359516
