1110.7683
900.1091
729.76324
641.88165
487.8888
421.41946
330.88324
305.86664
222.06763
75.99477
68.22897
60.624252
56.824467
54.260464
50.448116
50.086643
44.821873
43.4784
-24.923216
39.906544
38.688488
37.5521
36.40391
35.553944
34.84517
32.427258
-18.778084
32.261093
30.354939
28.955946
27.505987
27.070503
27.316032
-15.221471
-14.612064
-14.24201
26.261158
25.927494
25.416697
24.904839
-13.2882595
-13.028715
24.256046
23.101198
22.775661
21.79251
20.527603
16.204155
15.3833685
-12.574539
16.755043
19.708815
24.112509
14.4661
-12.345287
11.979954
12.796022
19.142006
18.421104
11.279981
-12.032467
-11.752431
10.194792
-11.38514
6.9237614
7.7865906
6.1142325
5.3393984
-11.100425
-7.0761566
-7.5936537
-8.684126
-8.1291485
-6.5102386
-10.507831
1.9679561
2.7893636
1.1811769
-10.057903
-4.540492
-3.1722684
-3.9044278
0.0009392742
0.42771962
-0.26248547
4.417583
-2.4749913
-5.2120423
-9.657623
9.424934
-10.86579
-0.97601104
-1.7027302
21.483568
17.802126
8.597668
-9.167271
-5.820026
3.6394055
13.823653
