841.06476
788.3586
585.7644
520.76715
437.21198
377.41223
248.78758
225.24695
208.23277
183.03387
174.10425
164.51881
141.25684
136.18013
123.30175
117.13416
108.101746
107.23988
96.342094
92.145226
84.7272
78.50859
75.770836
70.34448
64.50145
67.021645
66.249695
60.956947
54.832592
52.396908
52.926777
46.27642
42.96623
36.51178
-23.948895
34.650543
33.016365
31.565163
28.759302
29.23459
-23.178917
-21.095263
-20.59548
27.66064
26.55357
-20.362753
-19.380974
-19.034588
25.31793
-18.207418
-18.942797
-17.492304
24.651344
22.780714
23.982038
22.328274
-17.033173
-16.536676
21.211567
-16.133741
-15.701123
-14.908591
18.94054
17.758593
12.59245
13.8020935
14.924231
15.96257
-14.391401
20.094027
10.269286
17.053202
-13.669261
9.298316
19.735966
8.118156
4.841358
-12.414283
-11.245366
3.814545
7.0567026
-10.6868
-2.3434844
2.7196364
-3.334565
-1.2830614
-6.223061
-7.173076
0.0028366987
1.639
-0.34186798
-12.916701
-5.2822046
-8.124604
-9.848349
-8.910386
5.9611025
-4.321182
0.61004984
11.38998
