888.2378
806.9065
742.2651
561.3626
514.63544
364.55438
307.31497
277.66187
231.80461
147.32341
129.55676
123.16399
111.3102
101.75196
96.6544
92.398964
-51.117565
85.06726
83.78589
78.975845
77.47567
73.52932
71.8659
70.135994
65.872986
65.17071
62.108246
57.919453
60.686226
54.476555
52.49133
51.09927
49.236053
47.043327
45.994686
45.354454
43.278084
41.215256
40.318302
38.35369
38.93528
-22.827015
-21.90068
36.14805
35.18527
34.566143
-20.747595
-19.815628
32.870605
31.186552
30.476954
29.686543
27.642984
-19.23581
-18.746658
-18.53232
28.878382
25.902506
-17.901342
-17.565075
24.694376
22.3764
-17.240406
19.254677
20.372957
-16.766415
23.348827
18.116903
-15.570455
-16.167402
13.78529
14.9343815
-15.061263
-14.277389
12.216957
-11.824309
-12.448942
-10.829605
8.355575
7.0851784
0.001718409
-7.042745
-8.100328
-9.895511
-6.0430145
-0.38359642
-4.8778076
0.7074911
-1.501238
9.605352
-13.365703
-3.8328493
16.179457
5.720017
1.9063748
-2.6725795
4.4216323
3.1515088
-9.074748
10.900586
