781.62225
214.58516
167.50525
142.73918
95.33189
74.849525
45.308155
38.76914
31.357222
26.546583
22.07389
20.110224
18.81768
16.972906
13.260445
12.393376
11.0699625
10.322959
9.047252
-7.5798345
8.615526
-6.9819937
-6.6800857
7.8781595
7.7282686
7.5084934
7.4311643
-6.2918234
-6.0514235
6.773705
6.429947
6.1472263
5.810696
-5.6485333
-5.9717326
-5.919703
-5.4437184
5.8995953
5.631072
5.701469
-5.296602
5.4427676
5.3716607
5.169704
5.0462747
-4.9248037
-4.807025
-4.8691683
4.779432
-4.702108
-4.60301
4.6709113
4.3121886
4.1613812
3.9875097
3.8421416
-4.421296
-4.317398
-4.0632644
-4.207265
-3.9263031
3.5399745
-3.753222
4.610674
3.4080732
-3.4833379
3.218787
-3.3219068
-3.1769197
2.9822235
-3.655383
-2.9795187
2.58773
2.3543022
2.1388247
2.8390744
1.9220324
-2.3730028
-2.1996615
-2.5815926
-2.8065698
-1.5913851
-1.3895811
1.25065
1.0300257
0.8062458
0.00022040289
-0.09160668
-0.30331448
1.6824027
-1.8064636
0.5757477
-1.1783981
0.13133377
-0.52504754
1.4749706
-0.74886227
-2.0042686
-0.96586853
0.35009196
