240.03531
188.88918
156.1659
81.9126
33.596733
22.796959
19.939009
15.764101
14.109337
13.027374
12.0578985
11.545139
9.389475
9.045858
9.096926
8.1795435
7.052252
6.4729075
6.0566807
5.7497435
5.5632925
-5.442353
-5.3800764
5.1418505
5.208577
4.9534
4.8676667
-4.955627
-4.773858
-4.6975064
4.6216245
4.589616
4.462812
-4.542087
-4.484499
4.3416247
4.24326
-4.3106556
-4.2858057
-4.182718
4.087734
4.133546
3.9751918
3.7048736
3.6687188
-3.8634
-4.055578
-3.949647
-4.0007186
3.5564935
-3.7694473
-3.683201
3.4189653
3.330184
3.121505
-3.5812693
-3.510575
3.045547
2.4170249
2.5461688
-3.4027603
-3.299722
2.2256813
2.7100587
-3.1855779
1.7203033
1.8726971
1.5327886
1.3710221
-2.3966045
-2.2373955
-2.0971715
-1.9693078
-1.1538771
-0.99785066
-1.3223888
-0.49569517
-0.6670741
2.8397884
-0.3272882
1.2075044
-1.6329248
-0.1576458
-1.4783571
-0.0029023252
-2.5478933
0.6899843
0.5144666
0.011867251
-2.896883
0.8607235
0.34230173
-3.0474608
-2.7780356
1.0274291
0.17180732
2.0509942
-0.8273093
-1.8094277
-2.6982918
