862.016
574.23566
447.51105
398.94165
334.1558
250.62123
234.17493
206.4136
160.47108
115.30706
104.00012
101.244514
86.5978
77.59537
70.89862
67.957016
63.842926
61.9299
56.34889
55.74514
53.33141
52.376762
47.99364
45.420013
44.283222
-22.753174
41.793297
39.94438
39.34579
37.99335
37.27183
36.105606
35.001568
-16.7818
32.13327
31.21058
30.340042
28.528244
28.206371
27.770645
-16.282772
-15.868983
26.80355
24.696629
25.179508
23.931833
23.416164
-14.418823
-14.319445
-14.171803
-13.631624
22.820389
-13.273713
-12.813701
21.228039
20.315775
-12.555023
-12.1675205
19.568457
-11.656571
22.035622
17.699356
17.222782
16.262632
18.855865
-11.339095
14.019126
-10.792932
15.151307
13.297377
12.300879
-9.845282
-10.294494
11.433665
-8.70972
-7.8576117
-5.335288
-6.0094237
10.167603
9.3356495
-9.193578
-4.530325
-0.003124183
-1.4070938
-0.5556295
0.18682589
8.481341
4.5912127
-3.7734544
3.6759825
2.7676787
7.392008
-7.3637185
-2.2202194
0.9805671
5.5496807
1.9002796
6.446688
-6.77646
-3.0710385
