1054.3948
839.9245
580.38885
522.6132
475.1018
420.46164
343.67157
255.26828
205.48935
201.60721
162.3664
149.84651
144.39934
117.930984
107.82518
101.33746
95.45405
75.99259
66.41568
64.83435
54.41995
49.53104
47.352856
44.31914
41.435406
-30.26869
37.283836
36.65349
-29.256365
-27.621687
-26.879704
34.626118
33.17547
31.526918
31.240793
30.691689
30.258308
-26.107235
-26.184334
-25.372116
28.349869
28.747469
-24.380087
27.401514
-23.68561
-23.367527
-23.173075
26.280447
-22.523037
24.051596
23.670782
25.604605
-22.240452
22.01876
25.76726
-20.305708
-20.889683
21.56962
-19.572203
-16.677925
-17.748932
19.664873
-15.819451
16.488783
19.065603
15.451222
14.414186
-21.575441
-18.343534
-14.7078285
-13.064935
-12.140682
-11.176918
-10.155861
13.218304
-7.008365
-4.8890634
0.00086122594
8.541113
-3.8131888
1.6645013
0.59866965
-18.888681
7.4532585
-5.9608965
-0.5022652
2.8330836
6.3483305
4.0132294
9.850099
12.09522
20.73801
-9.153356
-2.6720126
10.87837
-1.5387505
-8.108999
-14.026358
5.1695137
17.981533
