1073.789
937.81525
646.8045
682.1789
454.9779
411.0011
343.476
259.73166
237.22185
220.50267
190.80823
157.81918
140.64024
132.58344
127.72999
115.906685
110.849144
108.018425
98.23352
89.35452
82.72393
80.66989
76.9383
75.537674
70.11602
68.198166
58.93879
55.65069
48.78892
45.561283
42.919693
40.09787
37.63463
-26.661304
35.768806
35.01383
-25.21686
32.902103
31.77806
-24.917248
-23.909342
-23.216555
-22.798998
30.793516
29.190647
28.335232
27.371456
26.863577
25.907278
-21.547625
-20.565203
24.839373
24.166952
-19.973433
-19.806915
23.063673
21.97623
-18.99221
-18.549744
-17.991562
20.571186
19.400831
16.109913
-17.381466
-16.898088
-16.373335
14.79201
9.973528
11.319923
13.473787
18.490463
8.83457
-15.38715
7.639101
4.156843
-13.456701
-8.724864
-7.74792
-12.494481
-9.767509
2.9789174
5.3496194
-2.4326904
-3.552241
-4.618927
-6.6272216
-1.3256189
1.8068268
0.7102153
-0.32134467
-14.212612
-10.645704
0.0040786667
-14.72394
-11.645926
12.664949
6.479849
-5.640148
21.319632
17.252262
