3447.4019
1438.6438
1235.1758
1168.7358
1049.5741
923.6994
714.8399
640.96185
609.8996
495.19336
374.09836
244.25795
198.13605
177.21342
163.04298
145.39444
-102.49826
138.1725
130.10382
127.83244
125.483
119.76903
115.014915
111.938934
106.87869
-84.76462
-80.98129
-78.38917
104.91313
100.08546
94.21942
93.25777
90.74638
87.60772
-75.98158
-74.54791
-72.834274
-71.99314
86.63164
-70.4921
-68.72555
84.37462
80.99955
78.99461
-67.572174
-67.08953
77.58265
74.61039
-65.653786
68.15392
70.21423
-61.478497
-62.58324
63.888012
-59.683327
50.206352
52.720726
-57.227615
46.456116
23.481709
26.93774
30.230274
33.085674
36.491013
10.1872425
13.460443
61.165607
-49.070736
-51.158115
6.6973987
3.3907626
0.31635097
-0.03510436
-45.91616
43.467884
-12.4977255
-9.395897
-33.367317
-30.317684
-15.652275
-36.059963
-5.9818397
-27.844698
-53.02393
-18.576088
56.09215
16.774483
-21.687984
-43.474922
-39.078358
-54.912476
-24.701715
-41.534172
83.25999
71.95914
58.834602
-64.07827
40.258728
19.9604
-2.7629786
