957.0869
695.16095
574.11194
481.74493
444.57593
359.75046
279.32828
265.02997
222.11673
177.76604
151.53983
140.64961
118.214165
112.85902
89.86764
85.79177
78.21209
74.26021
70.55364
62.311172
60.29777
57.135384
52.0648
49.19648
48.454784
-31.765984
-30.21074
-27.48936
41.268364
39.701286
37.95519
37.577168
35.60706
33.987038
-26.541239
-25.916798
-24.676014
31.346004
30.197613
29.623215
29.022987
27.88658
-23.846148
-23.125277
26.55694
25.928532
-22.672321
-22.351282
-21.666254
-21.053701
25.131502
23.817698
23.337898
24.73248
22.427935
-20.64877
-20.070107
-18.901266
-18.481806
-17.871931
-16.941317
21.102905
20.208294
19.522524
15.20942
16.238356
18.256285
13.860243
12.550545
-15.572031
-14.775316
-13.837575
-16.19488
8.230803
10.588771
9.32194
-12.162728
-11.097591
-10.190699
-9.2116165
17.369032
7.0663166
3.6986341
-8.158521
-4.008136
-6.047977
-5.054209
1.3902556
-0.0029612232
6.0069485
2.5185387
0.3537578
-2.8944294
-0.7131612
-1.794314
11.709821
-12.900937
4.788535
-7.1730556
-19.504826
