446.32742
87.77779
73.59065
66.47172
44.02426
35.003666
27.39552
17.629646
13.749331
13.358214
13.171558
10.470367
9.942677
8.579753
7.5699534
-5.895093
-5.604619
6.6419034
6.3675303
6.0488677
5.9719963
5.7460213
5.5965166
5.531416
5.1049476
-5.3338423
-5.1714644
5.002611
4.883708
4.825796
-5.10007
4.5384216
4.4326982
-4.6525993
4.359343
4.225652
4.1417704
-4.558626
-4.4608493
4.039718
-4.371442
3.9221966
-4.2812815
3.8317842
-4.145784
3.6496365
3.3037353
3.4411733
3.595413
3.1366832
-3.9534602
-3.8322036
-3.843136
-3.7261348
2.99418
2.714354
2.554428
-3.6276755
2.4083097
-3.487194
-3.3583696
1.904629
1.7319247
1.5572381
-0.35091206
-0.18125157
0.0022394382
-0.010122993
1.3713679
-3.2583191
-0.520296
0.33885843
-3.058248
2.212216
0.5117824
-0.68730825
0.85950625
1.0248562
-2.9230797
-1.3535174
-1.1841264
0.6901663
-2.8278172
-1.5076734
-2.4119034
-2.2822847
-2.1356905
-1.021706
-3.582466
-2.6934462
-1.6863788
-1.9633702
-2.5581803
-1.8274502
2.0687857
1.2041498
-3.192005
2.8537023
-0.8583849
0.16929145
