301.53952
72.35514
58.637928
49.879112
36.34969
24.63879
21.753307
15.946869
14.418402
12.600465
10.294423
8.274401
7.632645
6.5724716
5.787663
5.3151584
5.1973295
5.087904
4.5902815
4.0089197
3.8631308
-2.9119093
-2.7980454
3.660399
3.5146346
3.3773825
3.1671855
3.0511627
2.8949642
-2.587397
-2.5510201
-2.4788146
2.907057
2.779308
2.6441984
2.6597106
-2.3032908
-2.2662413
2.435395
2.5341043
2.5496209
-2.1943395
-2.1575933
-2.0686193
-2.1263132
2.3358634
2.2855818
2.2002373
2.1502783
-1.9663383
-1.9314955
2.0466309
1.966315
-1.9071063
-1.8580225
1.8960251
1.6744679
1.7640569
1.5756947
-1.8213723
-1.7552491
1.2802285
1.3939087
-1.7284287
-1.6667731
1.1936867
-1.5696644
1.0993378
0.88858914
0.7973723
0.69862145
-1.3797519
1.8360395
-1.310586
-1.4445199
0.6014995
-1.2299415
-1.0642277
-0.98372287
0.21275501
0.31085852
-0.4507326
-0.3577526
0.11510061
-0.26484418
-0.54516584
-0.8955802
-0.80617166
0.022134531
-0.00031084515
-1.4929271
0.40793347
-0.07585955
0.50404376
-0.7229753
-0.631193
-1.1428878
1.4714379
0.9901359
-0.17097697
