1198.1659
878.5313
855.0094
712.60626
654.766
523.5011
409.79672
326.55615
314.98538
170.56412
135.38284
115.54966
104.97441
95.20041
92.71941
87.155174
77.67507
73.865944
70.838745
-45.913883
67.47291
66.377
-43.716316
62.62658
60.21991
61.88597
61.231365
56.652225
-42.27955
52.279934
54.702473
54.146008
53.397083
-39.917576
50.359344
-38.99871
49.41344
48.758755
-37.984783
-35.89596
46.08577
-34.733166
-32.74447
44.64628
43.81439
42.91902
41.733837
40.517002
-31.284407
-30.51189
36.23195
37.943188
34.32783
-30.119282
-29.539831
-29.05318
-28.154709
29.67993
28.459461
26.59485
32.954098
-27.242102
21.46817
17.780539
16.12495
14.361075
7.405885
9.093295
24.580637
-25.44422
5.6882915
-20.185766
-4.225213
-2.4871588
-5.80704
-0.84020317
-0.0038609677
-18.748198
-13.320562
-21.325153
3.9936306
-14.846369
-11.886484
10.738285
-22.468204
0.55049914
-8.86253
-24.504227
-17.40051
-10.311927
19.519722
-26.369772
-23.5527
-16.167055
31.48152
38.823822
12.491125
2.147653
-7.3509607
23.117512
