957.7585
841.13574
764.1949
612.31476
455.6052
431.7818
384.12607
303.45044
288.23062
215.48055
204.08644
183.44429
163.13243
154.82619
151.08363
137.86697
131.37292
119.767426
117.506065
107.58246
105.89324
99.73482
89.30877
81.52092
77.5413
71.57537
62.98663
-44.967163
52.904705
49.739933
51.10196
-34.388187
46.43343
42.50878
41.428905
37.8928
38.83
35.430943
35.13526
-31.897356
-30.899534
-29.909355
-28.570686
-28.316298
-26.962591
32.68283
31.068058
30.455618
-25.517483
-25.270357
-24.338734
-24.0372
29.817343
28.68856
26.85979
27.922306
-23.695148
25.94217
-22.814503
24.82035
23.010128
-21.399895
21.285872
23.818027
-20.461918
-17.061504
-18.264511
-18.995363
17.555593
16.226643
-16.138603
14.806059
10.721715
9.441597
-14.898771
-12.633689
-11.494489
-10.396867
2.4386063
-5.4002433
8.03862
-6.6753707
1.0702823
3.849532
0.012894106
-2.74437
-4.0460963
-0.18166713
5.2227907
20.269537
-13.735151
-9.140302
-19.684795
12.267833
19.190159
-7.970025
13.444304
6.606567
-1.3950027
-21.92854
