198.76208
184.5328
126.88215
83.09967
49.97894
31.548393
26.283993
21.7808
21.141888
17.405169
17.095732
15.474591
14.490346
10.808001
9.636427
8.89944
8.036823
7.6673546
6.574627
-5.487934
-5.4319096
5.983521
5.7566795
5.694977
5.4995027
5.367961
5.0856233
5.017382
-4.848586
-4.80711
-4.6753173
-4.5954194
-4.591254
4.823906
4.647688
-4.3754888
-4.277335
4.561815
4.50158
4.457143
-4.2387376
-4.1257277
4.2890115
4.2531786
4.127297
3.931229
-4.026069
-3.9618356
3.7630088
-3.7858117
-3.6916938
3.6731696
-3.5569677
3.5455759
-3.5238495
3.3940494
-3.9078617
3.2756088
-3.1096365
-3.3117673
2.968247
2.8131332
2.6636803
2.4772851
-3.0506256
-2.9020076
1.9816163
1.7972736
-3.3715763
-2.7623096
2.123129
1.6164931
-2.4843986
-2.3177168
0.53222597
0.7136418
1.0724084
0.89746505
-2.1953893
1.4350915
0.3531594
-2.0326028
-1.5247899
-1.37606
-0.16565865
-0.33893123
-0.0034800516
-1.1962788
0.0109710805
-0.5157425
-1.034943
2.3418841
-1.7180712
-0.6923671
3.1249015
0.17877838
-2.6059415
1.2539114
-1.8274372
-0.86511207
