850.40814
318.65784
167.2295
132.63141
110.567184
99.94096
93.196846
58.972652
49.977463
47.345425
35.8299
31.96928
25.625818
22.94993
18.883394
15.590174
14.69763
13.876318
12.497241
11.974608
11.035861
10.255733
9.401943
8.630532
-7.2427464
-7.0687447
-6.4074306
7.5740047
7.4636016
7.2493887
7.055921
6.686554
-6.0180016
-6.185023
-6.151754
6.29942
6.168009
-5.7522917
-5.483344
5.850628
5.786834
5.6392255
-5.366852
-5.2441564
5.2505603
5.182143
5.0800147
-4.947528
-4.910154
4.8599424
4.775913
4.5674105
4.4575005
4.2216215
-4.5833006
-4.4152064
-4.285519
-4.2474165
-4.7193704
-4.7471433
4.0794964
-3.50713
-4.0096145
3.630798
3.9386392
-3.401004
-3.718177
2.8322234
-3.2261727
2.9893794
2.5610826
-3.9160688
-2.6326075
1.6575176
1.8740261
-1.3704107
-1.146752
-2.4480422
1.4219384
-0.9236394
-1.5938654
2.3521957
1.1918938
0.9485615
-0.005296107
0.011240038
0.2230354
-2.8284538
-0.21323065
-0.68756014
0.46815756
-1.8098512
-2.2274232
3.4626205
-2.9967096
-2.0378742
2.1001606
-0.44746333
0.7114321
3.2346816
