1196.1415
916.2041
883.96405
838.6053
586.2552
502.95517
471.61777
341.49008
288.98587
232.25664
223.60725
192.91283
156.83487
143.17532
130.98338
118.76944
116.276794
112.63005
105.77588
104.38863
89.092735
84.46571
69.71511
66.16898
61.832676
58.89484
56.802807
-46.533253
52.618702
54.081272
55.00924
48.547638
46.236088
46.074474
-38.157745
-36.24988
43.762337
42.699486
41.54613
38.55646
-34.48638
-32.84926
36.922386
36.192562
-31.080105
-30.872879
33.712017
33.111652
32.513973
-30.323994
-28.576183
30.713404
-27.867266
-26.115665
-25.80005
-26.791502
30.115023
29.097792
26.20017
27.79285
25.42405
-24.325811
22.100954
23.96328
20.886696
-23.69844
-23.379446
19.1422
16.326733
17.531363
14.781627
-20.98822
-19.611858
-18.513065
-17.667608
13.14383
-22.458006
-16.586695
-15.101187
-21.740192
10.0228815
6.945853
-13.911198
-12.876026
0.00464884
0.9813457
2.4374936
-0.42750967
-11.614016
8.490995
5.4690676
-7.5015445
-6.0493116
-1.7789162
-8.790751
-4.6595697
11.501186
3.957818
-3.2256432
-10.207215
