1158.6663
564.75287
448.87262
354.6676
293.83423
272.95273
225.30238
185.38263
167.63582
145.26483
131.1231
110.06557
88.7792
80.12125
77.22327
74.05287
61.72076
60.42348
57.855915
55.071053
53.824257
-47.971863
-44.3575
-43.32686
52.261055
51.039753
49.99346
48.425762
46.953297
-42.17929
-40.795628
46.132072
45.02504
44.295834
-39.541573
-38.757717
43.520615
42.428837
-37.27977
40.800793
41.728218
39.63127
-35.041153
-35.55819
-35.765003
38.2407
36.494335
33.60242
34.863235
-34.35512
32.004925
-33.03974
29.339645
27.546572
26.384747
-32.239258
-31.742834
14.986567
16.707207
18.405499
19.926182
22.864298
24.904423
-31.216917
13.308343
-30.01319
-29.15397
-28.531511
10.131603
8.562291
6.875941
5.254634
-2.758012
-4.4251595
-26.29182
-25.33619
-27.321283
-5.9817753
3.5516665
-23.683048
-22.518372
-7.5461917
1.9016639
-1.1670885
-0.0050500617
-12.012787
-13.303346
-20.333664
-9.033482
-15.008947
-16.337814
-17.742054
-21.518026
-19.052916
30.727125
11.857413
-10.534899
0.35533208
37.373425
21.900822
