300.33392
180.24374
144.35095
124.40302
72.847084
70.39226
35.952778
28.173733
22.211521
21.747072
16.497925
14.219115
11.986781
11.689511
9.232604
7.920003
5.6306305
5.0953426
4.835027
4.117284
4.0683136
3.9314353
3.5707517
3.417974
-3.257577
-3.1361196
-2.930369
-2.8383071
3.2331605
3.11573
3.014174
2.931228
2.7802896
-2.6145308
-2.6435797
2.6243553
2.7149677
-2.4104671
2.5458183
2.5137377
-2.425394
2.3903234
-2.297974
2.3580008
-2.2334883
2.2805152
-2.2609735
2.1996567
2.151198
-2.1774943
2.0275877
2.0865731
-2.0893333
1.935536
-2.07072
-1.9544846
1.828331
1.7834849
-1.9436493
-1.897317
1.5916113
1.5010884
-1.6673
-1.851635
-1.7992278
-1.7347265
1.4052229
-1.5807511
-1.2668319
-1.3433979
-1.5080038
-1.1736171
1.1015202
1.1887093
1.0021254
0.89903295
-1.0859478
1.6854624
0.80039257
0.38409412
-0.8940762
-0.8065544
-0.71491045
0.49016407
0.27999273
0.00046180986
1.2916709
-0.6191746
0.5907468
-0.21979915
-0.11946025
-0.02421813
-1.4362317
-0.3215237
0.07761043
-0.5188449
0.17978679
0.69452685
-0.4211294
-1.0038009
