698.1301
565.0333
530.50836
406.8678
352.84753
304.91806
243.06616
200.19775
195.22557
162.41579
145.42671
133.64787
130.90479
115.89888
112.11593
101.17494
92.61635
95.55852
80.7183
79.11319
77.08437
72.24157
71.83436
67.46245
63.75381
61.038857
55.8839
53.323944
50.330173
45.315315
44.896515
40.246517
-24.174747
33.11639
30.457619
-21.397566
27.940882
26.300812
-19.437544
-18.624037
-18.721851
24.765402
24.34734
23.862967
23.067781
21.876467
-17.783123
-18.270248
-18.170815
-17.180141
21.047905
-16.90935
20.205833
-16.222841
-16.0944
19.715368
19.205103
18.3359
-15.012455
-14.907555
12.114582
13.050884
13.944543
17.626259
16.4996
15.682531
-14.344922
-13.305651
-13.9906
11.17334
17.189854
-11.052319
-11.986809
-10.569588
-9.787466
9.952923
-6.5708265
-7.3604136
7.9558277
-12.547107
-5.7217636
-3.9889693
-8.14133
-3.1210966
6.10813
2.2559588
3.2333608
-2.2036743
1.3063383
4.181006
6.952687
-1.2899251
-3.1855307e-05
-0.43692666
0.4389715
8.884768
5.13426
15.114855
-8.832497
-4.8721833
