697.5001
534.5919
465.3768
401.6081
265.77002
247.66191
205.41687
175.96379
148.54936
141.8574
127.62057
120.84277
103.23727
92.20231
85.943985
76.7635
75.176
66.40904
65.10239
63.80965
60.531498
54.56137
50.753105
49.137085
43.58198
-25.158424
38.97088
35.485275
32.385647
29.98256
23.417257
22.303165
20.169384
-14.606822
-14.734695
18.015516
17.618088
17.036781
16.555016
-13.484101
-12.940202
-12.818741
15.246432
15.444747
-12.5340185
-11.917395
-11.661266
-11.594672
14.629131
14.274186
14.104436
13.666703
-11.173031
-11.005378
13.268004
-10.795546
-10.521483
12.634393
-10.104545
-9.010481
-8.521122
-8.10083
12.070751
-9.903866
-7.612206
-6.20112
-6.6491027
11.539805
11.18687
-9.566025
-5.573684
10.73875
-5.0332594
-4.473038
9.827706
7.869763
7.26013
6.605975
8.561509
-2.7310383
5.312644
4.703252
10.2477665
-3.333288
-2.147658
4.043362
-1.5228703
-0.0006214599
8.981438
3.4216957
0.2631435
0.842163
1.4814731
2.135417
-0.32801956
-0.90775496
-7.1365905
-3.9138234
5.963091
2.7746556
