925.5731
714.09973
585.6201
432.03198
339.87775
271.07355
214.80188
208.97987
177.14238
125.11394
119.340034
108.627846
93.05913
85.5399
73.655235
67.38404
62.99923
59.983154
57.65395
53.496796
52.539227
50.09086
-35.225487
43.1677
41.845406
-33.586685
39.361988
38.926167
38.02205
-32.34034
-30.920301
-29.33495
36.354935
34.974678
33.22178
32.218178
30.899284
30.817577
30.169601
-27.949745
-27.790977
-27.153955
-26.42707
-25.453627
29.30633
28.448158
28.046293
-24.549273
-24.351912
27.350746
22.130867
24.058773
23.496473
21.008572
18.83732
17.581007
16.688543
-23.365864
-22.991201
-22.69858
15.469658
12.952017
11.525922
10.444906
-21.96254
-15.455885
-16.357502
-17.90144
-18.463234
-14.654979
-20.697428
-11.66999
-12.839121
9.2019005
-10.625545
4.300062
-9.615128
5.491725
3.01726
1.8189844
-3.9301429
-5.109992
-2.7624803
0.6952303
0.0018748055
-20.00705
7.9229174
-8.490027
-6.3133574
-1.5743474
26.690298
25.883799
-21.20276
-7.337464
-0.49685508
-19.530518
6.7663765
-13.716679
20.168915
14.229725
