1417.0516
1067.5353
600.4265
561.744
426.81445
382.70486
371.8957
302.67633
274.8321
210.27824
181.46346
171.04655
153.67424
141.99948
137.39636
122.96444
100.69477
94.50272
93.32688
87.31562
80.31432
71.61146
64.869415
58.50717
55.579994
52.92591
51.62895
-42.039715
-41.97053
-39.700512
-38.69374
49.842236
47.601852
46.205574
-37.57507
-36.55645
-35.321796
42.673893
42.829914
40.961796
-34.815247
-33.71761
-32.456257
38.250618
39.68831
40.648113
-31.802317
-30.480377
-29.864538
36.74129
-29.166899
-26.65867
-25.476395
35.44856
33.892822
32.077034
31.053217
-24.394253
-27.242975
-28.027353
-23.217287
27.334845
28.675785
-22.00676
25.680729
-19.809992
24.391514
21.436193
19.809639
-18.68004
18.354752
-17.696354
15.176384
11.99575
13.763523
-14.892977
-13.460983
-12.278531
22.767637
10.44315
-10.761311
-6.5502806
-5.0809817
2.4795842
4.0877895
5.6788235
-3.5383701
0.9171646
0.0031003538
-7.993719
-1.9417825
8.857451
7.29442
-9.464211
-0.49205503
34.64778
-21.084322
-16.18399
29.749655
16.920536
