576.1667
417.0936
293.92764
247.03568
177.35747
145.91574
131.76653
101.96494
84.11533
65.32276
58.845108
54.57956
40.582977
37.316086
30.08357
25.116732
22.431997
18.363508
17.17907
15.857383
15.250203
14.076633
12.378851
11.137399
10.009759
9.406715
8.28158
7.98074
7.864622
-5.4495416
7.2373405
7.1925974
-5.1782236
6.726503
6.677551
6.194834
6.0585036
-4.848027
-4.819917
-4.57509
5.8207846
5.6170077
-4.4877496
-4.417351
-4.3393474
-4.256774
5.39872
5.2322454
5.085289
4.9981008
-3.957965
-4.1086926
-3.9066894
-3.7725751
4.7825794
-3.6778414
-3.5070055
4.558277
4.4532623
4.301974
-3.3982825
-3.2865584
3.762238
3.5219097
3.9758663
4.105294
-3.1620808
-3.0504978
-2.7024572
-2.8828087
3.1241462
2.9166641
2.7036977
3.4120991
-2.5297563
2.4121237
1.5758637
-2.0076609
-1.7883785
-1.014256
-0.79877275
-1.2105055
-2.1709754
1.7951316
1.3454666
-0.59101856
-2.3594303
0.45033407
0.67157286
0.23397611
-1.6224811
2.2475922
1.9931642
1.120107
-0.37661248
0.036798947
-0.0019466518
-0.169378
-1.4177794
0.9012184
