318.78967
138.6206
115.56735
73.5313
30.804201
31.952232
25.872663
22.59644
21.419577
16.875986
14.7787285
13.13148
9.518904
8.366124
8.027669
7.588642
7.1017437
6.2866716
5.699012
5.3621116
4.802916
-4.3872538
4.306415
-4.055568
-3.9670055
4.0490494
3.9457662
3.8396018
3.8558233
3.6795611
3.5694785
-3.7400136
3.4545333
3.3754458
3.3299594
-3.54844
-3.4020662
3.2378674
3.1387167
-3.333125
-3.2673776
3.088538
2.9962432
-3.14425
-3.0989113
2.8522038
2.8953748
-3.0680857
-3.0156057
2.4666853
2.6058192
2.6966107
-2.9381886
2.3709989
2.272475
2.1467314
1.7634838
1.913467
-2.8337905
1.6510705
1.5426984
-2.7978728
1.2559161
1.1347935
0.9917663
0.8621059
-2.7133558
0.7262549
-2.6709526
-2.5719285
-2.1404712
-2.0070112
0.32265592
-2.5036535
0.18991672
-0.7348914
-1.7125285
-1.4781233
-1.575473
-0.8576586
-1.2317716
-0.5985052
-2.242581
-0.00010238219
-1.355617
0.45469275
-1.9160436
0.059751358
-0.47267973
-0.9814145
-0.079959184
-0.20869917
-2.3345973
-2.3961883
-0.3417256
2.0350735
0.5908505
-1.1086295
-1.8490902
1.4014511
