905.917
399.36826
259.39084
155.72978
117.90685
115.06857
110.577995
82.041245
78.89811
59.98295
56.602757
46.28578
36.675987
34.78617
30.075356
27.903229
22.842596
18.076021
14.975769
13.713392
12.683056
12.094411
11.682152
10.741466
-7.5005846
-7.1994915
9.844999
9.580152
9.370231
8.62111
-6.6734233
-6.5775294
-6.4634013
-6.213115
8.127086
7.763982
7.4431934
7.288446
7.0403514
-5.925146
-5.8524556
-5.7763352
-5.575713
-5.494192
6.7113023
6.703049
6.220082
6.416031
-4.9529047
-5.117005
-5.2417464
-5.337174
5.9899216
5.6344004
-4.701111
5.4642205
-4.5947323
5.3402863
5.203178
-4.1491823
-4.4289274
-3.7976184
4.9750566
4.8235054
-3.6950214
-3.482466
-4.362364
4.258731
-3.2855296
4.5504355
4.1110487
-2.8296468
-2.6231172
-2.400134
3.844541
3.5729685
3.3785627
-2.154273
-1.1637068
-1.417833
0.13300197
6.767893e-05
-0.11973208
0.38556018
-0.90555984
-0.3678402
3.0375452
2.8168147
-1.664274
-3.0754864
0.6633868
1.9999318
1.7504838
1.4758652
2.53878
1.2102091
0.9295904
2.2769856
-0.63678485
-1.8979825
