2014.5256
1532.7242
1047.1696
964.85266
747.0777
635.7108
540.73193
487.24777
387.7537
372.51602
254.17635
233.79474
225.73119
212.62141
167.82494
160.32002
149.96617
143.61484
137.79108
135.3764
124.204834
116.87003
106.554504
95.158165
87.16691
80.84817
76.16629
64.36141
-44.387875
60.828274
58.678288
54.88571
52.91116
50.574516
47.996605
46.130455
43.09563
38.563164
36.60131
35.387646
32.55054
-23.700415
-22.655867
-21.96463
-20.883545
-20.528345
31.706123
30.503141
29.515379
-19.705948
-19.199558
-18.955069
27.375124
-18.56126
-17.761435
-17.215021
-16.940407
-16.30814
25.968716
25.57015
24.557543
23.601328
-15.500065
-14.197541
-13.425216
-14.879155
23.169989
-12.344415
-11.551721
21.044176
20.071152
-8.805265
-7.83039
22.125404
-9.755563
-6.7599707
18.69833
16.86734
-2.3368309
-3.4646888
15.656133
18.030228
-1.1950151
3.2731583
14.201227
-4.5727615
4.5289125
2.0829117
-0.15744756
0.009822255
9.453295
13.180211
10.643127
8.127659
5.708998
0.91324276
11.905196
6.9700227
-10.545002
-5.6389537
