518.2043
447.95914
335.60233
251.47595
237.71544
192.11348
141.99731
133.44777
116.86009
110.58153
100.094246
91.918755
82.12163
74.72549
73.265976
67.83557
67.426
62.457233
58.82166
57.16319
55.31299
53.438835
50.63249
48.77899
46.08854
45.11789
44.0332
42.990166
41.84196
40.617756
38.285973
37.53897
35.63587
35.13781
33.519764
-25.640326
-25.240658
-24.423481
-23.08134
-21.9868
29.869184
29.970804
27.46981
27.169506
26.451183
26.759995
23.944826
-21.258492
-21.147873
-20.77726
-20.017248
-20.278896
22.616243
24.423424
-19.384998
21.365364
-17.981707
-18.76712
20.736341
19.803179
-17.228931
19.0614
-16.528728
-19.02158
-15.998438
15.761325
14.807184
16.807388
-15.343342
17.99878
13.418571
11.140201
10.022576
8.924356
-13.962404
7.7920566
-12.979616
-11.604365
4.4374156
5.5628076
3.3446293
-7.8318233
-8.690359
-12.408608
-14.409858
2.2620337
-2.9691424
-3.986124
-6.8762503
-1.9243137
-9.66087
1.0561434
12.524351
-4.9503508
-0.013180346
-5.909898
-0.7788086
0.13896385
-10.328214
6.6101146
