242.94264
134.16452
87.97701
48.524693
39.128063
30.954441
25.693466
23.82529
17.862751
17.482435
14.458357
12.752378
10.49197
9.969827
8.617345
7.700885
7.4426594
6.68075
5.770061
5.0427475
4.776282
4.6500297
4.232572
-3.323094
-3.1587923
3.7706368
3.699961
3.57904
3.4945998
3.3678663
3.102357
-2.8927882
-2.8246207
3.0397003
2.885148
2.79212
-2.6670985
-2.6386313
2.7518837
2.6662025
2.589927
2.5142503
-2.4687665
-2.435583
2.417422
-2.3426557
2.3593373
2.2505465
2.176167
2.0736623
-2.2669637
-2.2139122
-2.1597226
-2.1510832
-2.0557978
1.9909096
1.859658
-1.9784245
-1.9202216
-1.9009804
1.676416
1.7534475
1.9114203
1.5398903
1.4571265
-1.790251
-1.69818
1.3743111
1.2403512
-1.6247058
-1.5331137
-1.461437
-1.2059847
-1.2751436
1.0435113
-1.7548488
-1.1089476
0.92878723
1.1400042
-1.0194674
-1.3974428
0.8205856
-0.8365031
-0.73781264
-0.6351485
-0.5393083
0.7178983
0.3955155
-0.12675293
0.00032785427
-0.02805463
0.5018388
0.287854
-0.33592898
-0.23120324
0.18088618
0.075825214
-0.92310005
0.60731846
-0.44047758
