3447.771
2683.1577
2004.6793
1789.6743
1662.4867
1376.2126
1159.1426
1031.8525
694.5859
557.30383
479.83
448.37933
370.82816
352.25748
314.39734
302.6505
282.64426
241.3438
232.22398
215.55067
182.9127
170.72404
156.33029
-112.76812
143.00992
142.17038
131.1195
127.03018
120.98586
119.28981
112.84909
109.38785
105.332634
102.09295
95.09255
88.78877
85.366776
-63.66642
-61.977287
-62.421406
83.663605
78.54699
77.17439
74.71149
-58.789955
-57.01508
72.108765
70.230095
66.16713
-53.7019
-52.931355
-51.756023
63.265533
64.99956
-50.107883
-49.776794
60.216686
-49.152405
56.47525
54.37513
-47.326084
-45.437294
-43.682205
51.927315
34.23237
37.928757
40.94883
44.357086
49.18961
-42.73198
28.355019
25.501976
47.055054
22.559984
19.236837
-36.6855
-38.562042
-40.41609
-32.46204
13.139203
-20.49662
-22.828726
-9.731066
10.142294
-29.897968
-17.793837
-6.951919
-12.468274
-25.406881
-4.173924
-34.32818
7.0311375
4.1072135
-1.4088073
-0.0008655978
-28.135496
1.2944688
-15.237081
16.15126
31.389988
