966.4724
841.88135
754.46277
676.5755
521.58093
447.4954
390.35547
303.82056
226.50926
103.38586
74.12454
69.77239
64.49925
62.39353
57.781532
54.533936
52.471558
51.50702
49.985207
47.840973
44.92985
-22.290642
42.613884
40.503273
39.833824
39.071716
38.22878
37.61997
36.48797
-16.680744
-16.16835
-15.046928
-14.653779
34.993763
33.68559
33.3361
32.317432
31.57415
-14.059111
-13.765288
-13.40301
31.224083
-13.179535
-13.088092
30.58824
30.200294
-12.438468
29.515917
28.886564
-11.759619
-11.277856
-10.86764
-10.409163
-9.95141
27.576344
26.676828
20.214344
21.654516
24.561295
-8.699234
-8.044962
-7.5378027
22.926537
23.961996
19.093517
18.40979
-6.80693
-6.184781
26.298302
17.348911
13.426686
12.388688
14.595915
-3.8781343
-3.0296972
15.455068
-2.2270753
-4.6171308
1.8925157
1.0035758
8.479441
9.634275
-1.4073019
2.827057
-0.0025398007
7.599659
0.20181389
3.750115
10.488027
6.562923
5.671869
4.7117476
-12.16633
-9.335021
25.440735
11.412136
16.415968
-5.3406353
-0.58900976
22.32299
