983.04724
356.7259
309.37668
217.8084
197.475
99.82252
86.12588
71.5757
63.367493
53.767044
49.28299
40.791916
36.75942
26.34295
24.394896
21.710371
19.74683
17.51001
16.260225
15.17674
14.629496
12.399557
11.137691
10.403474
-8.526286
-7.9920607
-7.615557
-7.2843657
-6.84549
9.406818
9.224112
8.6533985
8.454852
8.174975
7.8069706
7.6592016
-6.6222725
-6.585177
-6.442206
-6.1962132
-6.024196
7.1047063
6.975563
6.799997
6.604171
-5.6617928
-5.597692
-5.561054
6.571248
6.2679834
5.9972267
5.9027324
-5.124422
-5.3878183
-5.2873964
-4.6210957
-4.783817
-4.8766804
5.788156
5.58612
5.31384
5.162907
-4.4349976
4.841037
-4.171063
-3.9703574
-3.1361902
-3.831077
-3.4054823
-3.5732117
4.3567147
4.0785403
3.8652968
-2.925383
3.3088136
-2.1785417
-1.9040785
3.0407732
2.7443001
-1.6578592
-0.29934472
-0.57171047
0.0020715261
-0.045450002
2.4873505
-1.3866042
1.0686846
4.485237
1.6335676
1.3549004
0.7788712
0.2244357
-2.6870446
-0.85164076
3.592042
2.1883326
1.908086
-2.449304
-1.1195825
0.4974207
