109.74435
68.66661
48.087692
29.33081
18.662483
16.576305
13.303884
10.576837
10.128266
8.46202
7.778396
7.110891
6.2986636
5.4489737
5.203085
5.0975494
4.724915
4.0569887
3.7205205
2.9319592
2.8342366
2.7875352
2.5145783
2.3732524
2.2439835
1.9355042
1.792554
1.6926017
1.6460521
1.600314
1.546895
1.4578463
1.3453088
1.2316146
1.1733726
1.1148579
1.0657929
1.0409974
1.033479
-0.747235
-0.7222882
-0.69505596
-0.68873805
-0.6476799
0.94364184
0.96679276
0.8877093
-0.62601495
-0.6168799
0.8710268
-0.60646284
-0.5985781
0.82880694
0.8000077
0.80985993
0.75259614
-0.56391996
-0.55149394
0.70617527
-0.5428096
0.6963449
0.67961276
-0.51445496
-0.4897724
0.6348543
-0.41194057
-0.38545564
-0.5037268
0.58141506
-0.45012358
-0.3642686
0.5605818
0.5221514
-0.34352875
-0.47352234
0.48688024
-0.27972603
0.44873685
-0.24990463
-0.21856228
0.41453487
0.3023121
0.2631689
-0.15412828
-0.12012235
-0.088630036
-0.05428339
0.3396857
0.38269436
-0.021005057
-6.1354236e-05
0.22586542
0.15164863
0.116170645
0.07972881
0.011791843
0.044601977
0.19165051
-0.30561095
-0.18844189
