2230.0415
1801.0793
1486.376
1231.3071
1044.5115
780.1852
656.2972
468.23215
407.9908
361.5751
350.58044
329.96118
266.99667
249.12274
232.53
207.50464
201.58278
175.21469
181.51541
151.70824
153.40587
140.04947
127.672745
116.57847
104.584595
-78.304855
94.38074
90.346504
83.74854
85.131584
-69.73582
-66.9592
-66.16166
-63.787693
76.08591
74.95091
71.76153
69.07477
67.42135
-60.110916
65.511086
-58.450348
-58.836273
61.50142
59.54449
-55.960613
-54.825146
58.524292
56.53563
-53.170822
54.907864
53.185066
-51.47517
51.658318
46.585327
45.23989
-50.932854
-49.772858
-48.423073
-46.506607
-45.804214
42.47794
-43.75508
37.953064
50.221405
35.26205
33.24043
-40.61243
-38.84481
-36.42656
40.292686
27.718801
25.172281
22.442022
-34.157272
11.97433
14.559324
-27.884115
9.313631
0.000887727
-25.864851
19.820435
-16.524565
-13.867384
-3.6598601
-1.1481497
1.2591074
-6.35721
-30.26708
6.5935435
-23.69258
-11.410739
-18.767447
30.550446
-31.966763
3.8167498
-21.014088
17.34142
-8.937881
-42.419563
