1760.4094
821.0335
546.30457
526.5288
458.30942
374.66827
311.11462
258.98312
241.43951
208.29349
177.15848
135.96005
115.825836
101.23747
-75.613686
-70.81514
93.6574
91.98308
86.97926
84.562996
80.8703
79.39019
76.07534
74.22125
-66.8929
71.83619
70.23339
69.284836
66.3295
-60.966896
-59.93069
-56.89077
62.716244
62.28403
61.14309
59.87045
-54.70837
-53.33412
47.730392
57.99396
56.228172
54.6836
53.17027
-51.947796
-51.770164
49.717556
45.33493
43.986492
41.527195
-51.338726
-50.5231
37.515812
-46.69654
35.180084
33.409588
31.031742
-44.563007
-45.18513
-47.67925
-48.81394
26.238852
23.996002
21.734997
-42.2968
19.220247
-37.538246
-25.238224
-23.373764
-21.287163
-36.520733
16.935257
-27.61048
-19.14806
-14.988188
-12.791996
-29.673304
-48.458416
-10.620107
5.3230534
7.654965
2.9146838
-0.0041832924
-34.578926
-8.458762
-6.1544156
0.6691583
-40.18618
10.038535
14.659514
-3.7605152
-31.203587
-32.806095
-1.4865435
-41.02021
12.361347
-17.041039
51.378513
57.393055
28.581217
39.73496
