209.03917
182.56886
136.05785
130.77647
79.75913
63.148006
49.261024
45.99267
41.195015
31.684757
27.296936
21.690435
19.873766
14.343432
13.81988
12.476218
10.479885
9.177612
8.526389
8.073426
7.7465825
6.974551
6.409315
6.09438
5.9392514
5.546691
5.393202
4.7608957
4.4863386
4.265421
3.8880448
3.7497823
3.7687838
3.562266
3.4449704
3.2005882
-2.3258095
-2.30883
3.063661
2.9717174
2.8704753
2.7320848
-2.184714
2.6583722
-2.1588705
2.5736942
2.4834855
2.41493
2.3500135
-2.0340018
-2.0005815
-1.9570259
2.2689953
-1.8796335
2.1018245
2.185473
-1.8335767
1.9792405
-1.8149903
1.8830433
-1.7455182
1.7911763
1.6751344
1.5586013
1.4620318
-1.6229554
-1.7043929
-1.5664685
-1.4047266
-1.4726441
-1.3585006
1.1325363
1.2259133
-1.6829038
1.3212754
0.99013144
-1.0179125
-1.1033831
-0.92863935
-0.8443162
0.89295655
-1.2598549
-1.2042662
-0.56916696
-0.47448766
0.67144877
0.56341845
-0.6614562
-0.00031503016
0.030806996
-0.06751757
-0.16810805
0.78232807
0.45397022
-0.37635717
0.12859274
0.34594122
0.23815297
-0.27171245
-0.7515158
