660.4498
513.785
437.14893
418.09198
322.02463
219.82361
201.36755
161.81055
130.00299
112.69376
94.88458
92.77051
86.63679
81.667
76.15757
70.7355
68.3409
62.56122
60.456326
57.62954
49.54865
47.76689
46.074577
36.995903
34.508926
33.684605
31.780392
29.962782
26.685253
26.35037
25.019371
25.180014
22.747488
21.860664
-18.051628
-17.096151
-16.82853
20.925282
20.836912
20.50012
19.520344
-16.22425
18.580528
18.501913
-15.655452
17.666384
16.813894
-15.145558
-14.782597
16.177128
15.85072
-14.569702
-14.099545
-13.860368
-13.554645
15.263108
14.725384
12.781048
12.067282
-13.1278305
14.135217
11.248774
-12.715672
10.575051
13.811302
-12.39974
8.042592
8.839786
7.249261
-11.912537
6.497927
-11.629264
-11.18747
-10.093052
-9.577421
4.9126854
4.141336
3.3504326
-0.0005532882
-9.1349945
-0.39170554
9.500844
-7.9520006
1.0373229
-7.420008
0.3317914
-3.2819736
-1.0919876
2.5826051
-6.6543984
-3.9807777
-4.6671715
-2.5590768
-8.544331
-10.795802
-6.020138
1.8086087
-1.8329315
-5.3612647
5.686789
