822.56195
626.323
449.06155
428.7538
369.49374
297.12946
242.37311
210.74457
170.85
144.50659
131.11057
123.10981
117.35133
108.743286
98.59397
91.95867
87.093666
85.50947
79.76975
72.79128
66.44459
65.06436
62.047356
61.73895
57.04548
54.13713
52.663822
49.264713
47.747055
44.600113
43.502754
-35.058777
41.71089
39.259262
38.100704
35.11895
36.800064
32.439175
-24.486107
-23.75227
31.655264
30.433832
28.153114
28.653332
-22.616785
-21.468958
25.642372
25.35818
24.64671
-20.901892
-21.029787
23.798471
23.105701
-19.672194
-19.213308
21.217854
20.456774
19.48023
17.739357
-18.67162
-17.989393
16.985943
16.082119
-17.601166
-17.25369
13.646558
12.477101
11.343358
7.7197556
-16.557621
-8.366621
-9.30963
-10.208914
-11.251324
6.4682465
-7.513707
-12.845131
-13.523224
-15.830256
5.3497944
3.089364
1.9508548
-4.4072375
-3.3660727
0.0062222313
-5.356327
-14.509084
0.7845872
-0.1915474
10.020873
-16.087643
-2.3107464
8.814303
-12.1500435
-6.349068
-1.1924152
4.179808
22.502699
14.854326
-14.88479
