1566.8983
1289.7245
1133.1963
782.3707
644.35144
582.4698
461.1381
391.0249
241.76616
216.94493
201.1321
190.8862
172.80688
167.47575
156.11424
152.10683
-110.629196
141.71753
130.12706
117.73123
103.77564
98.04221
92.801796
89.979454
84.580086
73.640854
71.75644
-54.773136
-52.679676
-51.29878
-47.96318
63.203102
62.84328
59.703045
57.79156
54.226963
53.575603
51.956333
-46.622723
-45.488174
-43.819122
49.3143
48.732727
-42.769768
-41.38992
-40.677895
47.28711
45.60217
46.320602
-40.228058
-39.428684
42.731598
41.565285
-36.37775
-35.763794
-38.04202
40.25399
-38.6306
-29.208149
-30.52903
-31.890078
-34.298878
38.92981
-20.879543
-19.252047
-27.479584
-23.196243
-17.454695
36.9681
35.609406
-25.921371
33.751476
-33.2214
-15.614542
-10.056687
30.098488
28.19536
26.227411
-11.953283
-8.12281
-6.191667
14.112337
24.459177
16.091286
12.051528
5.8741684
3.790481
0.018083502
-0.22589073
1.6580107
18.333746
-4.153709
31.709846
22.500742
7.9359264
10.029481
-2.0907419
-24.519205
-13.853749
20.098856
