652.4386
415.18033
360.67917
286.95715
250.89464
166.18709
159.62355
111.104774
114.679794
92.27597
83.216125
77.9131
71.476425
70.748825
66.665245
63.203636
56.842236
55.68926
52.36244
49.281906
45.418003
43.960175
42.07025
39.998352
41.09061
37.612625
36.495163
35.778637
34.58625
33.9564
32.236317
30.369856
29.886927
28.657269
28.443792
26.530203
26.214045
25.9555
-21.21783
-20.04077
24.649837
23.33928
23.204
22.479738
-19.535452
-19.188648
-18.42449
-18.284845
-17.782476
21.294777
21.014997
19.845385
18.919657
17.890339
-17.496405
16.909883
-17.098501
16.102917
14.948937
14.232612
-16.690428
-16.222143
-15.714464
-15.099245
12.53593
-14.736876
-16.066708
11.208885
-14.169729
10.065441
-13.282001
-12.283515
9.047831
6.1058574
7.0847893
-11.825046
5.1947007
0.0003857065
-13.599834
1.3509943
0.41183132
-0.3750525
-10.904298
-3.9709823
-3.1357245
2.38782
4.2093005
-4.7693954
-9.536847
-8.922599
-10.362662
-5.6216455
-2.2983599
-8.028673
-1.2602562
-7.2186284
8.134521
-6.464579
13.154136
3.3096101
