345.1329
318.41434
131.87756
121.77758
90.61927
87.18089
48.45199
38.06852
35.139977
24.953928
22.034021
17.257872
15.84781
13.170377
11.300446
9.939346
9.335547
8.708764
8.527112
7.9370127
7.0258474
6.361899
6.236071
-5.200894
5.655664
5.559941
5.1996393
5.1171103
-4.8394485
-4.799228
-4.6217237
-4.3697376
4.891347
4.8449435
4.61254
-4.127869
4.232457
4.469339
4.386761
-4.029961
-3.8469598
4.008423
3.9125006
3.816085
3.7345648
-3.8139386
-3.6441553
-3.5950382
-3.5075924
-3.3815262
-3.3057482
3.5711975
3.140083
3.4634516
3.3672752
3.2677197
-3.2581332
3.0064778
2.8591263
2.7041245
-3.156804
2.529891
-3.095977
-2.9853077
-2.622396
-2.5258791
2.3682652
-2.3976502
2.206413
-2.8405092
1.8785236
1.7089291
-2.2880507
-1.8774798
-1.9904418
1.5411059
-1.7213827
1.3698057
0.86261094
0.6890442
-1.2684746
-0.96021175
-0.80018365
-0.30179766
-0.13954511
-1.5723473
-1.1179986
-0.0017010311
1.0326746
0.5203353
-0.46909106
0.024356797
-2.812012
2.0207667
0.17804043
-2.1357434
-1.4258206
1.1962316
0.3452125
-0.6328997
