1489.3259
1251.9546
923.79755
736.59283
600.5504
498.8596
395.98273
357.38904
328.92096
276.3972
238.16548
208.08467
198.07979
184.07632
172.0811
144.48703
133.10782
124.32831
118.43102
102.39972
99.85567
-67.77609
88.88733
85.55447
79.956436
76.301636
-62.463356
-55.033375
72.06919
69.69445
66.864426
62.741585
64.54418
65.34518
-51.613243
-52.27212
57.989952
55.06808
56.618103
-48.672165
-47.316208
52.590538
52.095127
49.491356
-45.55337
-46.647083
48.495033
51.508076
45.90325
-44.561268
-43.693573
44.1136
42.82808
-39.595913
-41.364487
-42.930347
-42.29695
40.491905
-38.47226
39.07669
36.778484
-35.343437
-37.645885
-33.169296
-31.646683
-30.564203
34.882786
31.021439
28.698166
26.670732
-28.811308
24.664265
20.129942
18.065617
-19.9391
-23.522772
-21.847967
-25.683409
-27.360416
33.02184
15.804664
13.588732
-18.083065
-8.031173
-10.10279
-12.067758
-5.855427
4.80128
-14.117602
0.47742212
-0.009754626
-15.960831
7.061169
9.252479
11.498047
2.5174563
-1.5279166
-3.6970708
22.387735
-36.90144
