129.57678
100.57515
57.711525
36.97106
30.935034
28.184734
16.240019
14.565783
12.473212
10.955133
8.539624
7.6167893
7.315676
6.8976135
6.2733355
6.6884084
5.4736905
5.4146366
5.2188115
4.74819
4.540949
4.304813
3.883818
3.7340424
3.3295083
3.241434
2.7820942
2.5045147
-1.7911129
2.4054897
2.3396454
2.252358
2.1313717
-1.7220496
-1.6631739
-1.6288048
1.9860758
1.898439
1.9102951
1.8033935
-1.582442
1.754939
1.7166727
-1.5136633
1.6490637
1.628323
-1.5031724
1.5747042
-1.4353436
1.5227475
1.4987695
-1.3963877
-1.3865496
1.4077013
1.3603544
-1.2630308
-1.3391432
-1.2977676
-1.3206306
-1.2079704
-1.1849246
1.2869269
1.253358
-1.0897723
-1.0373176
-0.9856568
-0.93904626
1.1613411
-0.83079445
-0.76303315
1.0802451
1.0232977
-1.130182
-0.7125026
0.6657032
0.7346254
0.80860555
-0.63921267
-0.5208712
-0.00030085992
0.3717878
0.5889319
-0.45990273
0.3003409
0.44674718
0.017156681
-0.052714963
0.083976895
-0.1214772
0.22958127
0.9618826
0.88526106
-0.39284602
-0.32666537
-0.25986174
0.51740927
0.15530618
-0.1904545
-0.8938768
-0.5837733
