1803.5078
1729.807
1483.8962
1210.8118
1060.1244
1113.3828
795.6245
780.563
418.51498
300.02652
248.08995
228.57632
225.05545
201.17096
194.09404
190.85023
180.92268
163.48386
156.3216
-105.02084
153.34435
148.30486
138.1302
133.47736
129.58302
123.19236
116.15235
116.49082
-68.58556
106.92008
102.602394
99.48142
98.128105
93.45392
90.01862
-61.85151
-53.469906
85.926216
80.19907
-51.928215
-50.20004
-48.429974
79.360916
76.33573
73.05658
71.84684
69.84887
67.43938
-45.454384
-44.92474
-44.350952
66.140755
63.073845
-43.0055
-42.355854
61.044094
-41.53336
53.9793
-38.963474
40.504555
37.989185
32.022022
29.257607
-28.68448
-26.379566
-24.849895
-20.346245
-30.745638
-18.029762
26.63899
15.348344
12.599716
18.176956
9.763201
-15.819118
0.003616399
-0.8655435
43.377625
-3.3796434
1.5481151
51.286346
-38.02109
7.002088
23.58908
-32.635513
-13.352782
-6.0343833
47.293114
-35.725826
-37.054718
-10.926211
-8.513393
58.816254
-33.95257
48.75862
57.102467
21.204601
4.234227
35.42322
-22.394703
