357.85492
294.33713
235.50952
169.53143
52.294834
42.32555
29.5927
25.257553
20.797867
16.979424
15.371383
14.502994
13.113315
13.064822
-11.72189
12.181835
12.002792
-10.918575
-10.2229185
10.665978
10.236399
10.120602
9.695268
9.833341
-9.736375
-9.458898
9.166669
8.94752
8.736391
-9.246314
8.38242
8.301444
-8.956277
-8.687359
8.088933
-8.528991
-8.367567
7.983351
7.311698
-8.166323
7.132082
7.7265306
6.77316
-7.8677483
-7.7998395
6.582331
7.7042494
5.8908825
6.250408
-7.6510024
-7.432489
5.686819
3.9276211
4.2189717
4.443558
4.787964
-7.2678914
3.5219169
-7.190957
5.3198133
2.927577
2.6326668
-7.042308
2.2741523
1.9693252
-6.4483075
-0.0013748594
-6.2410164
1.6573576
-5.943675
0.09007535
-5.629853
0.38149637
0.69524825
-0.25275984
-5.261979
-5.061608
-3.5925336
-1.818863
-2.1297412
-1.5033135
-3.9084911
-6.7172294
-2.4050386
-3.3084114
-0.5545963
1.0184972
-1.1861318
-3.031366
-4.219396
-4.658145
-4.419506
1.3412038
6.452475
-6.7508264
5.1227508
-5.76539
-0.86929643
-2.7089365
3.2133021
