428.79492
377.9252
352.45734
282.3724
235.91824
179.74725
123.33212
105.456276
82.032715
80.27099
68.6611
66.63752
64.79355
57.739685
53.382294
50.253548
49.163925
46.989403
44.461525
43.144833
41.33476
38.79893
36.830532
35.861504
33.527653
31.375206
31.894152
30.217443
29.18914
28.46317
27.319088
26.804615
25.98988
24.835768
-19.288136
-19.025482
23.663157
23.506353
22.597042
22.370682
-18.019289
-17.329185
20.587372
21.947006
-16.45413
19.466806
19.911816
21.54719
-16.024467
-15.393909
18.051277
17.65994
15.863388
16.437176
-15.230729
14.903204
-15.058788
14.2181635
11.511585
-14.550769
-14.339902
10.726888
12.5341015
9.719871
-14.094848
8.134121
7.0318966
6.2511864
-13.556632
-13.279351
5.3966026
2.8883762
-12.56528
3.7261941
-5.6797185
-6.3723116
-7.108087
2.0879104
-4.2267694
-12.011312
-10.766555
-10.236075
1.1510067
-3.5175798
-7.7230463
-9.649024
13.279597
0.35899058
-1.9900198
-8.458746
-2.7512555
0.0002026088
-1.0947026
-12.293737
-9.087061
-11.343624
4.5439315
-0.3399287
8.990764
-4.9633975
