985.00867
923.107
715.4394
638.3678
535.77484
487.40802
336.4863
294.66254
228.92018
194.81702
173.07938
170.1753
158.07591
140.35089
138.64543
-84.915306
127.55844
120.349495
109.75011
102.63494
105.24292
93.649185
88.29646
-66.34179
86.32739
81.30486
72.61844
66.57548
64.767654
60.126583
-46.90679
52.037937
50.503826
47.70793
46.747257
45.07414
-32.340397
40.418938
39.923187
38.884666
-28.948298
36.40893
36.07011
34.474663
-28.156694
-27.307974
33.12242
32.005882
31.099201
-25.922804
-26.22581
-26.51638
-25.089722
-24.774649
30.14848
-23.783016
-24.378872
-22.897848
-21.99008
-21.277445
23.041828
23.912968
26.351006
27.578781
28.321463
-19.748814
-18.930544
21.139767
18.58423
16.849552
-17.719131
-14.627373
-13.215575
-12.0969715
15.599203
-10.955189
2.4931967
3.976815
11.098568
9.803378
1.0576012
-6.9820232
0.0077543356
-5.7582145
-4.4140196
-0.27106643
-9.555071
8.376069
-16.598766
-3.030942
5.383332
12.682332
14.189106
25.617292
-8.3437805
-1.5816572
20.038353
-20.707205
-15.608266
6.8609314
