73897.4
31977.883
21233.756
11648.596
9550.504
8915.813
7741.0806
4360.8574
3565.98
2591.358
2316.4
1981.1482
1865.8928
-1465.1805
1572.3682
1519.187
1430.8901
-1078.6145
1199.7632
996.015
-795.9191
857.9528
787.1879
701.94464
657.06537
586.03925
-479.32318
-447.14813
557.99084
541.2295
515.7388
499.2965
463.01102
-376.1181
421.46738
399.24106
-329.21753
-324.15778
-311.96985
369.7911
363.44257
350.54993
338.80865
331.04193
320.7069
-293.00092
-275.48544
302.6012
279.72137
293.17038
-257.65417
-246.83438
-240.58754
-236.43198
284.85785
267.34982
260.2776
237.3184
248.07236
223.8505
-232.23021
215.1454
202.43733
-224.24461
-219.82877
188.33011
-213.84892
-204.16931
-197.67029
99.46071
84.151
42.515877
27.65136
-117.593445
-106.09983
-180.26878
-128.27269
13.966657
-0.16180032
0.41238976
113.33216
-189.74686
-94.04641
70.755936
-139.06827
-169.93611
-40.499077
-54.17579
-26.490814
-149.7041
163.46687
126.240005
-81.10084
178.02954
-160.8267
-68.62281
150.49495
137.93561
56.570747
-13.394611
