235.21466
198.41951
194.21404
163.84021
128.85637
109.59763
100.853004
80.15919
69.36851
63.194477
54.37958
50.708466
47.610577
43.598732
41.913216
39.732647
37.946644
36.614143
34.26037
32.32092
29.959167
26.918594
25.406088
24.542637
23.68064
22.758917
19.52944
19.132343
18.75208
18.015984
16.650908
15.55629
13.8436365
13.568831
13.014839
12.390247
-9.786826
-9.156807
-8.671023
11.408082
10.92561
10.727979
10.185845
9.982742
-8.448705
-7.965092
9.701368
9.33719
8.87779
8.347014
8.091483
7.6884775
-7.6894035
-7.588359
-7.47973
-7.3313394
-7.108416
6.9348865
6.6100264
4.4451714
4.9370646
5.2535667
-7.062346
3.6020863
3.131443
2.7088082
2.2784755
1.4387952
1.0320019
-5.7309785
-5.968724
-5.485109
-5.2053046
-3.5829341
-3.9055896
-4.849402
-3.222642
6.165745
0.6046513
-1.3368523
-1.7138659
-2.8464725
-6.6140504
0.21394594
0.000457038
-4.256836
-2.096106
-0.9497542
-0.16923349
5.7569804
-6.350934
-0.5455286
8.519958
7.411433
-4.552228
-6.7655597
-6.290058
-2.4824224
1.8581109
4.078356
