976.5452
880.5856
810.6689
725.7178
666.30457
453.05652
331.70255
298.09406
279.60944
227.41948
194.47572
180.61691
165.74112
153.889
140.92804
129.88286
123.18201
122.19833
111.048256
106.46944
102.69044
97.52352
94.443634
88.95238
84.02721
79.16993
77.011856
71.95402
64.22474
-48.87291
-44.525425
-42.437374
62.083546
60.633602
56.2969
52.855103
51.322727
48.55754
47.1554
46.865227
-40.233185
-38.93539
-37.811596
-36.948402
-34.552578
42.488197
41.94856
39.93585
-33.57536
-32.600876
-32.225643
-31.505175
-30.844908
-29.824524
35.62187
36.594288
37.851772
33.622017
37.488907
-29.145533
-28.253563
29.704443
31.230013
27.255503
-26.880898
-25.916422
24.268507
22.71242
20.794342
15.28484
-22.668224
-23.84857
-21.501415
13.509732
17.163717
11.750148
-13.950025
32.321156
-15.532929
-12.336409
4.465373
6.3327103
-5.974276
-4.1902
-9.2417145
2.5922377
-17.119446
0.8713264
0.0013447128
-24.924587
18.915375
-7.597268
9.876506
-2.3816645
-18.51075
8.091153
-19.721928
-0.719303
-10.846575
26.215635
