941.055
909.79425
731.81665
651.9616
481.87915
355.88318
283.5876
267.3183
207.60997
179.03096
144.78578
112.34407
101.774864
94.599205
89.99452
83.158905
78.07484
68.96771
67.01875
59.99137
-54.01542
-49.767292
55.075478
50.763966
-40.002205
48.51624
46.98987
-37.66474
42.975853
41.891323
-34.875526
-33.240463
40.90418
39.96744
38.319862
39.215027
38.865856
35.345776
34.516243
33.900436
-30.40367
-30.278008
-30.066193
-28.956818
-27.918695
30.449337
32.525887
31.9702
31.509829
-27.355711
29.407732
-27.123219
27.874557
-26.398184
-25.324167
-24.109264
27.087908
26.075521
20.924349
22.398027
25.046888
-24.82678
-23.092459
19.872955
23.947794
15.687303
-22.651651
-20.730684
14.238313
-19.922934
17.022305
-18.967346
12.750802
-18.043571
11.373057
-22.037676
-14.621851
-15.765312
8.636157
-13.701369
18.277033
7.299718
-12.403466
5.8658395
-0.0030096166
0.4516541
-8.748055
-9.974473
-7.457111
4.497612
-0.90344465
1.7347058
-2.2038999
-6.1517854
-4.864416
-11.253088
3.111277
-3.5488226
9.998667
-17.12476
