1333.2451
1061.2861
933.77454
756.34357
607.47595
531.4621
419.23074
334.49387
324.53183
189.76598
134.30606
131.06952
121.50305
104.756615
100.85606
93.35443
88.51683
84.40561
80.84073
77.26885
75.66187
-45.961594
72.4316
68.75451
67.54915
64.34861
62.673157
61.303303
-41.520855
-40.5299
-39.236214
59.714066
58.855045
56.954266
55.644768
-37.04241
55.2511
54.378075
52.582462
51.64421
-36.217434
-35.256313
-34.292446
-34.13312
49.59633
47.777412
-31.987974
46.846355
-31.303377
-31.11944
43.10964
44.28233
-29.791
41.040302
34.60047
39.86453
-28.826115
32.394875
37.1436
-28.037926
-26.779686
30.895205
29.041807
-25.842789
25.236002
-24.884703
23.226746
-23.860275
0.020555519
21.549894
-11.63481
-10.1473
-7.01338
-0.2721943
-1.80852
-3.7027419
-8.614527
-13.322016
1.2373971
-16.276714
-17.62479
3.1041145
10.365374
-22.69056
-18.697525
19.532167
13.999928
8.508363
6.778082
-20.376574
16.07382
-21.522856
12.272343
46.041164
38.119926
4.9334908
17.743492
27.524466
-5.4354343
-14.84328
