1487.2328
845.803
612.30646
438.5851
305.7303
249.85239
229.85284
209.86243
163.10048
-125.97624
145.30768
142.68028
133.33635
125.50732
107.074455
103.26918
-69.69145
89.937836
82.96016
-58.083794
-54.519352
72.53185
69.93942
67.68713
63.29912
-48.8036
-47.375706
60.59139
59.101307
58.37591
-45.407677
-44.137615
-44.413975
56.03476
53.238487
-43.179707
-42.28795
-40.79655
-39.207165
50.74195
49.50726
48.829144
46.81884
-39.019894
-37.97761
-35.501465
-36.10298
46.079903
45.27811
-34.026863
-33.426357
-29.805218
-31.092026
-28.246494
43.49189
-27.325104
-25.678272
-22.63763
40.416107
42.066826
39.208645
-21.068178
-19.284966
35.155624
36.68214
33.437317
31.636349
-17.70422
-12.618832
-10.794024
-8.997977
24.67095
26.63136
-7.2442994
42.862347
-0.0074834963
22.911043
3.9463549
2.0227797
0.20404284
15.525114
17.339685
13.507858
-15.999265
28.258018
-5.3783145
5.9760857
-1.5977932
11.5842
21.21638
9.848824
7.8266644
-3.467485
29.624895
19.263973
37.72426
-37.423733
-32.11878
-24.338549
-14.318558
