3163.2417
2822.2761
2038.5679
1355.478
999.0666
872.8411
683.8752
612.4826
569.1634
507.3575
415.79535
390.94025
388.3054
256.79715
238.48836
-167.29782
218.75124
206.0164
190.16238
163.83235
144.81836
-104.57937
131.80006
125.49371
-96.38494
-89.9292
109.363716
102.36436
99.10269
92.26149
-62.6825
-60.36326
-58.861023
89.35437
84.748055
81.052795
76.28603
75.53326
-51.834785
-50.671764
71.98949
-46.98279
67.53604
65.03537
62.02206
60.56864
-43.10087
-41.55941
-41.228733
-39.444954
56.518425
56.043953
53.5862
-38.873146
-38.206768
-36.767155
51.293297
49.438236
-35.832382
-34.301655
46.51312
-33.192337
52.830143
45.240437
-28.712015
41.568993
-30.107887
-26.428198
-24.957638
-31.646149
39.513874
43.482166
34.98132
30.198523
32.724476
28.10396
-18.966543
-16.918137
23.191582
20.879051
18.274807
-21.192493
37.319668
15.954262
-14.860049
8.579714
6.040964
-8.204037
11.232085
-10.661969
3.5409787
-5.732115
-3.3178997
-1.0486462
25.502054
1.213767
0.000513885
-22.851925
13.757748
-12.907849
