787.48865
747.5115
576.3245
481.90707
409.75626
352.40805
298.40735
236.61009
174.64348
157.99553
152.96144
137.23044
122.23109
121.05316
111.21429
93.525795
83.205055
77.53724
74.50515
71.453835
66.01439
62.143703
56.914776
53.922394
53.45913
-30.039173
46.74607
44.21815
41.423946
40.74799
38.44258
-28.1271
-27.801767
-26.03393
37.223286
36.79965
35.752426
33.296482
-25.549934
-24.848764
32.83437
-24.356615
-23.814749
30.133438
29.91004
29.177507
-23.012619
-22.60803
-22.241077
27.645819
26.960083
-21.686134
-20.931795
26.014557
-20.755907
-20.125706
25.429203
24.07021
-17.84681
-17.14134
-16.2699
-15.69853
23.382063
7.4306383
8.671631
9.897324
-14.591102
11.094816
6.201253
3.785701
2.551155
1.3488827
-0.0073804236
14.51689
-11.642721
-10.657001
0.29038742
15.554101
13.537112
-4.2726927
-3.1299562
-5.4107747
-12.648407
-9.623429
-6.48139
-0.82383984
19.346266
-8.63554
18.57737
22.558075
21.560926
-19.239733
-13.657413
-7.587006
17.276804
20.466553
-1.9436259
-18.98244
4.985611
12.198437
