868.9824
764.6393
670.6932
541.2525
414.36523
334.9219
282.06802
230.94456
204.31096
196.74637
180.0029
156.79192
149.34029
142.56287
136.75594
129.6757
115.69324
111.182106
101.36158
97.83017
87.55982
76.62221
71.43369
67.02832
61.45804
57.9461
52.169716
49.57453
45.248158
-27.312115
39.676815
40.35085
35.693737
-22.328989
30.242674
29.077868
27.949717
27.052322
-19.491116
22.976921
22.221193
-17.978693
20.458933
-17.281029
-16.747715
-16.270391
-15.827617
19.652817
19.207674
18.5584
18.22608
17.605125
17.29749
16.112276
-15.376394
-15.062634
-14.758413
15.55777
-13.846105
-13.202122
-12.904619
15.046107
-14.270434
-14.357732
-10.527565
-11.116876
-11.758534
-12.067637
13.788138
12.841963
-7.644906
14.350222
-9.785625
-8.382862
-6.8929625
12.151198
-6.188762
-3.868147
-4.642143
9.661233
10.500984
-3.0379705
-9.054093
6.2198033
5.3932157
11.257853
-0.0037498702
4.474019
1.8934047
2.7549286
1.0209626
-0.55798423
0.23873942
7.089956
-2.2259612
-1.3792019
8.706097
7.8989673
-5.45402
3.625924
