3779.2236
3277.3906
2494.8792
2042.1025
1732.6511
1534.7803
1369.2649
1254.2603
840.08624
462.01114
453.58408
374.88953
-256.56732
343.37323
321.3102
316.28976
294.41553
281.71503
-188.62354
254.83246
247.04181
237.5722
226.97412
222.18896
-142.19981
209.63486
198.75568
190.72351
181.33961
170.98346
167.73776
-118.77525
-111.39549
160.6442
155.40752
146.21461
141.50737
140.4557
137.08572
-88.3818
-83.736946
-80.30298
130.88309
125.51609
119.48377
117.27546
-71.08651
-67.21289
-64.52565
104.88435
103.68615
101.519005
87.40703
92.07786
93.98409
82.42714
77.56705
107.444214
73.96103
-63.866776
-62.283398
65.324234
61.86812
-60.63785
97.770004
57.870903
47.72896
43.51503
-59.303085
-55.947742
39.33413
-53.92224
26.050169
21.661657
-49.899475
-39.507988
-41.961338
-0.014388144
17.28023
-36.371315
-22.451872
-18.438248
-25.89651
-3.046447
0.7147446
-44.96142
-7.150513
13.062769
35.37797
-51.989155
4.6795373
-14.834646
-29.378773
-32.84285
-47.39316
30.24702
-11.033764
8.7454
70.30219
51.971653
