91.38754
44.19101
30.250425
25.22002
13.249495
10.859621
8.668373
6.943554
6.183231
5.8031483
4.428564
4.105405
3.8918712
3.379772
3.0912035
3.0654976
2.7529137
2.5235577
2.029157
1.8117915
1.7796092
1.54321
1.4559907
1.4257989
1.3725871
-1.0254474
1.3060209
-0.9655342
1.2124099
1.1520779
1.1600674
1.0956073
1.0615973
-0.93080795
-0.9160004
-0.901282
-0.8730591
-0.8686326
1.0132334
-0.82305527
0.9827556
0.9228735
0.89953226
-0.8064434
-0.7940458
-0.7873115
-0.7729307
-0.7461531
0.8708925
0.8560854
0.9752333
0.9705892
-0.7168046
0.8288634
0.7651133
-0.70931727
-0.68505627
0.72931486
0.80826634
-0.6613092
0.69752127
0.62812155
0.5974038
0.5641728
0.5219808
-0.6421525
-0.59636825
-0.5620425
-0.54272485
0.47662553
0.36641055
0.32554233
0.28369707
0.1303665
0.1682833
0.24668822
-0.13129976
0.09163736
-0.38410923
-0.16749953
-0.34165967
-0.3115459
-0.094722904
-0.2040119
0.6664498
-0.49620378
0.40652344
-0.057235245
-3.2591997e-05
0.05286303
0.017317204
-0.40754256
-0.6234922
-0.27431533
-0.47771773
0.44311786
-0.23907167
-0.44526175
-0.0214735
0.20643272
