594.0158
479.13083
445.03073
303.6166
245.76634
214.88553
174.7541
137.50009
134.74236
119.401436
112.150665
102.42177
92.9556
85.371155
83.85665
80.34244
76.877686
72.985466
64.25664
61.976524
60.20989
56.219177
52.135983
48.260983
44.99557
44.002327
41.55253
40.70898
39.351734
-24.595795
35.933506
35.401478
33.38766
32.221886
31.486671
31.060555
-22.461905
28.430376
27.656837
27.104622
26.15769
-21.625683
-21.14096
-20.703482
24.867033
24.412935
-20.106873
-20.00133
23.576817
-19.400097
22.452765
-18.865038
21.672688
-18.23403
-17.866474
20.153557
20.976366
18.916496
18.390884
-17.451908
-17.172104
-16.678532
-16.10502
-15.615413
14.942302
16.288918
16.94991
-12.868821
14.128415
11.841203
10.827538
-13.356212
-12.127837
-10.383406
-9.718221
-8.760998
9.807136
-7.927537
-5.192318
7.7119975
6.6402965
5.5817804
4.539693
-4.2594557
-6.0777855
0.0006573577
1.4460518
2.5458496
-3.3440855
-0.41067904
-1.3444734
-14.477045
3.546358
0.46980074
8.814233
-2.4194458
13.42604
-14.279774
-6.8966703
-11.250603
