121.47185
87.38358
64.225975
40.136898
27.614664
24.519283
21.07519
14.858802
14.264075
11.392851
10.532323
9.304694
7.2861814
6.7284546
6.0809
5.4301457
5.092945
4.51671
4.1688957
3.8511722
3.721429
3.5691776
3.3086023
3.2511075
3.0337298
2.8958526
2.7462614
2.63531
2.419492
2.3840177
2.2687972
2.2368064
2.1060524
1.9712476
1.8099707
1.7320511
1.7074606
1.6509957
1.5423692
1.5386493
1.4739053
-1.1738722
-1.1083326
-1.0633218
-1.0258845
-1.0239062
1.3882523
1.3689137
-1.000297
-0.99444336
-0.9628668
-0.9351531
1.2334996
1.3095226
1.282964
-0.90862733
1.1887877
1.09041
1.048598
1.1415882
0.9972555
0.88218164
-0.88553226
-0.86437553
-0.8386953
-0.8015619
0.82133615
-0.77742076
0.77656347
-0.7460436
0.5912699
0.5274206
0.6448714
-0.65871644
-0.7101963
-0.6282346
0.69630075
0.45815662
-0.5763878
-0.5338596
0.34111425
0.2830408
0.22379321
0.16965997
-0.100764215
-0.04672785
-0.00086632575
-0.40417206
-0.4494482
-0.30720598
0.11156758
-0.15422809
0.0049900515
-0.3563481
-0.20546064
-0.2585572
0.054987576
0.3956156
0.93212193
-0.49216422
