1610.4503
1133.9712
970.8076
789.3147
748.5776
608.67926
532.4742
496.46194
439.23367
199.3747
173.74448
153.94345
147.86282
136.79956
-88.58882
127.66787
118.13722
115.32097
111.08765
104.849884
105.444214
99.2906
97.747246
-59.999157
-51.29198
94.88374
89.20248
88.53977
86.10814
81.96802
-47.432373
-45.68912
-44.222977
78.23782
76.64383
75.331535
73.88849
73.002625
-42.333202
-42.38222
70.21136
68.320076
66.26071
-39.305943
-38.98822
-37.59708
-36.91123
64.77028
63.988537
61.016582
-35.084515
59.307144
-24.509428
-26.114716
-34.593784
-32.87433
-31.996164
-22.878466
-21.078392
-27.939083
55.799152
49.85741
53.75932
51.82671
-30.482386
-19.400976
-15.803521
-13.752223
42.935265
28.871292
26.422321
-0.0024543882
-11.76975
38.5369
31.143948
24.029621
0.7913337
-1.2516475
2.9457471
40.843044
-3.406001
12.292071
36.03136
16.92227
9.899303
-9.76473
-5.6073394
14.636848
19.27656
5.2293534
7.533439
-34.053467
47.049217
56.685722
-29.282602
21.429209
-7.7295504
-17.34012
33.38517
45.135807
