528.0191
337.85287
282.42908
254.39221
207.57692
195.38393
154.40501
123.93905
105.8822
103.39308
92.84893
81.13142
78.794876
69.195435
66.37559
59.65028
55.942482
54.253193
50.905987
48.399467
45.915363
43.20347
40.980267
37.5131
-23.215345
35.311974
34.509468
33.235897
32.55148
30.956299
29.660624
28.881445
-21.204107
-19.629406
28.29806
26.159729
25.373644
24.296255
-18.420929
-18.168188
-17.719408
23.1004
22.133533
21.678562
-16.339464
-16.146986
-15.621938
-15.114312
20.83796
20.134857
19.520306
19.07234
-14.600687
-14.2084675
-13.815223
17.981833
16.637592
17.36266
15.1101675
11.439513
12.329349
14.460388
-13.453838
-13.16078
10.267302
8.645705
7.74549
6.777367
5.9919043
13.070508
13.782301
3.4249535
4.2729635
2.5950372
-12.206916
-11.770225
-12.684952
-10.069321
-9.343116
-8.708146
1.7304901
-6.743493
-5.9452586
-11.198983
-5.329738
-1.4491789
-0.610794
-2.269959
17.141727
-4.582666
-0.008603944
-10.83971
-3.0324287
0.12373164
-8.1312475
0.84084606
-7.4211144
-3.825521
5.0634336
9.570198
