597.02856
520.5699
420.09778
337.0169
289.73505
263.26767
220.31117
178.69244
135.73276
114.24716
111.25919
108.28224
96.173325
92.64375
87.107864
84.69606
80.77379
73.0897
69.79708
66.13567
61.975903
59.47555
57.726387
55.77903
50.098904
48.04843
-29.093615
45.821438
43.841652
42.308422
40.869957
37.95323
36.233765
-25.104
35.877686
34.2889
30.982615
33.12405
32.827965
-24.131609
-22.89633
30.432264
28.317127
-21.73419
27.563381
27.11555
-20.798462
-19.891968
25.98728
25.352196
24.494356
-19.207563
-18.872915
-18.751568
23.298819
22.558718
21.66294
20.178736
-18.54166
-17.90357
-17.573036
-17.202736
-16.652859
-15.953771
19.017265
12.55276
11.4318905
10.348589
8.065854
6.8434424
-15.076954
5.738812
-14.728185
13.844027
16.367275
4.57084
2.413988
1.2211896
-0.0058766957
0.2377316
-13.517643
18.183542
-0.6878364
-12.944228
-10.456452
-9.537769
-8.620361
17.091846
-11.4811735
-4.835183
-3.8717992
-5.818943
-6.7053447
14.993948
3.5113587
-2.8703551
-12.142106
-7.7255626
-1.7953479
9.23619
