1601.8945
876.8537
687.25604
594.18536
535.5093
431.22754
368.10846
344.37006
-247.03284
279.00558
264.2243
253.2193
229.81934
224.85019
210.64336
199.73488
190.23233
185.29784
182.10927
174.35089
171.57161
158.43298
161.87108
163.4057
-140.32283
-133.48235
152.64705
149.13054
143.71828
-128.0656
-122.817764
141.2215
137.75223
133.62674
-118.83472
130.55545
128.3264
125.63306
-115.379395
-114.28311
122.53748
-111.18303
-110.14908
-107.75834
-106.01339
117.99181
114.49724
111.00879
106.07415
-104.54618
102.35248
-100.56686
-97.12877
96.58482
88.282616
84.159096
79.341675
-94.411545
-93.36413
-86.3681
-80.509476
-82.85424
92.49318
-76.78726
75.12468
65.09248
60.073383
-72.76457
-65.94929
55.262936
50.703953
-58.274258
-61.889812
-54.103367
-50.197903
35.256794
-41.159786
-37.029507
-32.32853
40.58906
30.13829
25.401628
-27.800476
20.201403
-0.061689317
0.5142618
-23.294567
-8.958581
5.260309
-3.971906
-13.8734865
15.431943
10.469501
45.323765
-99.21722
69.33647
-90.17265
-18.508213
-45.503654
-69.9495
