192.71545
109.82083
94.124
64.84495
58.346786
40.379803
36.58035
29.681358
24.200876
19.345299
14.772547
12.203293
10.751785
8.424272
7.2480054
6.7186713
6.3473682
4.840783
4.59681
4.250322
4.039668
3.8974888
3.4974406
3.4205108
-2.7285514
3.0844684
-2.5207233
-2.3512135
-2.2847908
-2.2384975
2.8034022
2.73341
2.653964
2.601458
2.5249887
-2.1817586
2.421501
2.474963
2.3241267
2.3391047
-2.0479057
-2.0982049
2.258867
-1.9744743
-1.9424925
-1.8951893
2.1197774
2.1084538
-1.841664
2.0789707
-1.7979616
-1.7558436
1.9637649
1.9190925
1.8474208
1.7474673
1.6524059
-1.7314587
-1.6434991
-1.6852143
-1.5818268
1.5742178
-1.5026766
-1.3829046
1.5239763
-1.3283926
-1.4728898
1.3526337
-1.2764688
1.4367429
-1.1200782
-1.0314751
-0.9602274
1.258938
1.1733127
0.900633
0.8077865
0.9938581
-0.89398026
0.71610624
0.0005601439
-0.5427831
-0.19220036
-0.10128461
-0.019919844
0.43694794
0.342223
-1.1980587
1.0754297
0.52576256
-0.7130222
-0.45663315
0.25128603
0.067637585
-0.28188124
-0.7903097
0.15627198
-0.63086134
-0.37020168
0.61267686
