261.64987
174.01291
87.45799
44.036972
29.580471
27.37174
17.293839
14.310112
11.4894285
9.999145
8.653521
8.44651
7.9607983
7.5019217
7.272592
-7.272731
-6.8618555
-6.726423
-6.544142
-6.122796
-5.9665613
6.77487
6.4852333
6.2321463
-5.846072
-5.5952983
-5.505465
5.951888
5.7198715
-5.2655797
-5.15575
-4.9496107
5.600566
5.4976726
-4.894314
-4.5919785
-4.525237
5.213985
5.124358
5.0484176
-4.4194098
-4.3432527
4.9477825
-4.1221743
-4.299544
4.849577
-4.026236
-3.9412844
-3.8515968
4.660786
3.6603446
3.8855379
4.007209
4.305073
4.2146816
-3.629611
3.4849281
-3.114068
2.453588
2.6046207
3.2845943
2.823528
-3.2718508
2.258882
-2.9983938
-2.6010416
-2.442477
1.8962907
1.6815704
1.5083419
4.617364
-0.99686366
-0.80787605
-2.0777276
-1.1890419
-0.61722696
0.15510583
0.34092122
0.00051736657
-0.056519434
1.3168943
-1.9129689
0.5348234
-1.3687687
1.1193469
0.9204118
-3.3904393
3.1615543
-2.255148
-0.23815775
3.0121598
-1.7280494
-1.5470576
0.72667116
-3.4908044
-2.7876275
4.1236844
4.599639
2.0671666
-0.426299
