783.6554
729.9358
708.4747
595.10895
527.2088
460.24274
475.08762
342.81805
285.028
269.51553
235.45293
195.55194
179.25043
160.96997
157.2099
145.69998
137.06947
117.98777
113.024666
103.98689
95.65573
85.61296
83.15937
-47.024757
72.62898
71.33706
67.53573
64.63683
63.421192
60.282345
58.939075
52.519543
50.36409
48.98879
45.8552
44.935917
-41.300926
-40.438866
-38.05002
-38.981266
43.816235
43.350983
-35.957188
-35.15307
39.863163
39.0619
-34.57041
-34.360447
-33.238213
37.288033
-31.572914
35.897633
34.128613
32.762875
31.489359
-31.027733
-30.565329
-29.685493
29.542665
27.132265
-21.177286
-22.723892
-23.837456
-19.822197
-17.274342
-28.942598
-26.905857
-15.698344
-14.411001
-5.12781
-3.3641195
1.3913721
0.028049452
-0.17015895
25.335312
-26.066927
3.1212976
-6.741551
-12.856182
11.788555
-8.319518
4.926053
-28.482851
13.551044
20.481445
22.283707
10.063495
15.205347
-25.018425
-11.475543
18.601908
8.391978
28.410557
-9.863612
6.664751
23.534838
17.00897
35.182766
-18.645426
-1.6638013
