980.99286
885.51465
759.13434
571.43085
436.06686
378.97025
340.38058
316.77762
244.89796
131.0901
92.166916
86.62224
79.000206
76.16677
72.31652
64.18661
63.288754
-44.646034
61.695843
59.55136
54.058598
52.69097
50.507862
47.932415
49.546345
-29.391562
-28.57409
-26.537888
45.852608
45.12338
44.936768
43.108246
42.73132
-25.48249
-25.623365
41.08218
40.70239
40.285244
39.44971
-24.116816
-23.77113
38.22374
36.4662
-23.071842
-22.373173
36.04813
35.397717
-21.742575
-21.509026
-20.529327
28.868872
27.519142
26.615599
33.87744
30.320578
25.092545
-19.477333
-18.799696
-18.242859
-17.367487
22.89822
19.817959
-14.9814
-14.081494
18.912716
15.952419
11.831903
13.2642975
-10.241245
-11.124959
-9.039316
10.508785
-7.9680457
5.2150702
3.948923
32.8772
6.498562
-3.37553
-0.9308954
2.6266308
-2.15764
-0.00789141
-4.5991387
21.371822
-6.868474
0.19153264
32.16227
7.795391
-16.036476
14.455653
-12.93316
-20.079386
31.447466
-16.715483
-12.2638
1.332867
23.805265
9.260476
17.541315
-5.726978
