274.93292
211.07973
97.91557
80.49144
41.120995
33.462147
30.824688
21.6282
18.864561
15.436572
13.039906
12.270754
11.768377
10.340778
9.542812
8.813508
7.7048626
7.4957056
7.1047153
5.9644585
5.785151
-5.033856
5.0051184
-4.608489
-4.5100613
-4.450908
-4.2216744
4.7606316
4.5910316
4.3588276
-3.8949556
-3.8129094
-3.767938
4.3100934
4.181146
-3.5419407
-3.4214747
-3.4581146
3.858705
3.7910287
-3.2073457
-3.2187338
3.7376077
3.664217
-3.0275738
-3.0611076
3.477057
3.457132
-3.0073957
-2.8090613
3.3394156
3.242586
3.1255322
3.0742571
-2.725803
-2.6776276
-2.6224434
-2.5296109
-2.2115138
-2.319639
2.7453797
2.6597815
2.5452406
-2.0995715
-1.9590538
2.3562279
2.0918217
1.9543351
-1.6091113
-1.4822851
0.20967746
0.07121516
-5.129345e-05
-0.080367595
0.81042624
2.9803119
1.098987
-1.343984
-0.66018337
1.8032784
0.94936144
0.36162028
-0.8026486
-0.5153242
1.2417644
1.6881425
-0.9381413
-0.3686314
2.870166
-1.2121646
0.50982857
1.3890538
-1.7140179
-2.4272757
2.223188
-1.8342792
-1.0712087
1.5330198
0.6597308
-0.22040252
