347.21207
198.91579
140.45297
88.600784
27.322746
22.215786
18.429893
18.013718
16.590425
13.373896
11.923969
10.429096
-7.7139235
-7.5332384
9.115018
-7.0787835
-6.588321
8.479419
8.050282
7.677869
7.411914
7.118667
-6.22361
-5.963256
-5.9021297
-5.7681093
6.83572
6.429382
6.3017664
-5.4723845
-5.3649955
5.960463
5.8819284
-5.036585
-4.9163237
5.65569
5.4974546
5.1866703
-4.802249
-4.5823607
-4.5345893
5.072691
5.0060773
4.8097773
-4.437402
-4.368301
4.7091246
4.6576385
-4.1747565
-3.9228423
-4.053529
4.3900437
-3.7888546
-2.8766456
-2.1889036
-2.3304074
-2.5477192
-3.6268425
-1.9787953
-3.043794
-3.1905859
4.523708
4.219682
-1.8134828
-3.475019
4.0853386
-1.43622
-1.2458998
-1.050108
-4.0902605
-0.8508493
3.8021038
3.614245
-0.6550443
3.4734085
0.00041870688
3.2403116
1.5461688
1.3528577
-0.25937724
0.53736
0.33737782
0.14544962
-0.0718012
1.7519886
1.1448445
2.7420158
2.3525097
2.5236497
0.7443082
1.9401052
-3.3365276
3.0434682
2.9046328
0.9470367
2.1539543
3.9543858
-0.45698985
-1.6150843
-2.701905
