878.26385
561.9176
522.7802
363.49118
320.6298
304.3902
288.3677
197.20909
178.46153
152.32881
137.91576
135.88492
123.11008
110.03075
105.74651
104.40342
89.54211
84.61118
74.75276
72.59969
63.20368
61.77712
58.37156
55.67878
52.49846
50.946167
49.163322
-39.65378
-39.219913
-36.836777
-36.51496
-35.39683
45.98197
44.38655
42.923534
-33.63117
-33.037804
-31.798822
40.295006
39.403934
38.125546
-30.90437
-30.083336
36.853672
35.91501
-29.882774
-28.901484
-28.780884
34.619
-26.514883
-27.014355
33.89371
33.262535
-25.581501
-24.329187
31.512863
-12.287203
-13.6421175
-14.779692
-21.799362
-20.502188
30.36482
-11.016434
-19.748587
29.098381
27.65485
-15.893678
-8.367224
-6.9684997
-5.5950384
25.890505
-23.599539
-4.1941495
24.75266
-2.598994
2.9734514
1.4581726
-0.021855991
0.16819538
4.58634
-18.26558
32.288612
23.457802
19.281517
11.85329
10.471897
8.990194
6.0603194
13.294257
17.988737
16.35278
20.60158
14.865975
-27.63868
-22.97294
21.86431
-17.339586
-1.1638972
7.5454454
-9.714559
