194.82936
175.99298
146.02873
95.435074
84.850365
63.988613
49.087585
43.589912
34.38234
31.239243
25.23825
19.585049
18.945656
17.230986
15.928986
13.869057
12.853259
11.666374
10.511106
9.461832
8.592004
8.129227
7.391162
6.4497404
6.1339192
5.848882
5.132846
4.987658
4.6246853
4.356621
4.1293373
-3.495035
-3.414991
3.860581
-3.2521775
-3.2745252
3.6750293
-3.0582156
3.621936
3.4080806
3.5852156
-3.0096576
-2.9357443
-2.9171288
-2.785893
-2.8692539
-2.8328962
3.3052225
-2.7168086
3.234439
3.170104
-2.673443
3.0816782
-2.5358
3.011548
-2.4799469
-2.3960507
-2.2977118
2.9131653
2.7716353
2.5886145
2.4455323
-2.1993902
1.826791
1.952217
2.30296
2.69979
2.073214
-1.9434516
-2.0435596
1.6569388
-1.8326882
1.5132823
-1.2438316
-1.3611019
-1.4876976
-1.5848582
1.221422
1.0703567
-1.101773
0.93476063
-0.7162107
-0.58560085
-0.45347524
0.00037270458
0.22330011
2.207135
-2.1356902
0.7874762
0.086222105
-1.7212518
-0.8477736
0.50908715
0.36779213
-0.048311446
-0.31545356
-0.17432319
1.3764648
-0.979486
0.6448467
