5341.296
5057.7812
3943.9211
3323.974
2430.5369
2094.8608
1709.0795
1413.2001
1206.9221
1168.8276
919.5328
714.2618
614.6918
-464.25024
506.72708
400.7029
373.06064
341.07648
284.65985
-174.62871
253.22797
249.42818
231.453
222.75668
206.94585
190.01585
-154.85258
-133.70018
176.02884
169.05016
160.93983
-111.17885
151.50919
138.54343
133.55006
-101.4017
-99.86952
-97.318016
128.67903
124.785645
117.50277
115.26207
109.84961
-88.1206
-82.77435
105.912346
103.520035
97.11282
98.26079
-77.05071
-74.53962
-75.14104
94.607216
100.39029
86.95463
-71.66516
77.853264
83.95793
-70.638885
-69.56475
74.58776
-67.00502
-64.520676
81.96723
71.32886
-62.466076
-60.06445
-54.583775
62.249146
59.38653
54.274162
-51.278904
-57.11831
49.973934
41.41505
37.126247
-48.25086
32.78743
-44.767666
45.92321
28.884975
15.355908
10.794225
-37.682938
-34.62201
-30.775705
6.142639
-27.237877
-6.1677895
-10.604359
-0.00016884076
20.143686
-15.078055
-2.145542
-41.268673
2.1049829
-19.318937
-23.384214
66.861916
24.605703
