377.11456
284.82333
193.7001
131.02658
89.27536
77.753334
41.423737
26.799795
21.894701
19.477293
18.613672
17.216536
13.623912
12.756807
11.221538
9.122133
8.572765
8.359274
8.138638
7.635304
7.2199426
-7.023792
-6.8203034
-6.7109804
7.0735793
6.94654
6.7243648
6.554899
6.302906
-6.502459
-6.3199654
6.1333656
6.0952835
-6.18997
5.897523
-5.9820876
-5.873635
5.762819
5.6901364
-5.66894
-5.682414
5.463228
5.305366
5.1621885
5.048943
-5.55465
-5.4075193
-5.2882395
4.8718987
4.6928067
4.502856
-5.191151
4.285349
4.180751
-5.115978
3.9465394
3.5254445
-4.940824
-4.7641654
0.744475
0.5090183
-0.00094091566
-0.17075723
-4.540641
3.2798338
0.97716343
-0.39085352
0.06667234
-4.4260263
1.2082765
-4.0831666
-0.62397474
2.3504279
2.5953631
-3.979104
-2.833484
-3.0011358
1.9000175
-4.875816
-0.8575455
-3.1772945
-2.5977485
2.1085284
-3.7739177
-1.9542977
1.4429333
-3.6041691
-1.5164071
-1.7351868
-2.1693428
-1.301301
3.6885686
3.0597663
2.8675976
-4.2836256
-3.4081655
-1.0754224
1.6756153
-2.3759992
0.27621624
