135.70288
116.31544
49.312656
45.843254
33.064102
29.767317
21.081226
20.155094
13.117602
11.047247
10.612716
9.474355
6.562239
5.7115364
5.21151
4.750665
4.3053007
3.92872
3.6222458
2.8611393
2.371433
2.3219872
2.271642
-1.7424716
2.0277727
1.9688731
1.8942012
1.8717083
1.7995284
-1.5891727
-1.5656065
1.7084463
1.7015957
1.617704
1.6333864
1.6403142
-1.4938669
-1.4436069
1.5357873
1.440827
1.4171151
-1.3938323
-1.3818538
1.3747624
-1.343855
-1.3095834
-1.2581478
-1.3007315
1.329446
1.2955327
1.2514504
-1.213256
1.1721035
1.2177833
-1.1853805
1.1109384
1.065326
-1.1590172
-1.1349567
-1.1034485
0.8350444
0.90194315
0.95635337
1.009295
0.78412664
-1.0551035
-1.0394726
0.66071165
0.59605396
-0.90853167
0.539839
-0.8663033
-0.966925
-0.6816889
-0.7255317
0.47853345
-0.82689947
-0.62961835
-0.57672024
-0.46901512
0.3594246
0.23656464
0.29678977
-0.4158401
-0.35695657
0.17370036
0.0006175997
-0.0077374578
-0.063327596
-1.005287
-0.29926568
0.051964667
-0.12214418
-0.7836522
-0.18399422
0.1114526
0.41662765
-0.24120608
0.7112311
-0.52328634
