407.92816
252.20746
195.77881
128.67801
59.631657
44.27661
40.353867
31.46837
20.593369
19.13366
14.336818
13.832465
9.986543
-8.065939
8.49542
8.318857
8.161719
7.802952
-7.2416096
-7.1365447
-6.8209486
7.266473
6.948847
6.8622417
6.6770096
6.474125
-6.540317
-6.502127
-6.1873674
6.0905313
-5.965221
-5.6692047
5.9789844
5.853583
5.839378
5.538196
5.6019673
-5.254136
-5.4994535
-5.594949
5.328961
5.237246
5.045933
4.9914536
-5.234221
-5.040982
4.74813
4.6418314
-4.794551
-4.809413
4.266942
4.1459045
3.9768133
-4.6588955
-4.5495677
3.6231184
3.397847
3.2244906
-4.458681
-4.3744063
2.1720152
0.659266
0.8825754
2.5925617
2.396941
1.9661729
1.7493802
0.43388805
-0.0048445505
1.0966682
0.012174151
-0.20584598
-0.41879398
-4.1898985
2.9883218
-4.074387
-1.4812167
-1.2837719
-1.7008436
-0.85905147
-2.6948838
-2.8805203
-1.8994997
1.3145094
-3.0200741
-2.1020765
-2.4901922
-3.5485075
-0.64241755
-3.7672956
-3.3967388
4.5533214
3.7477236
2.8076782
-3.859844
-3.2526488
-2.2967277
-1.0776308
1.5368448
0.21728735
