302.1569
206.62215
122.288795
75.91881
49.79765
43.60537
28.471828
26.606335
24.234049
19.152903
13.859622
13.540302
8.691382
8.034675
-6.1215725
-5.610774
-5.0807943
-5.1262507
6.8033266
6.4249587
6.334
6.027455
5.61573
5.700648
5.448346
5.2662377
5.014706
-4.77323
-4.6457
-4.568944
-4.5088696
4.884139
4.847822
-4.3509936
4.751796
4.557956
-4.1538286
4.465734
-4.057359
4.3349967
4.2210155
-3.9266272
-3.8600495
4.0820103
-3.7940147
3.963735
-3.6869435
3.9085705
-3.6398134
-3.3799746
-3.5102808
3.7613275
3.627624
3.57794
3.4216456
-3.2449684
-3.1174953
-3.4711473
3.1438398
-2.7666411
-2.9902775
2.94946
2.3620033
2.2148757
2.5654528
-2.5202737
-2.6504116
-2.3817468
-2.9229176
2.0594208
1.8985388
-1.9147893
1.5438225
-1.7586299
1.3817693
1.1976621
0.34841192
0.1803517
-0.0015656466
0.022549978
-1.6123292
0.5224371
-0.81126875
1.0200326
-1.1411852
-0.97324675
-0.6462293
2.8299932
3.299643
-0.48096663
-1.4605533
0.863929
-2.207262
-0.14402378
-2.0541244
-1.2868671
-0.3087945
0.6888209
1.7118771
2.7277277
