400.2248
277.48953
207.62248
186.70505
164.14178
127.356895
118.8778
102.86838
96.00938
85.790665
76.36068
67.325584
65.98709
64.26125
59.135754
52.48202
47.408978
43.091988
39.83979
34.207882
32.007774
30.267155
-18.420774
28.352186
26.832396
25.965893
24.559082
23.192173
-16.58979
20.561337
-15.551972
-15.035558
-14.838303
19.669157
19.069206
18.508621
-14.002613
-13.743437
-13.676765
-13.24959
-12.980299
17.407984
17.03193
-12.6371355
16.636946
16.091484
-12.336274
-12.196497
15.543174
-11.494324
-11.311309
-10.806369
14.952259
14.443336
-10.412571
-9.55955
-9.1946
-6.557831
-6.046615
-7.180318
-5.440461
-4.911614
-8.314558
14.313538
11.213103
11.956411
-3.7532973
10.794202
-3.1651511
-2.5711477
8.418488
13.559994
10.111338
7.6585956
-1.9632368
-1.3318583
4.373985
3.7538903
2.4711583
0.48716524
0.0069983695
-0.09299709
-8.551136
9.033031
5.0165186
1.8272254
1.1523649
5.745187
6.9821453
12.6433735
13.731103
12.982649
-10.061112
-0.64084715
9.615243
6.3635316
-11.790631
-7.77514
-4.32541
3.1048903
