898.2007
455.35767
375.26666
310.62292
260.6433
225.11728
197.66147
174.05136
158.28078
133.20168
121.008224
103.73949
93.10191
87.71091
85.40079
79.70695
77.11549
71.16249
68.21347
66.477036
64.20181
60.786144
58.496098
56.100582
52.66094
49.836636
47.950882
45.911266
-33.407703
-32.489258
43.431763
42.667534
-30.560896
-30.983223
-29.584211
-28.648249
41.469967
39.726162
40.315643
38.18528
-27.757917
-26.81776
35.471615
-26.430624
-25.94094
-25.369276
34.59044
34.09336
33.012028
-25.037539
-24.410814
31.96553
-23.726467
31.18141
30.359955
29.325459
-15.74496
-22.907122
-21.57571
-20.754282
-17.067457
-18.289814
-19.045063
-15.021434
-11.55127
-10.275696
3.7492948
6.3764677
5.066808
-9.127617
-12.814999
2.3696816
-5.581349
-3.0948637
-4.35762
-1.5120437
0.0055653066
7.744252
-8.011492
-0.31794137
26.582108
10.534874
-22.562355
13.47204
21.584562
20.440933
14.8721285
25.131792
18.88864
12.000682
17.617863
27.660263
24.174183
16.05263
-19.8038
-13.754082
-6.7530775
0.7778187
9.139515
23.208036
