613.87305
579.8172
463.79123
398.25626
325.89297
227.8171
183.99886
170.23827
121.49418
112.04317
108.58016
107.31837
100.50925
93.62271
90.8672
88.74168
76.57313
73.47823
67.436615
64.44345
62.830597
60.077442
56.266506
52.202415
54.820972
49.145275
44.990814
42.264225
43.005173
39.995014
38.18412
36.83692
35.725815
33.326
32.617733
30.775602
29.822487
27.157072
26.876966
-18.17625
-17.359144
25.83894
25.044765
24.443922
22.766098
23.232054
21.712212
21.089317
-16.434978
-15.870376
-15.598332
20.58168
19.246273
18.662964
-15.054097
-15.183859
-14.560101
-13.97858
-13.597733
17.35527
15.968807
14.987642
14.140235
12.361339
11.16347
-13.1233225
-12.883565
-12.12944
10.31905
7.371893
8.416483
6.279071
5.40039
-11.537752
-9.265314
-10.35187
-9.964817
-8.613787
3.5215447
2.6363428
-2.4867883
-7.048225
-5.6627197
-6.3542037
-3.2901318
13.263624
1.7168183
-1.638641
-4.8647623
0.78587097
9.371158
-11.114226
-7.7470098
-0.73938906
0.046799432
-0.030011736
-4.0909443
16.7974
-12.655639
4.4386888
