12148.402
7988.4946
7125.1685
5779.4414
4644.8086
3871.4614
3227.302
3028.2534
2585.5125
2258.8499
1911.2313
1403.4758
1029.1221
950.5911
929.3288
-602.4668
651.4973
592.6587
574.8001
-513.37524
-493.42883
-446.0578
454.25262
410.02927
384.17447
378.06897
-302.89062
342.10825
336.54315
-269.5981
-251.25307
300.99127
295.85406
276.22998
264.707
-231.08932
-221.75528
-216.0293
244.03326
240.25443
235.5622
219.2193
212.18164
206.22844
-189.41493
-186.36415
-187.02164
-171.72917
-166.95708
-162.4646
197.83728
193.82172
184.17313
189.93674
-156.43748
-148.55917
-143.651
176.47954
170.76169
166.95044
-139.3258
-123.03503
-128.30751
-154.3323
149.99374
144.87343
-135.44766
-115.9361
-109.60826
-79.92566
135.33649
157.02692
-72.93211
-88.37124
118.779396
110.75864
103.22889
-64.09255
-39.905636
-31.585186
76.22058
67.75812
59.146896
13.231092
-49.08864
127.58867
32.323326
22.551481
-0.0001170192
50.463825
4.482066
-22.011475
-4.299194
-103.19472
93.48865
-96.044136
85.082954
-12.977261
41.78051
-56.519753
