1655.714
697.0597
637.7286
506.2028
440.73987
363.52618
311.05615
308.12933
271.76794
232.52069
210.43298
151.56325
136.06798
126.95827
116.43383
107.699585
94.0946
88.77177
86.49607
77.14992
70.58926
-47.871876
62.46924
57.70245
52.92511
-33.606354
45.95289
43.073826
41.403606
40.351276
-29.512102
-28.324575
-28.007505
38.78677
35.86854
34.798042
33.338062
32.291615
31.000225
-26.475298
-25.813532
-24.553082
-24.066729
29.81669
29.136345
-22.997532
-23.069954
-22.571592
-22.11058
28.221869
-21.349092
-21.11843
26.195545
25.009268
24.323563
27.265968
16.010906
21.51172
20.722645
14.842531
-20.361027
22.786776
17.21097
13.814671
19.423748
-19.748823
10.054858
11.250978
8.873281
-16.388868
-17.1153
27.057104
7.7314386
-18.76754
-15.465799
-14.598677
-12.857731
2.8111086
4.022697
-11.716302
-10.759766
1.5466733
-0.0022583783
0.38330823
-9.756476
-4.316638
-5.4397244
-6.5369477
-3.1245375
-0.71535534
6.4267907
-18.423714
-8.673641
-1.9261955
23.420992
-7.677841
5.229197
18.412712
12.474107
-13.768517
