135.70293
116.31575
49.31263
45.84285
33.06396
29.767319
21.081242
20.15538
13.117662
11.047267
10.612694
9.474324
6.562249
5.7115455
5.2115183
4.750651
4.30531
3.9287157
3.6222441
2.8611283
-1.7424636
2.3714256
2.3219798
2.2716308
-1.5891725
-1.5656093
-1.4938654
2.027768
1.9688661
1.8941983
1.871707
1.799536
-1.4436123
-1.393831
-1.3818578
1.7015986
1.7084547
-1.3438556
-1.2581499
-1.3007315
-1.3095813
1.6403229
1.6333888
1.6177073
1.5357813
-1.1967152
1.4408336
-1.2013524
1.4171159
-1.1408125
1.3749393
-1.123306
-1.096517
1.3113705
-1.0601186
1.255581
1.2054392
1.1724509
-0.9951709
-0.9552708
-0.9135015
1.0605295
1.2783852
-1.0238159
-0.8570526
1.0121822
0.9594184
-0.6755894
-0.6313542
0.8278583
0.77627385
0.7211714
-0.81399626
-0.7251933
-0.57145274
-0.51745677
0.6541204
-0.3564309
-0.29757583
0.48135453
0.4162595
-0.24017419
0.35925323
0.053454608
0.11358401
0.0008329555
-0.0057867463
0.54076886
-0.18075264
1.119132
-0.46604562
0.17439048
-0.061581973
0.90040505
0.2979226
-0.12096454
-0.7725674
-0.4083435
0.23788157
0.5996774
