1295.679
946.08344
839.3658
758.0602
666.3207
494.89825
458.3317
367.9581
307.10324
180.71362
139.04575
127.734344
121.23685
-77.12095
104.86072
103.18683
100.68113
92.68844
89.4456
87.42491
-61.907375
82.99973
81.91761
77.5212
75.463
73.970406
71.67121
69.07233
70.601
67.63419
63.263584
65.42676
-41.538406
61.571743
60.222076
59.162914
-37.82277
54.69287
56.464794
57.000576
-35.724556
-35.821823
53.731277
51.820644
-33.01605
49.554497
47.91485
46.44978
-32.166748
-31.555187
-31.346973
42.93116
41.25333
-30.59353
-30.163256
39.018414
36.654205
33.965237
-28.793455
-26.990812
-25.841667
-24.99032
-24.492725
31.819323
-22.607084
30.080458
-20.294668
-19.024101
-17.63126
12.718567
10.768764
22.71206
0.010894241
14.521099
-16.385166
1.3961617
-0.2383614
-10.4572115
-1.8573829
-8.740755
-7.1282177
8.933811
-12.092398
20.419165
3.2958803
-3.7054183
24.33916
18.730455
-13.398307
7.059392
27.99301
-27.63069
-21.46436
-14.655305
5.16404
43.89265
-5.4366164
37.916473
16.728113
26.405266
