255.91711
144.84511
111.543564
68.44215
38.723732
32.190205
22.34529
17.508633
16.959393
14.998632
13.720449
12.490363
12.158313
10.94127
10.040809
8.919651
9.007376
8.204892
7.8889275
-7.013963
-6.7281575
-6.5572295
-6.3450203
6.977803
7.3231506
7.2991147
6.7219067
6.5254345
-6.1834397
-5.928307
-5.758712
6.2697906
6.1829925
5.983716
-5.4649
-5.3934264
5.715973
5.6846123
-5.2963595
-5.142691
5.3962517
5.5591583
-5.0168133
-4.987815
-4.794137
-4.6275716
-4.6783314
5.19581
5.064734
4.794366
4.9677825
4.647067
4.435542
-4.4454713
-4.355954
-3.8038154
-3.8796213
-4.128333
4.158103
4.274439
3.947773
3.5250697
3.3840418
-3.6119046
-2.9447496
-3.282671
-3.1182835
3.1491194
-4.269333
-2.7929823
2.9117804
-2.4047196
-2.2304316
-2.0231144
-1.8299117
1.6210577
2.051653
1.8539345
-1.2062107
-0.98764354
-0.7847217
-0.5648766
0.74089414
0.30263647
0.52118015
0.96372324
2.2779608
-0.3509848
0.096517175
-0.00021399946
1.411952
2.7227688
-1.6223202
-3.4773448
-1.409272
-2.5982225
2.5050838
-0.14301288
1.1770948
3.7606916
