1683.8904
335.24268
294.13855
238.13567
190.2948
166.03133
140.65062
132.83124
103.608215
93.29304
84.47894
76.498825
-58.802895
72.81811
65.4093
-52.472317
62.058174
58.88556
-44.90198
56.041443
-40.083286
50.731194
46.97703
45.188183
42.115166
-34.54513
41.206676
-29.117195
37.90903
37.27393
36.513447
33.800865
33.141018
-26.726269
-26.059153
32.296894
31.470562
30.82889
30.521156
29.784168
28.881052
-24.66721
-24.366104
-23.750368
27.261204
26.382078
-23.344177
-23.420765
-22.5233
25.320164
27.75538
24.46867
-22.130754
-21.660494
23.526346
11.993757
10.742052
9.564518
14.252322
15.331671
8.448292
7.2373347
16.700193
-20.76694
-20.571646
3.6653006
-19.622147
17.826397
4.838228
2.4903905
21.760984
-3.1710467
1.3074038
-2.016971
-19.103447
-4.291489
-10.699934
-9.648378
-8.719694
-0.0039571114
22.605446
20.718939
18.923878
-11.688592
0.19183591
-6.5039697
-5.4107504
-15.292268
-18.459162
-16.112621
-14.715204
-12.772562
-17.726389
19.885271
-13.584379
-17.048311
6.0052204
-0.87723726
-7.4787755
13.131714
