916.5358
631.35156
475.72562
404.37103
368.34772
324.789
273.04492
230.50288
197.54036
108.34359
97.093666
92.06585
90.441765
83.681145
80.8598
-52.59708
73.492874
69.68208
65.30016
62.299744
61.045498
59.282066
56.43233
53.296524
-37.875435
52.457634
52.1022
48.79121
50.02796
45.91855
45.31693
-29.567364
-27.525015
43.469868
42.28698
41.51835
40.626102
39.26378
-26.355793
-25.505888
-25.17407
38.665882
37.121254
-24.065083
36.346844
35.48964
34.92877
33.33825
32.314358
-23.491158
-23.39688
-22.460545
-22.24094
-21.767752
29.477182
28.288
27.347149
-20.373402
-20.02372
26.115683
-19.487476
-18.858292
16.568893
15.088203
13.774939
6.748481
5.413689
-0.0073173065
0.21965438
-0.88183546
8.146831
17.899895
-2.2049124
1.4256407
9.485292
-9.22272
-8.114417
-7.016921
-10.244914
-17.667559
-3.4790769
-13.277397
-5.8501625
-14.619003
12.238801
4.109201
-12.421958
20.732521
23.719515
-16.900805
24.448587
-15.388253
-16.16145
21.999157
30.757286
-11.458708
-4.721287
19.476923
10.931736
2.8085318
