694.0093
569.30005
499.14996
374.25494
345.95297
232.04822
210.20215
189.47823
174.72363
118.299194
115.295906
110.660866
97.13075
91.34669
94.41412
79.61017
76.87427
72.4375
69.4435
60.867706
57.10211
-36.531414
50.23989
46.131313
44.18731
42.142498
41.62601
-28.099186
40.251755
38.520073
-26.65835
-25.139736
36.097515
34.93367
33.401478
31.67063
31.258682
-25.467869
-24.454159
-23.414307
-22.57196
29.93668
27.857603
-21.25642
26.684547
25.979328
25.593557
-20.40571
-20.565674
24.798405
24.453428
-19.052565
-18.798355
-18.230679
-20.040771
23.840073
-17.70055
22.941557
-17.127449
21.566412
-8.485564
-9.469716
-16.241568
-14.625088
-13.865484
-12.972974
-10.4704
-7.582447
19.646135
18.960592
-5.6990476
15.914408
-4.6443095
-3.6143637
-2.5496879
14.950792
1.5835599
2.705741
9.480104
10.453457
8.239486
0.5527837
3.828608
4.9148517
0.0008338733
18.031563
12.820624
13.634953
-11.431715
-1.4562441
7.080253
-15.6758175
20.736736
-19.931494
6.079448
-0.4616224
-6.6193132
17.072083
-11.980592
11.5953665
