1462.6443
1117.6931
1005.41095
798.65796
753.09674
668.70264
574.59174
553.606
484.45892
243.54053
172.97917
164.11414
145.79066
142.35332
136.79024
132.03023
124.562744
-78.320694
117.4315
114.40062
109.36197
106.16676
104.60015
97.89336
95.60024
-58.39437
93.715996
93.10157
89.70957
87.30726
84.88514
83.26417
82.23555
79.126526
77.6779
-45.908554
75.308815
74.1982
72.29111
-39.79006
-38.743492
69.39357
64.22695
60.629242
61.85003
62.85486
-37.49378
-36.508774
59.064358
-33.78244
52.519688
54.17056
55.470272
-32.92005
50.301937
47.93417
-31.276072
-30.915854
-30.080366
45.856483
43.392532
-28.670803
-26.735075
31.951277
34.253277
37.02933
29.830502
-27.242672
-25.381107
-21.312162
22.288143
24.36004
20.088892
-22.725931
17.70682
13.194458
10.966898
-19.907452
-14.86011
-11.313932
41.199158
8.655522
-18.090052
-13.186388
-9.525271
6.5555296
-5.6699185
-1.5835888
-0.011284859
0.28269783
-3.6813421
27.639927
-23.998537
2.2277682
4.4262137
39.77036
-29.296307
-16.37684
-7.651468
15.486785
