515.24274
235.26292
178.07445
98.99689
47.76091
41.745747
37.069134
34.12067
24.566452
21.326735
14.565895
13.776773
-9.5968
11.265907
10.520763
10.601063
9.299391
8.027357
-7.579284
6.7808375
6.3684416
-5.5401926
-5.062051
5.5064626
5.191495
4.9127617
4.7611213
-4.4795766
-4.3469863
4.5607553
4.4315763
4.345764
4.1848273
4.286104
-4.2040653
-4.170096
3.8806722
3.9743998
3.9544938
-4.060373
3.8000646
3.6811395
-3.9160945
3.5791893
3.5032973
-3.7882664
-3.7451336
-3.623663
3.3847291
3.2788243
3.0983617
3.0334709
-3.4746962
2.8922665
2.7373755
-3.2252123
-3.3441157
-3.4405472
-3.4126406
-3.1478527
2.4635377
2.6376076
-3.061248
-2.9610112
2.3075757
1.8495269
1.6904433
1.5356908
2.0278294
1.3734902
-2.6220682
-2.760399
-2.4324338
-2.1806514
-2.0708497
1.0496019
0.8870129
0.7260603
-1.951242
0.56045645
-1.4956856
0.39567482
-1.3509395
-0.000104072395
-0.2509384
-0.41380987
0.07200161
-0.89206046
-1.0414767
-1.206683
-0.09381639
-2.726515
-1.7890877
-2.3524005
-0.5761552
2.1689372
-0.73360443
-1.6508999
1.2039653
0.229075
