5756.379
4808.783
3806.5508
2853.1147
1989.9241
1882.5198
1529.7805
1385.4894
1014.2564
742.34186
620.9689
590.53796
513.0319
444.3054
-281.19702
421.38525
383.04086
372.9195
366.50037
335.87503
313.91846
300.0377
-220.82028
-218.30107
-212.72792
279.76285
275.22226
258.43512
251.85925
-200.07848
242.83072
234.72893
231.87787
-184.97185
217.9581
211.90051
196.12923
202.05699
-159.88158
-151.30339
191.39438
180.41164
-139.61568
-137.86673
176.72
-126.6759
-123.66242
158.91043
152.75134
-111.10127
150.38098
147.28273
146.34329
-106.42013
-103.53335
139.86877
135.22298
-100.56835
130.28647
123.91604
120.27659
102.15886
106.99937
-92.58969
-90.35802
-83.645874
-82.24904
83.09238
95.14053
76.21173
-75.33039
111.65007
69.21628
-63.447617
-67.78728
62.78775
-58.56108
90.07214
49.22004
42.165806
-71.42958
-42.07467
-47.710983
35.40111
-36.967052
16.43264
55.050476
10.182849
22.864138
-13.926568
-19.805239
0.00821541
-51.93296
-31.315756
3.9300883
-25.589033
-7.8977785
-1.8441448
28.781837
-94.31921
