223.33978
124.33587
71.67164
56.07037
48.961693
39.637085
26.75949
21.53634
19.046215
16.158436
12.892004
12.067099
10.067207
9.08029
8.681245
7.657303
6.793749
5.939479
5.299158
4.714872
4.4701233
4.4226937
3.9931161
-3.3816085
3.6453083
-3.1026554
-3.045894
-3.0791595
3.3736522
3.235683
3.0567853
2.9953728
-2.8475864
2.905702
2.8171878
2.7516212
-2.6633635
-2.6242208
-2.5670202
2.620085
2.5865684
2.5037215
2.399461
2.35756
2.369966
-2.4451559
2.2123945
-2.3684657
2.1788745
2.00122
-2.2970612
2.0909674
1.9211495
-2.2021484
-2.170598
1.8732058
-2.116248
1.7392483
1.6323837
1.5380305
1.4643642
-2.0788019
1.349946
1.1381229
1.0252917
-2.0468838
-1.9937328
-1.9095094
-1.8714473
0.93041223
-1.7798765
1.2343605
0.8190324
0.500431
0.6053304
-1.6326845
-1.5568594
-1.717172
-1.4932566
0.39933088
-1.2895786
-1.2180666
-1.1296828
0.00029743995
0.28782368
-0.03115724
-1.3987638
-1.0259271
-0.12970617
0.07326973
-0.84156114
-0.34256062
-0.2370008
-0.5451433
-0.64655405
-0.7482353
0.17852841
-0.9380333
-0.44814286
0.7216446
