205.68689
97.69369
80.02434
76.3127
56.95176
38.274693
36.720932
25.55451
21.591782
18.904667
16.585247
13.656765
12.800526
12.489486
8.316208
6.976374
6.315827
5.7809367
5.591777
5.360405
4.9406295
4.49487
4.2130823
3.7877584
3.517204
3.245971
-2.5194986
-2.4840417
-2.3223624
3.0377357
2.9572182
2.8828332
2.70578
-2.1718829
-2.0731888
2.625466
2.458327
2.4422998
2.3590868
-1.9996705
-1.920639
-1.9011116
2.3377912
2.2514138
2.2228415
-1.8103205
-1.8303849
-1.7328647
-1.6794714
1.79827
1.8632382
2.1146111
2.0600042
2.000352
-1.6589714
1.7476047
-1.6296301
1.9697238
1.412057
1.3193909
-1.5752162
-1.5311702
-1.5088545
1.2212783
1.4896384
1.6332476
1.1343071
1.5736345
0.95326996
0.8707791
-1.3793743
-1.3092407
-1.2506012
-1.1757892
0.7702444
-1.4342523
-1.1120392
0.68198293
0.5878062
0.312198
0.4026765
-0.9760117
0.21733081
-0.89198166
-0.731993
-1.0392475
-0.6487622
0.12372467
-0.4042568
-0.3181587
-0.2276087
-0.812003
-0.13535579
0.03848143
-9.826764e-05
-0.4861349
-0.5738226
-0.049953558
0.49576074
1.0463471
