2894.153
2314.9165
1736.3652
1298.3046
1218.4956
930.0733
836.5561
634.2458
588.542
440.1114
343.95068
327.25977
-246.63449
-224.14029
280.70807
269.751
248.56622
239.71065
-193.57242
-183.96361
211.27145
-159.64941
-147.65411
199.63882
196.95927
182.29631
174.02426
-133.83269
-129.2721
-123.525604
167.72139
160.2044
154.18634
149.42822
142.46043
-114.65635
-112.82398
133.82457
-110.649956
129.7917
-102.04102
-93.95453
123.2825
115.02088
120.453445
120.41145
-89.76368
112.28712
109.35721
107.76476
-77.407845
-76.60611
-72.94504
105.49767
98.97307
89.33228
93.93178
102.88381
-70.0854
-67.18886
-65.23917
83.06495
80.92192
71.90471
-63.496243
69.552986
-58.424072
-62.03409
78.097855
63.146866
-55.06018
-52.95467
-45.81328
-41.83166
58.678394
50.859783
47.292587
54.81161
-34.82428
-48.19785
-30.699532
33.366875
37.6433
28.553782
-26.720913
15.212134
10.897697
-14.8127985
-10.567514
6.4655366
-22.999851
24.173206
-6.3620005
2.051596
-2.0981026
-0.00013151902
42.080963
19.768627
-19.006273
-38.49871
