621.0007
489.14075
433.54602
367.91058
289.18524
258.98093
222.74884
173.1769
152.52187
122.65246
104.78954
85.72042
81.009346
71.89355
63.501324
55.818905
-32.865646
47.7495
47.39355
45.934444
44.201023
42.997265
42.4791
39.08325
37.009968
33.62319
-19.478203
31.037498
30.340658
28.83178
27.8656
25.565504
26.437437
26.111952
23.547762
-17.158436
-15.802509
-15.965728
22.502792
21.720745
20.41084
19.71419
-14.060799
19.242817
-13.032818
-13.235898
17.966946
17.484112
17.68958
17.221827
-12.835028
-12.464313
-12.1893
-11.908304
15.387857
16.174793
-11.375664
-11.285242
16.036053
14.36232
13.91421
12.861702
11.967774
11.111755
-10.487566
-10.035838
10.461805
13.299818
-8.641023
-8.010725
-9.248904
-10.806117
9.71702
8.118776
9.056443
-7.583532
-5.889656
-6.536905
-5.3009925
7.3739953
5.076921
4.3774214
-3.3994298
-2.7288725
-2.0440047
5.874589
-9.554756
-4.6582537
-1.353824
0.022454387
-0.026368069
3.6110168
1.3754942
2.0980465
0.6617347
-0.6639981
-7.1356745
-4.042758
6.639833
2.826259
