927.00037
598.2499
554.66364
465.11923
425.64734
366.89883
315.21158
256.5129
185.47623
108.832504
91.78676
86.3042
75.786
68.07147
65.76929
62.745667
57.34973
54.55363
52.12171
-30.590496
-28.832552
49.964252
48.429054
47.69152
46.73596
44.64408
43.673023
42.49038
40.982094
-27.965178
-26.919115
-27.155354
38.985817
37.772877
38.01865
-25.53156
-23.687233
36.13315
35.42429
34.493652
33.981777
33.20919
-23.25299
-22.827726
-22.35125
-21.67209
-21.323236
-20.72717
31.342752
30.40351
-20.025015
31.98844
29.440765
28.286474
-17.644451
-19.37864
-18.875523
26.304377
25.432503
-17.066319
21.029438
19.541613
-15.964052
23.864567
22.124958
18.339666
17.203972
-14.408625
-13.624492
14.365813
13.271478
-9.83514
-8.702013
-7.7097216
-12.683261
12.043868
-2.374657
-0.99760914
0.041739803
-0.05495308
-3.505669
0.9844312
4.7908244
7.1130238
8.3254595
3.5930364
-6.7026434
10.754074
5.9061136
-4.5989766
-15.118275
-10.848255
-11.809852
-5.6346664
2.4083781
27.276333
15.720222
9.545124
22.982265
-19.603552
