1929.4719
1208.6487
1135.7166
870.12103
833.76056
681.84607
567.3515
462.45386
406.92236
275.46072
242.5291
218.97853
204.54039
185.18344
172.97601
159.89948
145.00911
140.96735
-122.65172
-116.83809
-103.20451
-92.95096
120.54482
114.32533
109.17844
104.9745
103.48729
95.64216
-84.09628
-82.96415
-74.44005
92.0987
87.06287
84.65073
83.19651
79.952774
72.637695
70.48644
-67.822136
-65.802185
-63.460396
-59.87221
71.704994
70.85048
68.123215
65.9149
64.42777
62.121338
59.038948
-56.670387
-52.023067
57.650387
54.27152
-50.715473
-48.64744
52.77618
51.203686
48.64395
46.1674
-48.117775
-46.165813
-46.73801
-44.524994
42.87481
36.771465
33.1915
30.28506
18.991226
27.406485
22.235813
-43.027702
-41.01653
16.295876
13.674688
8.22564
5.5382853
-39.812798
41.205307
2.7891695
-10.149504
-12.688715
-36.345524
-33.52632
0.21830127
-0.022348134
-7.609657
-31.639568
-20.009514
-22.705807
-24.817926
-29.165703
-36.89937
-27.163101
-15.199656
-2.349355
-5.007449
-17.614403
24.938107
38.65604
10.925306
