1593.9515
223.04123
156.08698
126.0936
101.8242
81.86155
80.31269
74.52254
66.08447
-43.650665
54.854656
50.456482
48.12424
45.195858
41.317364
37.250183
-30.728025
-29.409187
31.501846
29.36066
-23.611557
27.650637
27.002512
25.71529
23.692898
23.592306
22.573597
-19.162289
-18.611372
21.287182
20.28422
19.761484
-17.322071
18.716204
18.298403
18.001894
-16.795582
-16.49853
-16.554115
17.79196
-15.972294
-15.857267
17.345549
-15.477634
17.168907
16.288286
15.74101
11.117157
14.685438
11.89226
14.239962
13.541972
13.032479
-15.31438
-15.153051
10.260916
-14.671849
16.752695
9.616196
-14.386303
9.107425
-13.9742565
-13.689713
7.568239
6.8241205
-13.217615
6.1645074
-0.00015827658
-2.504164
-3.2421706
-12.727858
-3.8634937
1.7932446
-1.8297745
1.0409483
0.3165568
-0.3637659
-8.002364
-7.2870855
2.535029
-8.581586
4.754198
-4.675271
-9.220565
-6.688723
5.4556565
-11.963089
-11.249367
-10.229892
3.989273
3.2356849
-5.9841595
-10.806545
-5.288418
-12.316944
15.305899
8.394648
-9.724348
-1.0999548
12.543644
