97.03473
102.25377
66.35185
48.024246
38.98201
29.79645
23.26292
18.693785
16.976175
13.003542
11.086504
9.809465
9.525242
6.673889
6.1938295
5.538843
5.069525
4.2509365
3.7909992
3.6062596
3.2673738
3.04111
2.6581388
2.6458154
2.4761908
2.3505921
-1.4697622
2.2072785
2.1381965
1.9074907
1.7794353
1.6996982
-1.3275158
-1.3064857
-1.2743207
-1.1995713
-1.1907026
1.6739614
1.6106569
1.5577443
1.5094867
1.4506116
-1.1615261
-1.1397793
1.413471
-1.071448
-1.1053547
1.3791105
-1.0496435
1.3532115
1.3135237
-1.0242611
1.2477833
1.2878358
-0.9886026
-0.96382844
1.1951677
1.0653222
-0.9326233
1.0095497
-0.9094322
0.8576652
0.90585905
1.1532662
-0.87444544
0.78461105
1.1315651
-0.8372375
0.7311073
0.947544
0.5569246
0.6143599
-0.75731844
-0.7268456
0.49784896
0.67334974
0.44402406
-0.6677093
-0.79978
-0.6319063
0.21158284
0.26805192
0.15187092
-0.12442055
-0.1819568
0.38561136
-0.44503817
-0.53604305
-0.068940155
0.092575125
-0.49209565
-0.23553006
-0.39429337
-0.34010345
0.00018565981
-0.017730925
0.32468033
0.037725303
-0.5841941
-0.29008523
