823.08276
725.71814
628.5171
481.83093
479.28226
340.13345
300.26138
249.73595
205.34857
183.13036
160.64024
147.68605
145.1751
125.755486
122.8087
98.88242
92.71477
86.48323
78.452354
70.76652
63.397686
62.712452
59.621994
54.292564
53.385117
49.50248
47.563374
45.58518
39.49857
-30.280285
38.198055
36.70432
-28.547192
33.97105
32.06472
31.300272
29.909924
29.4425
28.040352
-26.73652
-26.033243
-25.33072
-24.5823
-23.534645
-23.87269
26.674885
26.268526
24.559492
25.595474
20.764484
23.528805
-22.58673
-22.532782
22.081127
19.673054
18.678473
16.441944
15.467455
-21.896618
25.950993
14.188527
11.905681
10.678148
9.509182
8.265927
7.091863
-20.796444
-20.954239
-20.028584
4.7682123
3.6226869
2.3976321
-19.677027
-18.974419
-3.1499639
-0.011978776
0.17918195
-18.4242
-14.629259
-15.318201
1.2131118
-4.2856817
-5.371367
-2.015483
-10.666938
-9.565012
-16.108582
-6.4722037
-13.179637
-11.568792
-16.856808
-8.564128
-0.8894415
-12.35601
13.120131
22.703663
-17.786306
-7.509549
17.49786
5.945079
