471.73373
299.0129
283.72894
223.05084
201.0015
176.13551
154.21628
118.2466
104.14805
93.36455
83.93717
82.20165
78.48362
69.32663
66.13357
58.146404
56.348618
51.357075
50.12441
47.926422
47.101
42.46268
41.6299
41.187183
39.055244
37.44228
35.864643
35.697933
33.729557
31.940796
30.903692
30.005272
-16.397812
28.742748
27.609653
26.576973
-15.331777
25.445814
24.558706
24.231565
23.201912
22.85359
-14.843457
-14.674266
-14.413717
-14.075331
21.831255
-13.382421
-13.637738
20.674261
-12.8559265
20.343946
-12.640312
-12.086277
18.919147
18.305296
18.02256
-11.76557
-11.3237505
-10.731247
-10.238162
-9.610325
3.1004074
2.320983
0.70248306
0.04795156
-0.022623617
-0.6429312
3.9020474
16.421104
-1.4071583
-8.568082
14.752008
14.312742
4.7208114
-8.147035
-4.2628984
-3.558383
-5.0117006
8.314517
7.195952
-5.6114087
-7.574355
13.155008
8.963943
-2.1759176
6.402576
-6.9941106
15.773242
16.932188
11.587594
-6.2614403
10.928617
12.136724
10.000323
5.544149
-11.64634
-2.8819883
-9.236639
1.5044272
