2264.976
399.7199
181.61905
128.57475
108.1458
94.22241
84.94233
-81.546776
66.61594
61.300354
50.439674
42.704918
39.114017
36.976494
35.69463
33.37874
32.40119
-31.3144
-30.011427
-29.394253
31.117605
30.843163
30.118557
29.450994
28.015814
27.734316
-28.705093
-27.381647
26.973291
26.33781
25.604326
-27.04296
22.924637
25.245733
24.796282
24.406782
24.109045
22.262602
-25.794153
-25.261478
21.354742
-24.847736
-24.309887
19.345764
20.036348
-23.652828
18.578049
16.21851
17.189928
-22.992292
15.208915
14.379122
-22.692955
13.467811
-22.252565
10.6878395
9.888987
11.827581
-21.458014
-21.292068
-20.878757
8.893557
4.0421085
5.0096016
6.0121803
7.9134545
3.0425093
-20.30017
2.039331
-2.9484568
-1.9680607
-0.9604661
-3.9220085
-0.010086737
-13.59302
-12.780367
-7.6736846
0.039154507
-11.938607
-6.732069
-8.5621605
-14.400168
-18.551794
-16.581522
-9.40776
-5.8035293
-19.89476
-17.898422
-19.542164
-15.93675
-17.301052
-11.169106
17.816462
-10.321834
20.670998
-15.190695
12.564764
1.023633
-4.8432994
6.9640326
