587.8813
486.05597
287.3222
263.68292
197.61267
184.05238
135.5251
110.5971
108.21271
92.2848
88.19881
84.65048
79.20314
70.74375
69.36543
65.65306
63.479546
60.041985
58.51559
57.001953
54.328045
48.344894
47.269203
45.60059
50.898266
-28.322893
44.079926
42.855625
40.809822
39.71223
37.637833
36.03268
-23.230812
34.557026
33.457436
32.737453
31.458061
-18.220108
28.456821
27.768476
26.148823
25.950605
-16.419197
-15.7432995
25.185656
24.494776
23.214098
22.84424
22.527458
-15.2059
-14.939182
20.849262
-14.526204
-14.124225
20.566332
19.24093
-13.510123
-13.215132
-12.743642
-12.482043
18.17748
15.986718
15.097182
14.389938
11.604338
12.39701
-12.141195
10.456598
-11.701864
18.722
7.4800115
8.582047
6.5825987
-11.36313
-10.745594
2.8066003
-5.3921046
-4.577717
-3.0459862
-2.2479386
3.7214508
1.9563484
-6.0928984
-9.479302
-8.956973
-10.135096
-1.428992
-0.540279
1.0132006
-0.0036468676
5.5400944
-8.093243
0.2023568
16.8351
-6.806865
4.6256943
-7.568418
13.410621
9.314377
-3.807372
