373.63663
308.50546
120.351036
112.77167
68.55217
58.869125
54.678005
42.29954
39.928158
34.704235
27.848377
20.90987
17.162367
16.211613
14.757211
12.92055
11.066311
10.503622
8.7128
8.527577
8.079065
7.6497
-5.37793
7.071573
6.133334
5.7658625
-4.581602
5.1932
5.0228825
4.8701625
-4.3505306
-4.189605
-3.9607549
-3.897388
4.7756314
4.7125854
-3.7735062
-3.708772
4.428485
-3.5338445
-3.6651125
4.298983
4.216707
-3.4430406
-3.4118977
4.1249933
-3.321507
-3.2517152
3.9211972
-3.1478229
3.8446248
-3.0466485
3.7446218
-2.9637392
-2.8424313
-2.7707233
3.4412642
3.595349
3.3252313
2.961174
2.7455943
3.1060152
-2.4117649
-2.276073
2.6233475
2.1111457
2.2812252
-2.5870867
1.9616086
-2.1368175
-1.7345341
1.8199428
1.4674678
1.301072
-1.6010406
1.1487925
-0.6738685
-0.8373962
-1.4480397
-0.99279535
0.9724005
-0.51958936
0.2979388
0.13013354
0.0010431529
-0.02974028
0.46778637
-1.3006872
0.63689995
3.5578718
3.1912482
-2.6501687
-0.35087895
-2.021269
2.4940298
-0.18271509
1.6456798
-1.1379365
0.80563784
-1.8886943
