280.0784
223.84544
129.60057
114.04288
51.263
44.173138
32.894363
23.895178
22.14357
18.746588
16.941093
16.499842
16.284105
14.909394
12.689581
9.2438755
9.060054
8.382248
7.539343
6.761894
5.9668455
5.533732
5.2919497
4.833416
-4.210204
-4.173258
4.49594
4.3383183
4.2550592
4.097736
3.9110935
-3.3971534
-3.2838554
-3.0676196
3.7972572
3.7118332
3.5130923
3.5557308
3.4146283
-2.952917
-2.8266356
-2.7946312
3.281419
3.1390967
2.9637253
3.0559058
2.9101412
-2.7005694
2.7710693
2.7092233
-2.6127608
-2.547806
-2.4801126
2.547853
2.6202896
2.369311
2.3089995
-2.421552
-2.3909214
-2.2622302
-2.1926398
-2.0841665
2.0496116
1.9485977
1.7906817
1.5253756
1.4069997
-2.0006282
1.2838784
-1.9309629
-1.8340603
1.1505762
0.8859591
0.7562088
0.6201364
0.49245787
0.00053627475
-1.735151
-1.3438704
-0.7753457
-0.6541116
-1.2372235
-0.8925533
0.096609674
-0.03216292
-1.4659458
-0.15031925
-1.1274796
-0.5352713
0.2209828
-1.5449723
-0.27874255
2.1383874
-1.6525743
0.3582227
-0.40573606
-2.3201237
1.6800323
1.0118152
-1.006974
