197.99832
129.5327
89.26416
68.11683
51.70853
42.228447
27.672615
25.223797
22.560461
20.281218
17.600332
16.699574
14.954707
13.238724
11.340909
8.480766
7.5881147
7.1992626
6.748284
6.0357885
5.357977
4.9495134
4.7080045
4.61242
4.1643167
3.9106054
3.6715853
3.6128035
-2.745402
-2.6817882
-2.6309204
-2.545719
3.4582088
3.2015207
3.0840118
2.992144
2.8314388
2.7936046
2.6903615
-2.3583348
-2.340293
-2.2617629
-2.241128
-2.1924105
-2.1627786
-2.1455045
2.6408846
2.6276865
2.5231178
2.442968
2.465857
-2.056872
-2.105495
2.2782562
2.2575216
2.108711
-1.9634356
-1.9887428
2.0078099
-1.7505816
-1.6755188
-1.607142
1.9411857
1.8712507
-1.8382016
-1.5306916
-0.9936938
-1.092403
-1.176507
-1.2631664
-1.3530637
1.5539912
1.640659
-1.805187
-0.8997138
1.4257141
1.7459073
1.3402739
-0.49171588
-0.5915809
-0.6962612
1.1031343
0.9950858
0.8917102
0.23617677
0.12105289
-1.4322016
-0.39552003
0.34280854
0.77816916
-0.00055270985
0.024263697
0.6654664
-0.29182953
0.45108277
-0.07654916
1.2254033
-0.18393336
0.55497104
-0.7955992
