673.754
550.8451
484.8329
416.9309
289.67035
227.90033
192.74503
174.63414
153.4727
137.83836
135.60434
127.48964
122.71766
113.331375
109.04397
103.045784
97.29833
93.56955
85.18261
78.221504
75.517914
72.195114
67.4557
65.49626
-38.863567
58.6632
56.47245
53.242603
51.497974
50.853428
47.14568
-33.9332
-31.398264
-30.794619
-30.210075
42.30755
41.37346
39.37501
37.99851
36.939686
36.225163
-29.448185
-28.236969
-27.559914
34.798122
34.35095
-26.23639
32.99183
30.972927
30.292303
-24.962942
-24.833612
-24.177658
28.913298
28.327742
-23.733227
-23.199368
27.007605
26.036959
-20.662706
24.803476
23.852463
-22.404339
-20.144218
-19.152117
-17.66774
22.713018
18.89647
19.85775
-16.60115
16.959118
11.473566
10.070644
-13.037847
-9.634241
-10.744063
-8.428471
5.9324346
-12.043094
4.5677648
-15.052576
8.741271
-4.729512
-5.9352407
3.2099857
-3.4348006
12.923795
-2.0480795
1.6934305
-22.099894
15.603919
0.4502638
-0.7385332
-18.48492
21.46679
-14.3072405
14.391219
-0.003199875
-7.262032
7.3020782
