337.74268
189.40126
157.82304
112.11836
34.60431
30.547277
21.897226
18.90399
14.566448
13.845802
12.822592
12.572217
10.56583
-9.095316
-8.880329
9.865531
9.509059
-8.268188
8.915685
-7.677536
8.207504
8.07167
-7.3599257
7.680873
-7.0069566
-6.910762
-6.8429823
7.302046
6.883853
7.147932
-6.410759
-6.4798746
6.2267957
6.7080946
6.4380984
6.5533843
-6.003188
5.8161373
5.9009094
-5.816692
5.695314
-5.697531
5.51518
-5.4285345
5.2423973
5.41531
-5.3015876
-5.3988314
-5.1475024
5.068362
4.8948317
-4.975185
-4.8541713
4.69754
4.453772
4.5518827
-4.7187667
-4.6164975
-4.2911854
-4.474194
-4.1301713
4.0715075
3.9532478
-4.018406
3.5505762
1.9887025
2.210534
1.7281809
2.4190276
1.2643471
1.0385
3.3673177
3.1234443
0.8013372
0.561645
-3.7075524
0.32630977
-0.37215257
-0.6067045
-0.834342
-0.15017499
-0.00020804042
-3.415525
2.6840258
-1.0706446
-1.9640427
-2.1906796
-3.2022524
-1.5264202
3.7592463
-2.3835366
-3.0108607
-1.752988
2.8762527
-2.853975
-3.5842729
1.5107609
0.10807189
-2.6004946
-1.299507
