534.7329
446.3794
324.41608
287.86542
223.1531
163.16838
156.89085
127.28461
119.49694
109.65024
101.59291
88.80129
84.204124
68.69635
67.01417
58.99534
60.52721
50.20665
45.04222
40.78263
39.498085
34.693687
31.240473
-24.293692
29.657337
-20.705572
28.408552
27.113935
26.336956
23.998981
23.571398
-18.221355
21.78021
21.562122
20.65472
19.605885
-17.645597
-17.316023
-16.852766
-16.504307
-16.216019
18.912727
18.566427
18.00321
-15.168754
-15.092097
17.645199
16.801788
-14.69775
-14.430384
16.52346
15.451896
-14.279649
-14.050564
-13.593324
17.479797
15.026001
-13.101201
13.293762
13.931254
12.362419
11.790508
10.441632
-11.340553
-10.718897
-10.392727
-11.988042
-12.570255
9.620752
14.441885
-9.621952
8.892104
6.6353493
-7.8187447
-7.227807
-6.5266247
-3.0809712
-3.8061755
-4.486191
5.785317
8.0221
-2.3674796
5.074094
1.2438859
0.50716954
0.003548373
-12.27747
2.0230844
4.2913313
-0.19944845
-8.372094
2.8017404
-5.874547
-1.6250577
11.151271
-0.87071574
-5.1569214
-9.021349
3.5426905
7.429596
