1799.1882
1536.9915
1193.129
812.41943
770.88763
649.69965
567.7189
536.08673
379.87933
298.58337
266.2177
246.60437
225.05817
208.75475
-162.82983
189.1012
181.75502
-128.98859
149.70671
147.62878
139.99097
127.71479
113.747536
105.212555
96.36609
-61.89427
92.22745
89.694305
85.34858
76.38274
71.04254
-45.213196
64.8031
63.112442
-42.95435
59.795834
-40.391697
55.641556
52.204227
52.43034
47.406456
45.069744
43.10657
-38.04523
-37.254803
-35.566826
-34.547443
-33.41173
42.088516
39.681454
38.701336
-33.013416
-32.45742
36.92366
35.722103
-30.48703
-31.260447
-28.663763
41.121418
-27.850946
-25.489902
34.664288
31.69231
29.785727
28.370937
-24.563644
-23.139204
23.41255
-22.063248
25.085938
-15.94651
-17.34321
-18.971258
21.602713
19.73247
-14.115947
33.4978
14.155993
12.358524
-9.228377
-7.587319
-5.9129257
4.9471397
3.024424
6.7462783
1.154486
0.0042667617
-12.679211
10.314704
-0.5322947
16.29533
-4.133072
-27.074028
26.897371
-20.512358
-2.2564201
17.896767
-11.041211
8.6107
-31.560764
