1065.2103
893.35565
698.5618
662.8401
539.412
405.29184
355.37192
324.42447
237.74611
111.59218
83.72041
-40.833126
66.54135
63.01891
58.83857
57.007645
55.52165
53.50555
50.153008
48.363205
45.780006
-22.646372
-22.297857
42.976807
42.09879
41.344276
38.299297
36.64899
35.468803
-19.661734
-18.846836
-18.050158
-17.575815
34.50777
32.72322
-17.032444
-17.166819
-16.092207
32.466686
32.28906
30.554808
-15.6430025
-15.554327
30.0583
-13.825691
-14.2137375
-14.709222
29.554192
-13.1453905
28.799349
-12.50779
-10.876311
-11.374312
27.922413
-10.031426
-9.382827
-8.6668215
-6.3917174
-7.1453223
27.732666
-5.4891324
26.736816
-4.575836
23.411621
24.29979
22.449507
-1.9472244
-1.0155216
0.004822943
-0.15623038
0.68587804
18.086409
19.658089
5.58026
6.5436244
7.659289
16.617447
11.515511
18.66761
-3.720995
21.384985
1.635266
4.6067576
10.660825
13.748558
26.14314
12.5658865
8.720094
15.66381
25.497334
2.6785789
3.6542716
25.16334
20.703215
14.543537
-11.942353
-14.871874
-2.8790262
-7.883835
9.644384
