425.8527
325.43408
301.32983
264.98322
238.667
194.05237
178.81836
156.65033
129.24043
102.98212
91.503006
89.92945
85.04004
79.05825
71.15866
67.060265
62.44788
63.592003
56.716915
53.505444
49.87599
48.014084
46.590656
44.183212
42.94924
40.886612
38.032333
37.248344
31.850767
30.823372
29.17615
28.606318
27.063782
26.017756
24.66459
23.413198
22.963541
-16.953833
-15.965387
-16.046839
20.984304
20.122643
19.279606
18.468725
18.224611
-15.608739
-15.135894
17.83213
17.404774
16.597692
-14.468781
-14.291612
-13.905917
-13.682175
15.650941
14.758191
14.249643
-13.027327
-12.648667
12.584056
15.279865
11.816325
11.1653185
13.505097
9.395516
8.81915
7.683808
-11.911947
-11.424304
-12.151036
-11.006426
6.9102364
-10.4944105
-12.338705
5.286239
-9.956432
4.4793415
3.676033
-9.427711
-8.892757
-7.588864
-7.1376824
-6.414507
-5.7684755
0.5374638
0.0070997374
1.3852
-3.7001157
-4.420641
-0.12327389
-2.3553736
-0.765252
-3.0500627
10.443477
2.9376066
2.1920166
-8.312683
6.0845428
-1.6261832
-5.1034184
