2559.0532
1697.096
1508.4321
1255.1407
1180.5372
974.2021
835.6402
753.6762
616.37134
279.20663
263.63544
223.05966
213.15628
196.47481
177.32765
173.07262
165.78842
162.62383
151.4774
144.11475
139.55066
132.22101
126.579765
123.12396
113.27874
112.237076
103.14473
-69.70851
99.91875
93.84592
88.16924
86.82273
81.59405
80.72214
75.68002
-52.634464
73.37449
70.58582
68.727776
65.355415
66.11227
-46.124634
63.09344
61.170547
60.15009
-44.36861
54.252117
57.19404
56.377377
-38.283653
-37.408222
51.38054
49.926952
47.234123
-35.186882
44.579678
-33.632874
40.77261
43.166706
38.208458
-31.75597
-31.633963
-31.106678
-29.313091
-27.491003
32.04507
34.43614
29.758633
36.846035
27.359404
-30.058233
-26.705364
-25.675743
22.2534
20.264055
17.56174
15.384724
-23.05426
-21.790476
-20.505693
24.530949
6.194744
8.442552
10.793451
-1.9788055
4.0789466
-17.104431
-4.033847
-0.092978686
-24.52682
-13.649413
0.042745654
-18.570198
-11.916741
-15.560664
-6.058015
-8.007841
-9.918294
1.8961608
13.074432
