574.22656
197.95937
94.30625
77.815544
71.8081
61.536938
59.54988
38.194416
32.755276
27.576672
21.999748
19.550936
15.152401
12.964817
12.368144
11.190814
10.370656
10.060157
9.853236
8.868615
8.298631
-7.3791337
-6.7517443
7.487303
7.164552
7.190853
6.796711
6.3236
6.5144634
6.6105614
-6.515697
-6.555289
6.192621
-6.183135
-5.971755
5.819005
5.6829004
5.6365886
-5.7038026
5.283399
5.397924
-5.2925353
-5.205858
5.014646
4.932007
-5.1119404
-5.0089383
4.739868
4.2853513
4.4026203
4.1360974
3.731273
3.5058777
-4.795135
-4.6725855
-4.580317
-4.5385013
3.30588
2.6526773
2.409883
2.2264001
3.108198
-4.352708
2.0001414
-4.2397456
0.8681219
1.087456
1.3131216
-4.163162
-4.014056
0.6448943
-0.24909925
0.0009924561
-0.034006987
-3.9019506
-1.5417639
-1.3289483
-0.47182012
-1.7502592
-2.7001483
-2.5835755
-2.3747063
-3.4662561
-1.1242255
-2.9706204
1.5357082
0.18574624
-3.6404233
-0.6906077
-2.157826
-3.3269186
1.782721
-3.1594398
-0.9065719
-3.7842932
4.5110326
3.935697
2.9060357
-1.9490805
0.41330963
