213.4744
163.39737
109.2296
44.918316
35.00822
27.50895
19.598953
16.86087
16.017685
12.419853
10.806943
10.448613
7.840986
7.325416
5.9570856
5.77113
5.1708813
3.9767215
3.805392
3.5864122
3.4610739
3.3422568
3.1524243
-3.133938
-3.0538669
-2.9490364
-2.9106903
3.0547032
3.030956
-2.798257
-2.781942
-2.6672292
2.9464698
2.8326855
2.731915
-2.5922194
-2.539739
-2.55922
2.6610253
-2.466975
-2.4393578
-2.3892884
2.5650806
2.501483
-2.313309
-2.2277713
-2.2058978
2.4399972
2.3939776
2.1969924
-2.1247945
-2.100994
2.3125606
2.1335795
1.800436
1.903758
1.7137998
1.415961
-1.9935403
1.9813538
1.5073749
1.3179717
1.2239349
-1.9672271
1.1256943
0.1859611
0.085051805
0.0005182717
-0.024789957
-0.121836916
-1.8542063
0.70364314
-0.32517925
-0.42873588
-0.5273506
0.28944546
0.91448367
0.6027037
0.8138408
-0.63379306
2.3350687
-1.7266527
-1.6559962
0.5012195
-1.5555998
-1.1150101
-1.0215783
-0.73279893
2.0648394
-0.9254446
-1.2117482
-1.4754107
-1.3925903
-1.2905899
0.3932826
-1.7795038
-0.82831234
1.0310688
1.6099927
-0.22305644
