773.18176
292.5289
126.41513
86.98967
83.3219
66.73852
60.19332
40.12329
32.20607
28.067192
23.06758
20.181818
16.796124
15.651406
-10.455504
13.707851
-9.508382
12.760894
11.674039
11.451814
10.961731
10.253006
10.0837145
-9.221437
-9.178259
-8.850872
-8.453908
-8.1903305
9.598269
9.418048
9.012575
-7.8293214
-7.728895
-7.3058114
8.455321
8.735784
8.658189
-7.0667253
8.093817
7.783508
7.531162
-6.8912835
-6.752182
-6.597993
-6.3280396
-6.1819835
7.2577124
7.130647
6.976261
6.639504
6.7579565
-5.9866138
-5.9108753
6.3231015
6.004419
-5.7519684
-5.4824376
-5.3541317
5.8509345
5.553871
-5.1682754
-4.5926185
-4.811916
4.374114
4.612077
4.8964086
4.0709643
3.1742787
2.869754
-4.2857013
-3.7575998
-3.4985886
-3.2659268
2.5708447
-2.4569924
1.0562204
3.7960092e-07
-1.9009879
1.6626518
0.75618935
1.3542348
-0.44403934
-0.15235057
0.15747194
-2.168772
3.472535
-3.008274
1.9598825
-0.7367585
-1.6088034
-5.002692
5.334719
5.1584773
3.727206
2.2471328
-1.0384853
-1.3312434
-4.0966167
-2.7605302
0.45182878
