823.7201
551.3023
471.0712
438.17773
389.92493
336.6954
290.10327
265.12195
204.53653
132.79648
104.02125
99.02768
91.99353
85.684525
75.90025
73.83921
68.643524
64.61551
62.983574
61.996002
58.71392
56.35419
54.76938
52.761543
49.89282
46.829155
46.412033
44.270203
-27.16941
-25.562899
43.594505
41.19097
40.670994
37.6841
38.925617
39.740585
-24.198654
-23.89289
36.992943
35.574326
-22.663559
-22.402908
34.020264
-21.778358
32.92694
32.402775
-20.577808
31.13781
29.49372
-19.83399
-19.70743
-19.330002
-18.847626
28.866302
-18.648304
-18.082563
25.246794
23.839544
22.63727
-17.258142
-14.53441
20.054234
11.3153305
-8.080019
12.597888
-13.773517
10.170579
14.191634
15.350534
-9.047112
-7.106175
-6.0485125
7.649533
-10.11495
-2.9256253
6.4178133
-1.6527866
-0.52451396
-0.0010677192
26.103483
19.140562
-12.752966
4.067939
-11.962835
2.9192986
0.4413915
5.251361
-15.396046
-3.9795747
28.062853
17.707336
-16.601562
-16.125166
16.888515
1.5646157
27.216705
21.722565
8.844449
-10.97984
-4.9868965
