557.7642
493.11667
468.31146
424.18848
354.6755
340.14313
258.51376
215.07718
188.43895
169.6989
132.04227
119.3069
107.19821
104.14583
96.66399
91.00277
84.17492
82.083694
76.332405
71.1776
64.38739
62.55554
61.694973
57.183773
-40.511673
-36.648933
51.177135
49.553684
49.25022
45.35008
44.75969
43.992676
41.590794
-34.097355
38.534985
39.54952
40.019005
-29.836697
-28.411064
36.5305
33.990242
33.279945
-26.651997
-27.070684
32.554924
31.948015
30.887243
-24.820272
-24.472881
26.973955
27.86267
30.020033
-23.824612
-23.094343
25.725332
20.948978
24.1412
-22.387033
-22.480587
16.935804
19.46236
22.186972
-20.80295
15.741102
14.232041
-20.07854
-19.655317
12.726819
10.071629
-18.057678
-16.853891
-16.249374
-12.345774
-13.365358
-15.174949
8.677594
-11.0543585
7.3087397
23.185953
-9.974865
3.3868806
2.0163867
0.0024154014
-0.43899468
0.7323677
-5.3563023
-4.16458
5.9802136
-6.554809
-8.876314
-2.938695
-18.96722
-7.7282233
-21.309473
11.358048
4.6890483
-1.6298887
29.68185
18.398388
-14.39695
