981.40625
867.46814
686.4996
662.36835
625.964
542.4546
452.9045
395.7238
312.80936
159.03358
111.851425
105.26828
98.017975
99.38847
92.83358
92.25862
88.26649
84.52089
82.73899
76.802185
76.07476
73.62609
-38.981422
70.44376
68.65677
66.05338
63.010708
62.212204
59.671917
-33.44733
-26.132797
58.036083
56.11112
55.545853
55.071552
52.647995
51.113926
-22.716728
49.613132
48.869553
45.0544
48.1346
47.99517
-21.68144
-21.085876
-20.492107
-20.947937
39.563755
40.21082
43.658176
43.0175
38.179466
-19.825838
33.458515
31.731585
30.58088
35.850548
-18.676643
-18.506725
-17.90654
-17.597967
23.256718
24.569584
29.141354
26.149471
-16.798252
21.501785
19.369051
-16.154928
-15.011337
41.848618
14.731558
13.107946
-11.653295
-10.589801
11.648346
-14.325926
-12.499857
16.540382
-9.50131
4.1687484
5.5872817
7.077957
-4.9059896
-3.6251073
-6.095844
-8.305714
2.755852
-2.357637
-1.0609297
8.572112
-0.0136884805
27.485987
1.3626372
17.71201
-13.410805
9.977276
0.14960764
35.43046
-7.2024302
