180.57841
139.49962
92.958336
75.16849
51.884743
45.49476
40.688293
28.227852
22.522978
18.598059
15.262192
13.010118
12.494587
10.219977
9.398426
6.7130346
6.430118
5.9009953
5.02383
4.4183035
3.979715
3.9460557
3.4257066
3.1820045
3.1088662
-2.4031327
-2.3386786
-2.3136935
3.0213065
2.9515395
2.796115
2.6202478
2.603411
2.5395448
-2.1903167
-2.1002173
2.4778626
2.3882565
2.359015
-2.015037
-2.0210648
2.263133
2.188135
2.1558182
-1.9271425
2.0820522
-1.8595912
-1.8235515
2.0293784
1.9554304
1.8967323
1.8327258
-1.7759997
-1.7190398
-1.7173043
1.7645195
1.6868936
-1.6472086
1.5903496
1.5280209
-1.5980266
1.4426904
-1.5237794
-1.4002838
-1.4603506
-1.5761238
1.3636166
1.2560567
-1.3440362
-1.2727681
1.0781758
1.1687416
0.9903464
0.89835334
-1.215338
-1.0771494
-0.9907391
-0.9181909
-0.8534902
0.80969685
0.62593096
-0.52474713
-0.4434928
-0.09169155
0.07768524
0.001101877
-0.009622778
0.44491273
0.5366559
-0.60855967
0.3536918
-0.18169542
0.16815142
-0.3597131
-0.77689976
-0.68781173
0.26035845
-1.1439894
0.7235646
-0.27087632
