1266.877
901.3863
872.1229
774.63586
550.0012
495.63507
432.2214
314.37082
208.53174
188.31837
177.70091
168.73068
162.43947
156.50572
144.13551
138.0456
133.0107
129.84534
126.85925
120.61066
112.31807
107.368866
100.01072
-69.83514
87.9473
86.23431
77.466324
75.167076
70.6764
65.494576
64.08574
60.42539
59.84032
-44.017395
-41.871307
52.40415
51.39254
48.153038
44.90168
44.36059
-40.075787
-38.59512
-38.085075
42.418552
41.64708
40.518066
-36.121693
-35.71718
38.743454
35.12415
36.684414
33.4357
-34.65279
-33.832645
-32.67609
36.326965
28.75808
30.502481
32.21717
27.25454
-31.627916
-31.446016
25.610092
23.586483
22.17108
20.417456
-27.518213
-28.309345
-29.814995
-26.24958
18.48499
15.058856
13.09924
11.3765745
9.518215
-30.145203
-21.617706
-22.91663
-24.085148
4.0677814
-15.951126
-14.412975
2.2174263
-17.386871
-8.011198
-6.35816
-12.972442
-0.0042601507
-4.6170244
-9.691773
-25.372196
5.9521685
-20.17562
0.5329474
-18.769085
-1.0911419
-2.8298125
16.815208
7.7049437
-11.264205
