503.34268
223.339
164.35721
128.00444
105.518234
59.689827
49.018066
40.517036
39.18166
30.062262
25.890604
22.3431
22.014004
17.39619
16.1863
14.899723
13.4173565
11.93725
10.579305
9.99241
9.892715
-7.5438967
9.0227165
8.501099
7.842473
7.4003243
-6.673423
-6.219888
-6.113844
7.139096
6.594173
6.8738794
6.076546
5.948779
-5.733275
-5.4049034
-5.3522196
5.729227
5.540987
5.4032803
5.343197
5.16153
-5.1128488
-4.819082
-4.799353
-4.909562
5.005137
4.6288524
4.7859063
4.837741
-4.7011175
4.212651
-4.6180964
4.1031256
4.419051
-4.471038
-4.346837
-4.1518354
3.8448126
3.5325315
3.2541947
3.0724053
2.8735166
2.1946213
2.4488134
-4.0545654
-3.9214811
-3.7470965
1.9714557
1.7730807
0.87645614
1.1068656
1.3265499
-3.6454763
0.6499569
-2.4776485
-2.3217928
-1.3041892
-1.508834
-0.22034152
0.0036062214
-0.015270662
-3.3593967
-2.6721022
-2.099443
0.1991102
-1.7065464
-1.0838025
-0.44261184
-3.191114
2.6690543
-3.4890492
-0.6553118
1.5441036
-3.0504534
-0.8777511
3.704549
0.42493743
-2.8657305
-1.908928
