1596.8773
1001.50073
817.52966
784.64874
464.96133
376.5067
289.91217
264.4519
257.49597
209.80453
201.58186
181.73805
172.34764
-126.23302
123.96462
117.46134
-99.82476
99.33152
95.04049
89.01587
-83.97443
-78.82915
88.30813
85.8679
84.582436
81.88957
78.060074
78.90906
-75.1332
-73.75606
-73.19713
75.11666
74.815254
72.84689
-71.57507
71.3215
-69.935814
70.22246
68.090126
63.618217
65.01998
66.38326
-65.25296
-65.853546
-67.48262
-67.17941
-63.34724
61.78986
-62.56074
56.771103
59.613792
55.32907
-61.675682
-58.21909
53.029007
-56.834625
-59.496647
42.894844
45.333694
48.387066
40.881756
-53.615776
-51.724236
-50.10495
26.887735
29.536694
32.230858
35.16227
-47.473118
23.891619
-45.495712
18.133976
15.469878
12.607229
9.79512
-0.0017368163
-41.14138
-39.117638
-36.348145
6.702981
-4.5599523
-7.432269
-1.6934673
1.0098242
50.87182
-34.252396
-23.970222
-18.49214
-26.600685
-10.402197
-21.289358
-15.804824
-29.28614
-31.751482
37.95674
-43.321533
21.202442
3.8212843
-13.192488
-54.83259
