572.2558
548.0277
447.41455
425.1854
382.9343
356.89957
308.99945
180.43546
162.73372
140.13231
121.63988
113.92741
102.92051
96.10953
91.40257
87.067566
83.41475
78.92633
75.18222
69.12878
67.681076
63.17014
59.39444
55.865627
52.244415
53.48341
-37.442097
47.571613
45.302635
44.21589
40.181957
41.08737
-26.530432
-25.68956
39.632034
38.45674
35.978405
34.485073
36.904682
-24.258743
-23.433178
33.06356
32.195347
-22.39874
31.470814
30.16187
29.381014
-21.154163
-20.827478
28.789629
27.273733
-20.48688
26.243181
-19.854443
25.548717
-19.524296
-19.141678
-18.5664
24.46616
23.875523
22.422647
21.27882
-17.908888
-17.438343
16.805386
17.96591
20.185772
15.306934
-15.996987
13.869168
-12.856778
-14.125691
-13.705801
-11.95179
19.064575
10.047567
11.205929
-9.902486
-9.041672
12.576782
7.6157684
8.880019
-7.973365
3.9732108
2.7987146
1.5788972
-3.9073822
-7.0739408
5.155973
-0.00079481816
-10.885157
0.4687415
-5.0014987
-2.8187025
-1.6778536
6.3859057
-5.9746504
-0.56636095
-16.88548
-15.205728
