1154.9666
456.22308
434.23068
410.8683
382.86743
354.0387
337.94537
314.8594
303.7613
293.98315
281.47882
270.62354
268.78604
256.17035
-186.89148
-179.04646
239.3643
236.7138
227.4787
225.95178
220.81877
218.61713
208.84015
-174.54002
205.04997
203.08046
198.29404
193.19395
-167.24611
-163.9559
-161.81839
184.61185
182.95135
173.45508
165.2882
-154.21347
-152.42552
-151.92789
-148.71516
-145.7919
177.12498
161.5072
152.84077
-143.39516
-141.80464
146.10555
140.28915
135.97806
-139.10152
110.80164
105.34275
179.72713
117.8002
98.851265
92.02573
-126.8804
-132.13763
-130.22375
73.03919
66.10825
-30.293646
-17.80132
7.268039
-0.066574596
0.9055143
-11.357534
60.25148
-36.42851
14.062436
-42.14924
-54.066433
-59.795994
20.587246
-65.876366
-71.14735
-122.24274
53.55462
27.460316
-117.94225
-110.211464
33.72078
-76.59906
-100.87806
-96.33947
-107.24981
-81.79786
79.319336
-91.80791
124.02135
-24.44916
46.690117
128.56113
40.295464
-113.636375
-134.88823
-86.332634
157.65782
85.40762
-4.636013
-48.38935
