338.11935
214.96431
147.11168
79.9922
57.549232
34.107117
28.70968
23.965336
21.222004
19.767801
16.64067
15.157237
13.924135
13.21255
12.360974
9.022911
8.4732485
8.191406
-7.148113
7.698716
7.012004
-6.600709
-6.460465
-6.2822275
-5.9075284
-5.766237
-5.7066274
6.745354
6.4908943
6.2512813
6.144343
-5.4089475
6.0481763
5.8858953
5.7531934
-5.048106
-5.020678
5.355171
-4.8756504
-4.804797
5.270388
5.0803566
-4.6867456
-4.5828795
-4.4157324
4.978974
4.9622645
-4.2632494
-4.2914314
4.820908
4.646013
4.510232
-3.997156
-3.9581428
-3.8393726
-3.7457078
4.3767953
4.0393405
3.7261186
3.8470175
-3.5985408
3.4890692
4.295801
3.1905007
-3.3931308
2.9642348
-3.2709088
-1.8990457
2.7637038
-2.0827863
-2.2618608
-1.6903774
-0.92050934
-1.1198822
-1.3192612
-0.7137364
-2.4440954
1.3548646
1.7537057
1.5746323
0.73005676
7.1957697e-06
1.9669495
0.51664513
-0.10790747
0.30738613
0.11047785
2.5546787
-2.9738588
-0.5103478
2.3649495
1.1505015
-3.1092193
-2.6210127
3.3520663
-2.7999775
0.9442767
2.1761234
-1.5043081
-0.3043576
