1687.7723
1201.5713
1097.421
896.4001
861.43146
644.32996
585.87195
384.63165
340.7347
322.1977
312.71506
285.84122
280.80103
244.77649
-173.58437
212.84692
-157.81827
198.78383
180.90578
178.1811
171.5769
164.78708
154.72673
147.58525
137.48552
133.42204
115.61952
112.53416
108.96826
103.44036
96.93162
94.804565
90.73596
91.81776
83.441
78.162476
-62.87468
71.166046
69.59612
66.5023
64.9837
-56.986088
-54.5182
-52.866856
-50.905968
58.43746
56.85774
56.25951
54.58767
52.587955
-47.53753
50.422363
46.822468
44.63451
42.767994
-46.29251
-46.409412
-45.56195
40.37283
37.3697
-44.79306
35.22019
32.311012
-43.71816
-43.15172
27.259718
24.83786
-38.954586
-36.97477
-35.923943
-33.692417
-32.51408
22.14253
-26.26434
-24.199585
-22.077377
-41.37579
-3.4389932
0.0016966717
-1.0434601
-15.477183
-13.141788
1.262076
-17.840591
-10.826541
-6.0343413
14.157685
-28.430672
11.588911
9.100272
3.7271178
19.268946
16.762379
6.4239516
-30.297026
-40.333504
-8.55009
48.156853
29.724096
-20.164644
