2866.5984
1593.081
1317.2633
1004.7483
942.23773
782.6366
684.3812
541.9854
409.45554
-341.17175
353.5351
-271.9973
323.78632
317.77304
294.83417
273.76907
-231.75685
252.8057
247.46976
241.83485
-193.15791
-184.07924
-188.54182
220.06325
210.40898
207.76181
-173.56094
-169.80966
-163.25314
200.79523
197.88853
192.39851
188.25015
-157.25706
-160.40846
-150.49498
184.00397
179.97087
-146.61069
-137.42218
-139.77234
-141.896
175.54904
170.86308
167.05995
161.52104
-130.0022
159.22198
-125.64544
153.04478
146.02171
141.23651
-119.54744
-111.85009
137.88007
121.33976
128.93127
113.68892
109.115234
96.38705
-106.6791
90.697075
150.51479
84.94584
77.79314
-99.43147
-97.2873
-91.23898
52.084377
46.603367
14.710812
-0.012464866
7.977263
39.738407
1.6993253
21.139095
-16.849722
-22.746727
-87.731125
-28.34593
-56.881805
-51.649467
-77.61285
-73.49195
-45.870853
-40.118183
27.004896
59.026237
71.96521
-10.363082
-68.19516
65.63983
134.12233
-82.66523
33.14016
-94.96259
-62.616745
-34.40264
103.47898
-3.8603735
