58986.28
27552.848
21032.467
17498.695
16366.159
11036.803
10474.037
8051.495
7464.069
6039.3594
4515.3184
4391.556
-2764.5066
3564.2083
3322.7642
3214.136
2904.1272
2589.5679
2365.1567
-2282.727
-2165.6318
2278.4368
-2037.1943
2129.9817
-1784.1267
1875.2162
1864.9973
-1770.7222
-1715.0566
-1653.4907
1684.2589
1628.1638
1532.3033
-1471.2021
1463.777
1402.8367
-1368.0519
-1345.3223
-1268.907
1321.0916
1299.6915
-1148.4456
-1182.7584
1121.3407
1068.6499
-1083.7897
1030.2745
-1026.011
931.0899
-957.56104
-940.2574
908.01025
873.81744
868.30206
827.9201
-879.3655
-840.8668
798.0489
761.8287
714.8308
732.767
666.197
-814.23444
629.22107
-773.54
563.0274
518.92737
473.2712
-748.5106
384.05463
338.46625
-600.76013
-550.6493
-486.21252
-446.24878
-403.93216
300.4402
-706.7384
-664.54224
-366.55466
-242.67575
216.54509
169.05063
121.9503
-717.46313
-283.4108
-200.2705
0.014241938
-645.6189
74.45063
29.381874
-17.489227
-109.014366
-61.65816
-155.6031
-321.63785
-527.3717
595.74506
430.08984
257.78253
