894.2667
441.15442
215.71324
148.93953
139.00304
105.87747
79.90866
74.99553
70.97414
52.047302
44.014503
-35.405434
39.617184
36.814255
35.5098
32.503693
31.501976
-31.246431
-30.469904
-29.065353
-28.539627
29.184097
28.741863
28.264898
-27.250248
-26.03291
-24.645823
-23.719944
26.60217
25.723982
25.162838
24.29674
23.697762
-23.127407
-22.725248
-22.10717
-21.495167
23.112331
22.876287
-21.064816
22.50904
-20.058008
-20.35411
21.44967
21.20547
-19.791283
-19.015583
20.300833
20.73075
19.139568
18.763653
-18.75664
-18.444527
-17.083952
-17.845926
-16.542675
17.992882
-15.791739
16.108477
16.855114
15.282015
-15.415592
14.605675
-14.099475
6.0947347
5.247591
-13.253691
10.236694
9.598122
7.030572
4.353949
1.7235909
2.6154933
7.887435
-6.098679
0.82482797
0.006725365
-0.06828396
-5.260542
-6.992131
17.53463
12.100114
-4.4117336
-8.588994
-10.106799
-11.008756
-11.915129
-0.92624056
-3.54016
11.312464
-1.8197634
13.675351
-14.722782
-9.396543
-2.6896908
13.019029
3.5052752
8.682089
-12.316387
-7.7324476
