1116.9316
778.7079
689.2338
545.9724
523.1294
432.89725
282.58368
275.17636
241.98766
212.9078
160.27531
146.88995
141.11246
132.95705
121.317024
117.34216
106.29725
99.973885
96.233376
88.0446
86.10919
82.02486
78.99563
73.04606
72.08138
70.04716
63.902378
-41.43876
59.764862
57.10712
51.55178
46.819756
45.703686
-30.859001
-28.459476
42.565388
40.585194
38.484722
36.986702
35.875515
35.529972
33.857838
31.89016
30.678108
-26.875658
-26.406076
-25.363987
28.987906
27.950176
-24.744999
-24.896057
-23.4133
25.237812
24.765297
26.63823
-22.966711
-22.617752
-22.210947
22.867477
21.932812
20.810183
26.475172
-21.372923
-19.549871
-20.361025
19.334743
16.846691
-16.83515
-15.806317
-14.817528
-13.951535
-18.60198
15.525216
14.2381115
-20.904087
-11.9872875
-10.9188
8.987488
10.270559
-9.802796
7.6475825
3.695265
2.3623278
-3.9351935
-5.1587844
1.0134894
-2.65958
-8.717024
5.0477066
0.011103833
-6.3529644
-0.17515525
11.647318
-17.93224
-1.3534646
18.397472
-7.5471864
12.992549
6.371788
-12.992075
