321.53915
310.55634
254.70746
187.26323
153.29584
126.37053
115.547646
111.34624
90.97378
83.783035
80.89937
76.88047
67.676094
54.103004
47.777073
39.55769
37.405502
36.60998
32.594696
30.330156
29.218027
28.474627
27.514929
25.293196
23.234901
22.02651
-18.658834
-16.609364
-16.025797
20.696184
19.327375
18.962166
17.828892
17.25055
17.080048
-15.608765
-15.234853
16.241928
15.728317
15.941894
-14.742351
15.260313
15.016596
14.195105
-14.329189
-13.944577
-13.843801
-13.2884035
13.94515
12.343849
12.833749
11.860556
13.360355
-13.26064
-12.383819
-12.7377405
-12.856149
11.18708
-11.924517
-11.524315
-11.016939
-10.767152
10.712174
10.243996
9.815905
9.200464
7.104899
7.7320304
-10.301632
6.392319
5.782569
-9.897276
-9.460076
-9.095598
4.4982557
3.2084284
2.5855143
-0.011643362
-8.545568
-7.3730993
-6.958551
-6.4360065
3.8415475
1.9312929
0.06829302
-4.191287
-0.53068465
0.6286038
-5.852583
-3.5867887
-4.7687616
-8.124512
-3.0102963
-1.1422793
-2.3915179
-1.7811941
1.2722743
-5.2988696
8.29668
5.1464663
