22.253696
-15.230766
14.014099
13.547261
-13.157185
12.390736
12.633694
-12.412219
-11.569872
-11.3487425
11.789438
11.4242115
11.244376
10.893748
10.818553
-10.897477
-10.819024
10.379707
10.310211
9.919795
-10.693801
-10.368047
-9.993291
-10.188218
-9.783846
9.835943
9.52926
9.683108
9.305046
-9.52893
-9.424951
9.111212
8.84515
8.635573
8.537721
-9.242311
-9.203461
8.209812
-9.059833
8.068575
-8.722186
6.803802
7.0775757
7.313903
7.6120815
7.77372
-8.584418
-8.460994
6.528882
-8.193271
-8.049634
6.2857018
5.707083
5.456154
5.1603928
-7.77346
4.862633
4.5436444
-7.5528884
-7.066577
-6.8520303
2.6390443
2.989976
2.3210044
-5.213958
-4.984705
-4.666789
1.9541165
-2.132167
-2.4500542
-4.3224587
-2.7949886
-1.7993945
0.95411897
0.26745248
0.00021457719
-7.4162726
3.2527668
-6.6380115
-3.723622
0.597866
-4.0282984
-1.4599172
-0.09732946
1.2979777
4.27789
-3.1161752
-0.792513
-0.44557452
-5.5997243
-6.2862244
3.8966844
3.5966117
-6.1077433
1.629237
6.0027294
-1.1323054
-3.4338908
-5.8191895
9.084007
