419.24042
280.05438
232.52763
234.88501
152.41039
126.80197
111.75144
104.27592
85.2489
80.52729
74.51606
71.51609
60.769142
56.799873
53.661907
50.348976
46.667103
45.67584
42.991287
39.007114
36.933502
34.765675
34.073196
29.551857
28.78643
27.720016
25.466204
23.886126
-17.21832
-16.033081
22.870085
22.246006
20.192451
19.511318
19.149778
18.557753
17.120161
16.817184
16.35131
15.87971
-14.743987
-14.126002
-14.349725
15.142841
14.93635
14.507005
-13.416383
14.270013
-13.169086
-12.738073
-12.866194
13.140743
12.577526
-12.495096
-12.372483
11.901304
11.458544
-11.997574
-11.802373
-11.469884
13.735571
10.108443
9.398733
-11.1043005
-10.335425
-10.072659
10.6758795
8.82924
-10.726366
-9.334389
7.442671
6.770341
-8.977133
6.0489016
-7.552609
-6.9745297
5.4589753
-8.142465
-6.538692
-0.005312712
2.7636042
3.3891158
0.12576847
-0.4487474
-1.1162727
4.0856133
-3.5898287
-4.1840177
0.6847739
2.1095886
-5.956794
-1.7819567
-4.8500347
-3.017087
8.284344
-8.495509
-5.39794
4.709595
1.4527088
-2.4204984
