1654.9309
197.61226
149.10092
103.762924
95.79517
82.04835
63.355938
-40.089725
52.791912
49.313126
46.67972
43.07963
39.191383
37.95436
30.622086
-25.821535
28.017214
27.353956
25.595053
25.191484
-19.61584
22.183203
21.311499
19.999285
18.847477
-15.48685
17.498693
-14.295916
16.701017
16.039766
15.429109
14.873284
-13.701961
-13.409356
-13.200101
-12.898762
14.303052
14.102232
13.972418
-12.814019
-12.555486
13.665833
13.533642
13.153342
12.339118
-12.230846
-11.445174
-11.609606
-10.9593
-10.760513
12.90029
11.573242
11.113653
-10.527622
-11.957864
10.633417
-9.797604
8.25326
8.851152
7.7490497
-9.475952
-3.4731457
-2.9136798
7.258406
-3.9723132
-5.4800496
-6.0501094
-4.9978848
-2.360805
5.0308046
-9.074127
-6.47814
5.633905
-1.8218751
4.44452
1.6220493
2.2228973
1.0337377
0.44874573
0.0011500814
9.336068
-8.712594
-8.230708
6.763272
3.9371097
3.3468652
-0.087221704
-7.020723
-7.417747
10.309872
-1.2069546
-11.918597
-7.912615
-10.150475
9.831143
6.22866
-0.64829063
11.9257
-4.4995413
2.7722092
