511.03174
424.94412
377.00687
354.5942
306.22873
216.28954
203.04482
145.48926
122.88067
89.38021
81.997696
74.162476
66.23668
61.61343
59.183125
55.172844
51.670544
48.534172
46.77552
43.256413
41.97258
40.057022
38.05931
35.698776
34.605366
33.799007
31.818596
30.531343
29.949406
-17.32518
27.490208
27.814697
27.00808
26.40373
25.936872
24.5966
-16.01647
-15.797417
23.191431
22.983372
22.165115
21.650337
-15.192545
-14.633764
-14.447339
21.3254
20.765621
20.104715
19.127226
-13.876847
-13.420791
18.177645
18.494295
-13.092517
16.988688
-12.597526
16.50297
15.67859
15.078666
14.046422
-12.282576
-11.5550375
-11.811807
-11.015629
-10.770334
13.355029
12.68748
11.628465
10.768984
9.879174
-9.075227
-8.535287
-9.810121
8.266744
7.5231867
6.5625267
-10.118432
-6.7342653
-6.1108956
-5.4222484
5.6533775
-7.862808
-4.7970276
-2.029813
-2.7587366
2.518781
3.275754
4.845372
1.709571
-1.2687955
-3.4048493
0.8575926
-0.0048590777
-0.46946833
9.13443
4.058838
0.17225817
-4.1074886
-12.009636
-7.377532
