279.016
155.72217
127.59755
113.72547
64.26277
49.430153
45.14833
40.754444
31.411852
27.311247
17.893763
14.606355
11.166032
9.446769
7.816613
7.1990805
6.9943624
6.6783094
5.7005625
4.8625045
4.617264
4.435633
-3.237775
3.918726
-3.0466282
-2.9601755
3.729502
3.5131338
3.4653814
3.4053853
3.2050633
3.2175906
3.014505
3.0997632
-2.7077754
-2.7427866
-2.6190279
-2.5862026
2.849578
2.789968
2.7930923
2.741358
-2.5584831
-2.5174627
-2.481336
-2.4401755
-2.3623044
2.574514
2.6388738
2.4479423
2.379872
-2.3181489
2.308709
2.2376127
2.1319969
-2.2844572
-2.2049994
-2.1747673
2.0381997
-2.0067415
-1.919448
-1.9672279
1.8537759
1.7100449
-2.0979106
-1.7743397
-1.4390202
-1.5319505
-1.6509548
1.607564
-1.3572848
-1.247253
1.5018232
1.2946761
1.1724021
-1.7161174
1.0647327
-1.0505794
0.9465445
-0.9425053
1.3974383
0.5956678
0.4797898
0.36594963
-0.2946948
-0.18339612
-0.077663116
-0.00043353735
-0.40737283
0.03683626
0.711713
-0.83580166
-0.7295923
0.25084737
-0.62023234
0.83083975
0.13900056
1.9270957
-1.1551476
-0.5126482
