324.24362
212.98416
162.90625
107.50251
54.402264
33.27971
30.748886
24.719421
16.920176
11.740254
11.182764
10.542137
8.270678
7.3378906
7.028922
6.6793714
-5.8621483
6.15684
-5.317337
-5.2164097
-5.048023
-4.838042
5.780458
5.5687985
5.0694666
5.253261
5.212393
4.953819
-4.736819
-4.5853624
-4.493475
-4.219917
4.7166586
4.583864
4.5017586
4.33432
-4.090784
-4.121519
-3.918979
4.1692753
4.0512323
-3.86732
3.9664404
-3.7168765
-3.6199267
3.820868
3.7970083
-3.5640147
3.4822986
3.5809727
3.727422
-3.3198204
-3.4971364
-3.4286063
3.3476593
-3.212873
-3.12056
2.83114
2.9864237
3.1172092
-2.9898987
2.676395
-2.6672351
-2.7764204
-2.476071
2.3671367
2.2314994
2.0532901
1.9309374
-2.3590622
-2.1961327
1.5922642
1.4135971
1.2601739
-1.794922
1.0979384
-1.647719
-0.889243
-1.4994116
-0.72107667
-1.0415267
0.42849886
0.2583479
-1.2013171
0.00014191555
-0.557937
-1.9496584
0.10310497
0.927844
0.59678763
-0.074832104
-0.22726142
-0.3884917
0.76553065
3.2518091
2.5293136
-2.8593967
-2.0878055
-1.359725
1.7503302
