453.8249
413.61862
387.48334
334.39453
296.058
246.37312
217.103
184.56512
153.79002
101.197716
87.464264
80.52259
76.00891
69.154686
68.69965
62.600494
56.098427
53.041843
49.978745
49.34925
46.546833
45.461655
41.88818
41.359653
40.013313
38.85477
38.23198
35.884953
35.309464
-22.887629
33.00164
32.569042
31.75392
30.674768
-17.183409
28.571163
27.554567
26.595917
25.871914
-15.486086
-15.264939
24.949667
24.337845
23.419174
22.405354
22.502123
-14.1213255
-13.87947
20.422064
19.868425
19.439419
-13.288196
-12.751801
18.371952
17.22714
-12.422387
-11.985288
-11.841959
16.67351
-11.077171
-10.841955
-9.293099
-10.532861
15.001926
13.954824
13.397781
-8.832804
10.598615
11.418894
-8.274156
-7.8639135
-5.9752865
9.666686
7.1620097
6.2585487
5.339186
-5.298101
2.7877817
2.0053804
-4.6379333
-2.4936035
12.2696295
-6.581853
-3.2445135
-1.7670598
1.1911153
3.6742573
-0.99446887
8.010695
-0.28893822
0.42366093
0.0010282793
8.888267
-7.273032
4.465354
-3.929958
17.715805
15.927902
-11.629345
-10.082876
