414.43137
225.801
93.48166
61.094933
54.54798
47.6242
39.80259
31.085888
24.117458
22.410234
17.552343
15.954508
15.570522
13.783803
12.338923
-9.439348
10.160922
-6.9004655
8.856048
8.303957
7.557033
7.0785313
6.531847
6.117488
5.8316126
-4.163206
5.207718
5.0834312
4.802723
-3.771103
4.44468
4.272924
-3.6041086
-3.5619602
-3.3872716
4.173443
4.0011177
3.8662689
3.7502
3.5482903
3.4598558
-3.3003626
-3.279071
-3.2189019
-3.1522527
3.4213753
3.3347154
3.2363746
-3.0571063
3.1339912
3.0216994
-3.045467
-2.954511
-2.8866303
-2.788308
-2.762993
-2.65121
2.6717126
2.7933629
2.9066305
2.5485432
-2.4561443
-2.3486967
-2.240521
-2.5930316
-2.1454976
2.4518852
2.1916828
2.3341734
-1.9360936
2.0391366
-1.7842548
1.8931997
-1.6823051
-1.5425787
-1.023867
-1.1575234
-1.2944112
1.6062484
-0.877908
1.4581542
1.3116181
1.1611582
-0.45930254
-0.16210315
0.57175773
0.42324117
-0.7420903
0.72040933
-0.0239897
0.00083590543
-0.31082097
0.27184498
1.755286
1.0163289
0.8646066
-2.0219913
0.12137373
-0.6043546
-1.4260358
