191.99194
39.110733
25.182997
16.05265
13.7210245
10.741384
10.289286
8.6505
6.524027
6.247467
5.877463
5.144791
5.0153947
4.3456416
4.0797596
3.6413958
3.5760694
3.3241744
-2.9093812
-2.7879353
3.1403687
3.083179
3.0080264
2.7745216
2.7148905
-2.617701
-2.5581748
-2.5166407
2.593537
2.5124857
2.4836845
2.4114022
-2.4530292
-2.4112866
2.3427775
2.315445
-2.296926
2.2330046
2.2887123
-2.2327344
-2.265207
-2.163251
2.1476617
2.0812387
2.0531483
1.9649351
1.9210769
-2.081864
1.8430228
1.7309684
-2.1033146
-2.0261703
-1.9818645
-1.9446805
1.6662631
1.411609
1.3458383
1.2779834
1.0881758
1.0074366
0.9178121
-1.9084426
0.7994025
0.72580075
-1.8177402
1.5349779
0.5404099
-1.7086155
-1.7830952
-1.7480431
0.44664508
0.35762793
0.2661682
-1.6344969
-0.18178721
-0.27207825
-0.09311659
0.0011841828
-1.344414
-1.2735071
-1.2013243
-1.1162539
-0.3596635
0.17509064
-0.0061709136
-1.4756904
-0.87049603
-0.78856033
-0.6217674
-0.5368311
-0.7055041
-1.0234303
-1.5399395
-1.4306219
1.6141818
0.08714696
-0.44603664
-0.95803905
1.1957028
0.6301714
