446.147
350.89542
274.3503
214.42676
179.37871
138.33473
123.26905
111.25136
95.7904
80.43236
73.51909
72.19263
65.12798
60.62687
56.951553
54.733234
46.16829
47.026676
42.812813
39.71645
37.891018
36.69723
34.17619
31.956278
31.62616
29.84313
-22.907234
-19.316673
27.765533
27.23688
26.546799
25.367184
23.457499
-18.337889
-18.123814
-16.82346
23.095125
22.286047
21.125372
20.832691
-16.365156
-15.913038
20.245073
19.671623
19.320728
17.50281
18.554188
-15.5332985
-15.116005
-14.818143
-14.436198
16.498621
15.68693
14.840537
14.194439
-14.239202
-13.746595
-13.491386
13.277989
-12.9594755
12.035383
11.225019
-12.523934
8.623099
7.9047995
7.007621
6.2940364
-12.022933
-5.0817847
-5.73121
-9.02372
-6.4432034
-4.38487
3.8674226
3.0563264
-9.600409
-8.35373
-2.9463055
-2.2017431
1.4973081
2.2655478
-0.72130305
-0.030566318
0.023495654
10.503118
-10.256863
-7.7611814
-1.478061
-11.704959
-11.312964
4.6463814
-10.716639
9.641037
5.389954
-7.133455
0.70923775
-3.6806166
18.781076
16.122078
12.670188
