880.52374
708.87036
592.8506
563.9941
460.51
370.77945
360.8134
299.12823
311.4679
164.31227
134.78258
-92.65861
122.06846
116.53343
113.36856
109.388954
100.743126
98.328835
92.350426
89.33634
83.134315
81.21507
76.35954
75.31546
71.71196
72.84287
67.65075
64.297
62.794285
-42.714565
-39.094017
59.781155
57.76641
56.77993
52.940514
54.350426
-37.272
-35.15325
52.188923
50.09359
47.881386
-34.08754
-33.079018
47.479744
45.330402
43.431957
-32.564632
-32.302505
42.18033
-31.08272
-30.360296
41.40059
38.95498
-29.425974
37.849327
-28.204386
35.680805
32.90446
31.532207
-27.591164
-26.14176
-25.058296
-24.36882
34.44932
28.350704
26.844463
-23.150375
-19.687483
24.757261
-27.0702
-20.631866
-18.450653
-12.576157
-14.263254
22.787642
-11.234168
-9.802481
6.6818123
4.9506497
-3.556752
-1.6367445
0.02367567
-0.1942105
8.305573
-5.1943736
-6.7348604
3.2009337
15.242514
18.842552
13.653046
17.321482
-21.964777
30.475668
10.113299
-15.511402
-17.031591
21.04957
11.92021
1.2851473
-8.263459
