2491.7686
1781.4264
1704.8766
1391.7781
1218.6046
1232.678
913.047
857.4601
640.42584
317.72986
293.4636
252.30775
241.97488
226.95662
220.52745
210.59038
202.39902
197.8211
190.17784
-124.14606
174.48924
171.85081
166.56947
156.32196
148.1018
140.73859
131.69878
123.24683
122.42742
114.28247
107.605545
103.95404
-71.300705
94.79084
90.947395
89.05837
80.53241
86.22178
85.16158
-59.41529
78.51732
75.42878
72.79061
69.90086
-50.477943
68.38114
65.27852
62.86896
61.617317
59.77544
-45.58104
-44.58086
-43.336174
-42.54295
55.93406
57.261414
52.78146
-41.239403
-40.349632
46.759346
43.90681
36.25864
41.258503
32.999435
30.101225
-39.711124
-37.967537
-36.348957
27.133617
21.710484
-35.114265
-33.95674
19.218199
-21.016504
-23.158821
-18.83076
5.265443
2.5548897
-9.689884
-7.313799
16.14447
7.966108
-12.188419
-0.030734206
0.17667486
-29.025896
-4.8292236
-30.130245
-26.908419
-16.714949
50.579426
10.614595
13.454305
-31.940962
-39.21736
-2.2348092
-25.222458
-14.413862
24.569805
39.334373
