152.61801
104.0334
86.864075
67.84053
36.548496
31.728502
26.465828
23.085634
21.866323
20.190756
16.849825
13.331863
12.648228
9.678551
9.125425
8.3277645
7.9488463
6.0418653
5.2628207
5.305068
-3.6656375
4.465071
4.195769
4.0794935
-2.7225559
3.2773962
3.1223814
2.9752383
2.8337126
2.6809928
-1.6526603
2.4840958
2.4556952
2.3571866
2.1572409
2.0826643
-1.5503783
-1.5125308
-1.48718
-1.4315671
2.0364757
1.9210347
-1.3690555
-1.3428917
-1.3237437
-1.2953397
1.839187
-1.2479093
-1.2337179
1.8231883
1.7486635
1.7042351
-1.2058856
-1.1720825
1.6765915
-1.1301169
-1.0962992
-1.0405331
-1.0027289
1.5336934
1.5513738
1.4788871
-0.950971
-0.8960385
1.3838202
1.0876772
1.612703
-0.83893204
1.1557082
1.2796425
1.3396987
1.0193307
0.95035434
-0.7738399
0.72916555
0.79652196
0.6528431
0.56763244
-0.6143299
-0.5493829
-0.67828935
-0.4839416
0.27868965
0.49731195
0.3499932
0.2056234
-0.4222563
-0.14855075
-0.2205641
-0.07632296
1.2290027
-0.28855348
0.8844688
0.13124785
0.0005236257
-0.010258702
0.057898406
-0.72230977
0.42579833
-0.35313582
