265.21014
183.97203
170.18004
110.79394
86.77359
69.995605
62.046074
42.58147
37.920116
28.325998
26.080004
21.015173
19.245659
17.416262
15.95559
14.1402445
12.584314
11.393546
10.098504
9.282879
8.932846
8.269343
7.677387
6.9759603
-5.981976
-5.626819
6.418319
6.1611066
5.9157267
-5.3658595
-5.048951
-5.019045
-4.7524796
5.6196265
5.516132
5.343234
5.2437086
5.1056404
4.9417367
-4.663945
-4.511996
-4.4278455
4.7290297
4.637392
-4.2411017
-4.198083
4.439369
4.3306665
-4.0753083
-4.036225
-3.9572897
-3.8317566
-3.7621481
4.256957
4.118765
3.9974484
3.8808792
-3.6000657
3.6212173
3.341171
-3.4777358
-3.150785
3.4885771
3.157873
-2.9861953
-2.8195634
-3.2701585
2.5906277
2.3931844
-2.6906734
-2.0076067
-1.8527131
-2.2080219
-1.1099459
-1.2941281
2.223393
-3.3781426
-0.9246043
-0.7391771
1.410286
1.2062141
1.6177142
1.0049021
-0.15459616
0.21438833
0.034203302
-0.0014105387
2.847019
-1.6637659
0.41233972
-0.5474414
2.0252845
-2.3706462
0.61928004
2.951532
1.8126919
-2.4983726
0.8177751
-0.34686613
-1.4940817
