2064.3271
330.2536
283.78085
229.61423
174.10692
132.31752
112.41394
105.52962
-69.658325
94.9221
86.55881
83.5069
78.38841
72.713104
-53.00596
60.03422
58.903206
54.21305
-38.925125
-35.83255
49.805428
47.428204
45.52495
43.84416
42.13162
40.516872
-28.960485
37.066708
35.904755
33.847263
33.17654
31.874424
29.499815
29.737171
-24.438036
-21.461817
-20.757294
26.542889
26.310865
25.097149
24.147076
22.68834
22.266027
21.296627
20.646435
-18.883549
-18.14749
-17.718678
-17.511518
18.976254
19.474712
18.32071
16.093748
15.189927
17.078873
14.235763
-16.662582
-16.472153
-16.357561
-16.070717
12.71965
11.77841
19.854881
11.002824
-15.16055
-15.586238
9.043132
8.148318
6.2303696
-14.78317
-13.95824
7.226456
-13.578812
5.2888484
3.3502333
2.3994536
-8.050793
-7.252717
-12.3468685
-11.583922
-8.83598
-3.037181
-3.9079714
0.0006700614
1.4656777
0.505731
-11.0158825
-6.541328
-2.1637182
-12.759052
-9.495979
-4.7556725
-1.2370636
-0.3213725
17.591948
9.909636
4.2851562
-10.358318
-5.6788125
13.55817
