1588.3174
1058.2646
922.44226
892.4439
717.55145
548.07086
505.9101
407.71136
337.2285
254.60555
231.75056
-172.29681
-158.4586
203.1982
198.45467
179.52893
170.6702
168.23276
162.81638
155.18039
146.5255
135.96567
133.64229
127.93493
-126.243965
-122.79398
-120.15499
-116.391846
122.83862
118.671364
115.90728
113.59863
108.06262
-98.24634
-94.21566
-92.78379
101.748
104.191734
-88.35646
97.13962
94.68631
-83.30366
-81.8309
90.92877
91.68271
-79.722916
86.295
84.13436
-77.296135
82.906975
81.167
-76.117256
-76.08209
-73.06688
-68.63193
64.97403
74.632675
72.994965
71.015
60.996437
-65.4085
55.483727
69.00621
-63.243416
-61.456802
52.33763
38.244682
42.754185
46.578625
-58.820118
34.701496
-56.815052
-53.221775
27.449696
23.487951
19.718176
-50.325455
-49.399178
16.02208
-0.004827676
1.2450374
-42.823456
-39.98457
-16.524143
4.8249393
8.698017
-2.1621797
-20.090755
-36.25046
-13.034567
12.389611
-5.857211
-23.384535
-29.829111
-33.256615
-26.946009
49.45144
-45.045975
-9.552636
31.206211
