1505.2653
1018.949
917.39386
712.54425
619.4418
488.56976
453.15027
426.8204
400.99014
171.53569
126.83297
118.26589
108.65858
100.03061
93.59257
91.590096
80.25512
76.11723
74.52568
-46.322796
-44.25176
-42.53935
70.37031
68.4596
65.54851
64.11852
-40.746605
-39.679527
-38.531044
61.148514
59.389996
59.049206
57.642414
56.717247
-35.300648
-34.50771
54.45584
-32.53914
-33.390343
-33.55888
52.133553
49.821335
-30.311342
-29.903008
-28.967318
-28.541811
48.304817
44.8713
45.507362
47.24429
-26.667059
-25.802174
-24.590658
-23.703745
42.726032
39.435753
41.86422
38.16172
-22.294115
29.989874
31.49987
-19.959036
28.617668
-18.940176
19.783228
21.613466
18.117231
-13.383908
-17.559608
36.46946
-11.925557
23.180695
-10.328638
11.083415
9.371576
7.67157
-0.00094398035
0.6785223
12.807895
-0.7398277
2.3016055
-8.857016
-4.143313
33.595005
-2.329197
-7.3349247
-16.167486
26.57854
5.977954
16.394436
47.04927
-27.53179
-21.34385
41.05584
35.002586
-14.791241
-5.853987
25.149157
14.659582
4.2338862
