651.3228
479.21426
417.59958
341.43246
304.79474
243.80661
230.83914
219.81596
213.3847
179.55602
152.1456
135.72137
114.36746
100.5105
95.97121
85.868965
77.8753
76.47556
75.39934
71.550446
67.79452
64.27335
58.296036
57.101406
53.321114
49.852604
48.753704
45.32688
44.43297
43.60193
40.911346
-33.437733
-32.574493
-31.105877
40.01645
36.756737
37.440437
-28.989594
35.965137
33.033066
34.895348
34.787354
-27.877913
-27.175491
-26.442501
30.850079
30.098177
-25.399656
-26.773375
28.981382
28.45381
27.490162
26.452284
-24.71027
-24.314594
25.584782
24.073263
-23.785725
22.597837
21.299082
20.241001
-20.945496
-22.058216
-22.844826
18.79
-20.462849
-19.659704
16.369635
-17.988974
8.164763
6.7215915
13.50224
9.4213295
5.4626102
-18.505596
-16.165958
-13.806939
-12.724387
-11.695958
1.3821636
-10.643451
0.24496467
-0.010134025
10.715166
14.815929
-6.0061264
2.7778065
-4.7605424
-16.634455
-0.9126361
-7.199765
-8.350165
-15.073077
-3.5161371
12.100641
4.1363344
-9.494061
-22.725172
17.478642
-2.2072778
