548.8396
398.308
279.81696
256.25168
184.52248
151.05743
134.17863
112.74446
100.56069
97.01596
91.57587
87.64786
80.42551
69.409386
67.59922
63.834766
60.670578
59.436005
50.266308
44.248928
41.4837
37.284412
33.691765
31.570545
29.455475
-26.104374
-25.560549
-25.180128
30.283121
28.519926
27.785353
26.22397
-23.67821
-23.485437
-22.694407
25.535553
25.174192
-21.87131
-21.351269
23.168228
23.555744
22.104101
-20.41583
-20.968954
22.313995
-19.925814
-19.738462
20.90892
21.0976
-18.901608
-18.603184
20.001831
19.61962
18.822994
18.22802
17.385513
-16.691957
-17.125998
-17.623438
-17.89721
-15.898043
15.934322
14.798557
13.962876
-14.062219
-13.548044
-14.780665
16.36851
13.131537
-11.942656
-11.187395
-10.339373
10.33262
11.221307
-9.610409
9.42781
-15.34746
8.372491
-7.976214
-7.091119
-6.2380137
-0.78925675
0.06449683
-0.025727088
-1.7392493
5.612216
4.6874013
0.867234
3.7692919
2.8278847
12.166854
7.435625
-5.363392
-4.493754
6.4829636
-2.707248
-3.596253
1.852925
-12.628832
-8.808039
