854.05115
477.04596
423.69492
351.27332
241.23749
215.54407
188.32297
147.07639
136.39786
130.70766
108.48918
106.12851
92.10576
86.10914
81.44559
76.35823
65.77719
62.965454
60.04533
55.626728
54.903187
51.373264
48.75274
43.61076
41.990257
39.838238
36.824116
35.814037
-24.344063
-22.743183
-21.304623
31.108799
30.07843
28.907862
27.477545
26.835497
24.978617
-20.770363
-20.324627
-19.831488
-19.32228
-18.896461
24.745531
24.173368
-18.27764
-17.852877
23.340557
23.020302
22.551529
-17.127365
-16.746609
-15.934818
-15.755279
21.37683
-15.155785
-14.726608
20.558542
19.768175
-13.992659
-13.10546
19.024055
17.913786
16.977413
16.205744
-12.556391
15.069966
13.393007
10.610956
11.592005
12.506563
2.044351
1.0982985
-0.0043456997
-8.379924
0.26261926
8.657635
2.9986556
-9.066368
-7.5188923
7.7840676
-3.296458
-2.3949103
6.7758055
-1.487433
-4.2027707
5.8472776
-5.0525985
-6.6984153
-12.021537
-9.774074
3.970882
18.489685
14.510438
4.8843036
-10.5922165
-11.338512
-5.90777
-17.428154
-0.61749285
9.549468
