554.70874
352.91724
286.7219
207.70766
162.00102
151.6693
131.91762
117.31423
106.78232
96.20297
92.2444
82.794334
80.82351
75.471375
69.04085
64.73076
63.443256
60.459316
56.948826
56.48291
53.847145
52.900715
46.50793
43.936413
39.680317
38.171005
36.664906
37.68858
34.288773
31.617874
-21.377808
30.451803
28.2171
25.737703
25.081814
24.501684
22.35786
22.500624
-19.97378
-18.970364
-18.343554
21.10599
20.15795
19.756535
-17.448097
-17.93916
-17.229063
18.823338
19.351833
-16.846834
17.950062
17.272911
-16.352291
-15.817453
15.2522135
16.144173
-15.544573
-15.392078
14.709353
16.513836
-14.853015
-14.539667
13.710513
13.195852
11.977768
-12.917472
-13.937286
-13.823659
-12.503259
-11.993183
10.961601
-11.274679
9.211529
8.434616
-8.746109
7.497308
-9.376973
-7.9934034
4.913994
4.0542064
-0.9054404
-0.16853732
0.00603258
0.5831
-10.731048
-4.9976077
-4.2020235
3.1967971
2.3750327
-1.8240019
10.214678
6.656625
-3.4225936
-7.311036
-5.771199
5.8016124
1.4814506
-6.535741
-2.649893
-9.985845
