125.0309
31.70086
19.687943
10.770586
9.353152
6.8473873
6.3649707
6.020149
5.4333296
5.0175
4.5612636
3.613045
3.3280225
3.445549
2.82168
2.682717
2.5975077
2.305037
2.1074684
1.9569833
1.8528144
1.7599655
-1.4755864
1.6118517
-1.3835616
-1.3296366
1.5465994
1.5136769
1.4130205
1.3988844
-1.2844408
-1.2750275
-1.2303894
-1.2114289
1.3695841
1.3270514
-1.1488508
-1.1427323
1.2789888
1.2540243
-1.1347008
1.2195976
1.2054082
-1.0786895
-1.0707086
-1.0617921
1.1814266
1.1394793
1.129033
-1.0236591
-1.0052917
-0.95981634
-0.98346066
1.0811065
-0.92632383
1.052949
0.9411709
0.9272728
-0.8904923
-0.76285124
-0.8027656
-0.8368228
0.8786411
-0.72802466
0.0005303424
-0.0043206573
0.045787256
0.7403073
-0.05131913
-0.19657415
-0.28912
-0.24311006
0.6310567
-0.51473075
0.094133906
-0.14817452
0.59183985
0.14335313
0.3439334
-0.56639844
0.2903216
-0.47282225
0.43980977
0.3893011
0.80219275
-0.3355021
0.19367729
0.6870666
0.54585767
-0.6776284
-0.4278672
-0.61000633
-0.3846214
0.4926942
0.24215898
1.0196493
-0.86435187
0.8240082
-0.64649284
-0.099508554
