358.63098
285.4144
167.97913
107.066925
76.07445
70.08166
58.487633
47.95576
40.54364
27.711172
21.24763
20.189884
16.293232
14.572383
12.824625
11.847856
10.300928
9.743967
8.416063
8.071709
7.655686
6.256743
5.639617
5.218971
4.9716225
-4.134863
4.517514
-3.6862483
-3.6064243
-3.40743
4.0208044
3.9495025
3.8735223
3.7399962
3.5702262
3.453524
3.3371854
-3.2851653
-3.2196994
-3.1656938
-3.0566776
-2.9671814
3.2154334
3.2713432
-2.9035926
3.171044
3.0767632
-2.8392546
-2.7993028
2.9660285
2.8950498
-2.756121
-2.5837176
2.718728
2.8332043
2.560455
-2.6849916
-2.539743
-2.4841518
2.4371715
2.325377
-2.096272
-2.2400062
-2.413462
-2.0237288
-2.32705
-1.6865563
1.9700372
1.8251741
2.2186766
-1.8013225
-1.570832
-1.4689045
1.7290001
2.137773
1.4572047
1.3312317
1.1766273
-1.0922793
-1.2042546
-0.96151334
1.0555335
0.64399016
0.5037717
0.77625144
-1.8858529
0.36229166
0.00043785118
1.5994493
-0.43711743
-0.1685786
-0.30353028
-0.04346748
0.2251325
0.9159258
-0.70802087
0.09214947
-1.3424044
-0.83501595
-0.57292676
