1147.9219
944.61206
708.00836
542.4921
483.077
425.2154
383.1
270.44455
226.61713
206.59698
191.00073
159.17287
155.56406
144.40936
128.02591
123.16288
133.01834
114.729294
100.01347
91.18211
88.045685
82.983574
79.33889
73.16185
72.23167
-50.495605
67.14749
62.666313
63.464725
59.58932
53.27072
-44.418762
49.98714
49.307316
48.08113
46.64949
44.765976
-42.56446
-41.788177
-40.38373
43.50115
40.850735
-38.705513
39.747635
38.56824
37.883007
36.76471
35.44508
-37.085426
-36.953873
-35.95289
-35.707653
32.644466
-35.395878
-34.3122
-33.468124
34.766705
31.212908
30.34631
-32.89449
28.005564
26.269018
24.779057
22.895678
-30.653698
-29.639421
21.096958
-28.327131
-31.550323
-26.555452
-25.28291
-21.136883
17.623272
15.831432
-19.700863
-22.58648
14.035983
8.67441
-18.160305
10.425885
-27.386223
19.300076
6.851602
-16.781956
5.0269747
-13.512325
-11.940643
-3.5817628
-1.8164021
0.020493837
-23.781918
-5.345058
3.1749372
-0.2330774
-15.140739
-10.313717
-8.713473
1.4255152
12.277157
-7.0868163
