1122.6819
939.8748
904.5563
673.7842
612.4517
528.56287
402.71863
371.54446
268.36438
217.09575
189.9155
179.75029
181.78525
163.61665
153.46385
151.40776
138.84459
131.30235
-84.0316
110.32651
100.138504
93.18654
89.76871
86.115005
75.88714
74.59945
71.54974
67.3168
-48.126957
-46.10747
62.985146
-43.220898
-41.313263
-40.0628
56.869488
56.20202
52.849277
50.29959
49.29466
48.651707
-37.448624
-36.790962
-36.563953
-35.37092
44.59172
-32.34337
-33.489025
-33.6825
45.847424
44.218895
42.887146
42.116417
-31.328718
39.40122
38.905777
-30.119612
-29.801859
37.768738
-24.137074
-25.562132
-27.802914
-22.865328
-28.634636
33.72786
-21.789831
32.69947
28.455767
35.76132
-19.017914
-17.547165
29.926079
26.566254
-15.863159
-14.398253
24.6818
21.151876
-9.433271
0.00062389387
19.063559
-7.748225
9.946457
-0.7850823
31.44914
22.844585
11.855243
-11.102533
2.650197
0.871165
17.3654
-6.0852556
8.141931
13.59051
-2.5122876
4.515884
-4.289453
6.390477
15.568363
-20.335464
-27.132479
-12.569208
