627.2239
549.58746
466.974
432.2134
328.1709
294.91687
226.30437
178.8702
101.38902
98.98447
88.51664
86.020485
83.86027
77.24646
70.01511
65.37524
66.27904
61.088215
57.8808
57.93095
53.50422
51.621487
49.26415
46.87628
44.439133
41.68525
41.068367
38.34287
39.3974
35.54477
34.45154
32.48724
33.58984
-26.655233
30.225985
29.551956
27.601948
-21.725779
26.893925
25.68013
25.381964
24.878305
23.708221
-19.89274
22.395363
23.669373
21.63648
20.877699
-17.668041
-17.238832
-17.009144
18.90906
20.32118
18.410078
15.542241
16.642508
-15.354053
-15.221378
14.519227
13.834875
-15.119494
-14.4987335
11.804349
10.68823
-14.137555
9.854505
-13.719778
-13.482451
7.832821
6.8118963
5.892477
-12.93113
-10.229679
3.062703
2.1546981
-9.1340685
-9.70736
-6.8732524
-7.7242246
-6.2151403
-5.4630876
1.227141
-12.003503
4.975831
-0.00051911606
-3.8415606
-2.188045
-3.0209842
-11.172051
0.36621398
4.0243163
-12.59253
-11.591819
-1.3148849
12.763536
17.377321
8.719745
-8.45055
-4.6848874
-0.466244
