179.41191
112.78533
75.860634
48.916275
39.062374
33.445282
26.275288
19.294353
17.913975
15.2615795
14.206023
13.380069
12.215372
10.460412
9.254794
8.003872
7.4460588
7.125481
6.801275
6.0938272
5.600259
5.028467
4.793702
4.293336
4.181592
4.005651
3.8021843
-2.92926
3.4875598
3.377549
-2.7501013
3.0122156
-2.5841382
-2.4761457
-2.4172485
-2.319879
-2.4002302
2.8755088
2.8669553
2.7368188
2.6971374
2.6615777
2.5827606
-2.296503
-2.2443218
2.5265465
2.4415708
-2.1782477
-2.1618018
-2.1292763
-2.0823257
-2.0339246
2.3751357
2.2882726
2.2401652
2.135524
2.0575392
1.9444324
-1.8586577
-1.9246696
-1.901525
-1.5747343
-1.6208999
-1.4663222
1.4735123
1.5777922
1.7836634
1.3726249
1.8867555
-1.7358242
1.2699167
-1.4017678
0.7130411
0.82941186
0.9314324
-1.118156
-1.1994365
-1.0314626
-1.7079237
-0.93149513
0.60717225
0.2835429
0.1767671
-0.44133398
0.00028647424
-0.3435635
-0.5485525
1.0504141
0.39338237
0.07145213
-0.033943623
-1.2883401
-0.64523715
-0.23586063
-0.84223646
-0.740586
-0.132312
1.1548603
0.501879
1.6643994
