661.7477
568.886
507.76233
423.7779
349.974
244.00412
198.79834
165.7134
142.01591
129.40341
117.725426
109.85096
90.2787
82.12029
77.676056
71.7735
67.80824
64.23437
-49.66589
58.829453
56.662876
53.071198
53.842747
50.528404
49.596737
46.767853
44.30947
41.2351
39.392906
36.29199
34.830322
33.459488
32.070126
-30.349691
-28.944736
-28.205774
-27.625156
-26.615124
-26.076971
31.198544
30.36357
29.94773
28.736038
-24.83618
-24.184092
-23.381605
-23.095808
28.327255
27.675323
26.962412
25.358532
-22.375164
-21.881783
24.771912
23.482721
-21.101467
22.926912
19.788893
18.832869
-20.387566
-19.658222
21.144474
17.56583
15.280233
13.010897
14.108986
-18.66814
11.597503
-17.92374
-17.464767
9.293441
8.07158
6.952112
-16.471571
5.725994
-8.9852495
-10.006391
-11.052994
0.90272117
-6.85785
-11.852124
-14.80983
-5.786821
2.115068
0.0091842115
-0.17302813
-13.8896475
3.3220534
-4.691232
-3.5818148
22.00145
-15.391137
-12.952223
-2.4399493
-1.2266496
10.563601
4.557817
-20.24775
16.587671
-7.899812
