245.1499
198.71828
164.50638
105.66501
70.4746
47.82739
45.50111
39.506195
38.106483
33.19773
29.856123
27.875195
23.78159
20.415918
18.182755
17.63653
16.179045
14.159202
13.497397
11.683591
9.201
8.577378
7.4606004
6.6283336
6.297109
-4.6832213
-4.437536
-4.220077
5.114464
4.889058
4.787674
4.474293
4.3571515
-3.9255126
-3.8823867
-3.6947246
4.2668295
4.1738496
4.0695515
-3.6383042
-3.5094275
3.911889
3.781791
-3.4650755
3.711712
3.6867783
3.5558937
3.4869244
-3.264761
-3.2790737
-3.1998017
3.319184
3.070794
3.2307916
-3.0755992
-3.1226616
-2.9822505
-2.9210496
2.932732
-2.8013759
-2.4217684
-2.5049584
-2.624095
2.8094268
2.659933
-2.2573683
-2.1137197
-1.8532958
2.5433526
2.41248
-1.6306973
-1.7593441
-2.7150478
1.9608366
2.1209238
-1.4462618
1.8011907
-1.016343
1.3235562
1.17069
0.99786377
-0.86759216
0.8357009
-0.00048136013
-1.9990106
1.6485851
-0.7194059
0.05012992
0.19656555
0.35639465
-1.1650597
-0.56905746
0.6808989
0.52303255
-0.10226409
-0.2534631
-0.41459712
-1.3256025
1.4855964
2.2774796
