1519.8672
1139.3263
807.0822
599.9068
486.5126
481.57526
319.14432
256.11795
251.89265
202.70363
188.69557
176.65541
163.02914
154.37401
152.39986
139.43169
-91.69253
131.47095
124.80488
122.396805
116.19281
112.301056
105.77721
101.275536
-68.65205
97.125725
92.566055
-62.578255
85.85972
84.154976
81.140594
78.578125
76.56914
-59.648052
-58.623768
-55.10723
72.336914
71.15648
68.041115
66.7062
-53.687183
62.72736
61.557465
60.664116
-52.544003
-51.66768
58.44401
56.101486
-47.049675
-46.469814
-48.451508
-49.336956
54.62568
-44.23062
-43.213455
-41.76886
-50.879368
-36.900234
-34.62035
50.037624
48.848026
46.593105
-38.764454
-33.380093
-25.316942
-27.356777
-28.943707
43.200214
-22.857918
5.614894
-0.011518997
-20.80986
10.821635
8.320498
0.5272739
2.8621318
-4.2465
15.669598
18.533472
-11.634658
-9.369444
-6.8994846
41.09866
20.931581
-13.930251
36.080055
23.50645
-18.51311
31.346123
25.940895
38.15188
-50.664883
33.838135
-40.121437
-16.308989
52.52296
-1.7491987
28.79136
-31.097393
13.346484
