323.48816
222.65279
166.61482
98.38483
75.35039
69.90991
66.4275
55.23859
47.763382
41.701313
38.404587
32.31664
25.46236
24.84296
20.80969
17.529705
16.457811
15.585943
14.475989
13.866449
12.521914
11.162508
10.8546
-9.314266
9.849042
-8.819391
-8.334179
-7.679102
9.399047
8.904724
8.583054
8.413085
8.27204
8.244231
-7.5487614
-7.4378266
-7.2434525
7.962774
-7.1410365
-6.9568157
7.599916
7.4167295
7.2814846
-6.8054485
-6.5929904
-6.691545
-6.3069096
-6.4583697
7.0729046
6.694394
6.4910517
6.338161
-6.079859
6.198092
-6.007887
-5.837205
-5.6043057
5.8543873
5.578876
5.1677074
4.396624
-5.4241633
4.1084013
3.836538
4.9813437
-4.743087
-5.0720744
3.5090759
-4.5434837
2.6028674
2.313703
1.667849
1.9669148
1.0649625
0.7528742
2.9341803
-4.3603
0.4465645
0.16268848
0.00014043029
-4.0750217
-1.6096809
-1.3280468
-1.8945726
-1.0342456
-0.14615436
-0.72425836
-3.0138624
-2.7761226
-2.4499495
-0.4240624
-3.5469148
-3.8008194
-3.3024485
-5.246235
-2.1773043
7.022941
4.7381516
3.2553813
1.3718468
