674.6398
645.7508
471.7074
416.24863
329.6826
291.6623
215.9572
207.17143
171.10794
157.17236
136.19191
130.32448
114.93535
99.625114
91.30168
89.89327
79.6608
76.05367
71.439514
68.3462
61.72551
57.11806
55.763767
53.33556
51.669334
48.071987
-25.662575
43.207268
41.316757
39.722836
37.379368
36.487892
34.216938
32.701035
-23.77686
-23.00754
-21.953537
29.816206
28.441332
27.773201
-21.235968
-20.83156
26.529799
26.233618
25.481049
-19.39098
-19.63263
-18.339834
24.221262
23.404058
23.107738
21.864927
21.123257
-17.901741
-17.287441
-16.98813
19.972237
19.088936
18.059258
-16.552946
-16.237183
-15.584213
17.23112
-15.246966
-14.123598
-13.341404
16.224613
15.430185
14.807712
-12.474096
-14.626982
13.841728
12.801637
-11.77223
-10.21896
-8.70659
-9.39467
9.644916
10.750546
8.568746
-6.036883
-5.166962
5.501953
-4.243374
4.511861
0.00051214837
0.4977901
-0.44252095
11.63892
-7.786579
3.5003803
1.44052
-1.3482761
-3.3409555
6.5319977
7.5402694
-11.060193
-2.3497593
2.471217
-6.944076
