1210.3502
696.4314
636.6929
569.2729
371.82477
364.26624
336.66446
299.71353
164.90916
158.06223
129.59865
117.5346
110.83727
102.712135
97.550674
96.21179
90.5427
84.454056
81.75608
80.02823
73.49257
68.895256
66.189964
64.39852
61.377098
60.415146
60.19175
-47.0063
-42.025475
55.353237
53.956654
52.672974
52.038334
48.554806
-41.328476
-39.22833
47.827522
46.604515
45.363644
44.23404
-38.22593
-37.975357
43.280888
42.056175
40.525475
-36.531284
-36.079025
-35.6417
-34.07655
-34.705025
-33.028034
34.591324
35.818382
38.72669
38.03359
31.199587
-31.52065
29.951126
-31.100412
33.416145
-30.064558
28.238379
21.307753
19.23559
22.967583
-29.03976
17.525518
14.054919
12.341859
-28.370491
25.239931
10.466495
3.6739485
-0.047077123
-25.333153
-26.875572
5.358827
1.4964437
0.097450174
-23.403687
8.770999
-15.688471
-8.26459
-6.7053385
-1.3806328
-14.402404
-17.308012
-5.0859714
-9.791828
-19.959923
-21.329124
-12.948302
26.375332
-26.220547
-22.487997
-3.444329
15.961816
7.0443497
-18.77518
-11.350799
