1804.3074
1398.6831
1362.0952
1042.0345
920.57385
882.78345
785.43176
574.82837
651.8712
290.90344
213.8523
181.74538
178.47552
169.553
158.84929
161.3708
-109.70934
143.15959
137.34418
-97.239975
-95.237206
127.63318
126.96461
122.706345
115.73595
-90.41624
-88.89343
-87.54478
112.57301
111.66599
108.3148
105.65439
102.67097
-84.877266
-83.15142
100.42314
98.738174
97.699905
-80.172455
-78.33371
-75.16799
94.937645
89.71114
88.634026
-74.067314
85.906685
-71.83104
-72.01862
82.85495
-69.300125
79.92265
77.67755
-68.378136
74.353485
-63.25236
-66.61881
69.31517
67.12714
-61.62135
-60.3049
63.267193
60.63157
72.284164
53.901997
50.096306
-56.924835
-47.053368
-49.583656
-51.716606
-54.309204
46.38174
-41.34049
-38.282566
43.159138
-35.50697
-32.127853
32.925575
-16.530214
-19.702993
36.541084
29.203186
-13.289526
11.693778
8.113214
21.998247
-9.800336
-29.211576
3.762282
25.549578
15.321403
0.6726411
-0.026052732
-22.77416
-5.837837
-2.3352425
39.711864
-25.963045
-43.721287
56.90525
18.670273
