4714.878
4179.391
3624.1365
3412.6484
2635.6877
2275.28
2032.2837
1687.3628
1485.7594
645.3827
561.72327
547.51056
528.82794
464.5529
451.73428
437.817
415.54364
406.79956
389.4624
376.1558
365.13083
359.31274
342.474
338.77704
332.1421
297.27716
293.00732
307.8486
308.06995
-196.45053
283.411
278.4787
257.72348
253.32066
-158.33066
251.81967
246.61649
241.53572
239.50899
-155.02266
-145.9368
227.69852
208.27257
221.65569
-140.80867
-140.97427
200.69235
192.66443
-135.14322
-132.90167
184.74507
163.42989
217.98267
169.3913
156.24301
-127.3969
-126.3687
-123.59364
176.72333
132.06558
137.93555
122.07634
112.84784
-116.404045
-112.943794
106.34556
-103.21341
-99.31044
-106.182335
88.74339
80.406
71.53459
63.45438
-83.7076
-89.12206
-110.62641
39.413677
47.284187
-78.535034
31.415434
-72.98438
-54.391933
23.540668
-48.051506
-60.868332
-41.710167
-13.500531
-5.860346
0.7682176
-0.13701785
96.428986
15.570785
-21.029423
-93.14755
-35.058872
-28.336199
7.3556495
147.78932
-66.99537
55.25939
