6513.262
3809.9937
2537.3726
1815.9563
1419.2917
1185.576
1127.1486
1013.72644
962.1365
865.0117
836.0177
785.24133
767.1386
745.1404
-694.5586
-671.99664
-658.4658
-653.6334
-642.36914
-645.22876
724.59265
723.15375
-633.93884
-618.4675
714.0715
701.46356
-609.84595
-608.1633
689.37274
-559.2122
-569.06506
-582.9713
-597.1314
682.6983
675.1529
651.20386
661.5066
-547.2742
-537.7276
-524.9042
635.25336
-507.8965
-483.84
-465.87872
623.0165
606.3403
596.8836
-451.91528
529.1032
511.44366
562.9428
-434.56363
-415.39932
553.93494
492.48544
392.1396
417.45563
436.76294
371.67444
454.0195
-398.7614
581.1858
348.3412
327.18094
282.82925
-307.80734
-326.33594
-343.7346
-284.48767
-264.92252
260.72635
236.14653
-242.84312
-178.43748
215.53256
-157.30315
-200.54848
192.23828
-366.06326
-135.41893
-112.43914
169.2851
49.450756
74.28966
-88.653015
145.26726
98.32628
24.866875
3.2417188
-0.42937943
-65.52921
-16.315376
-40.102543
122.82421
-382.56262
-221.5996
-593.15985
-496.36475
473.4382
306.93814
