5557.6816
4522.0947
3783.8977
3636.2358
3043.7476
2786.9504
2377.0022
1671.7545
1009.94415
745.54724
666.19824
624.76373
577.0665
531.2455
523.0447
486.73758
452.8871
444.14713
417.4475
397.3618
392.7358
376.14948
363.8613
352.46198
383.02206
323.28748
317.8274
305.44363
301.61194
299.731
289.05676
269.5831
267.69586
254.5906
247.84985
243.72733
231.4239
-155.5032
-141.99023
226.21071
223.56471
219.01373
215.52057
-134.16138
202.81732
207.17662
-126.07997
192.83524
186.1977
168.80254
173.86967
-122.162415
-118.7273
181.85016
-117.15091
152.83058
150.01508
126.63748
-113.802315
-112.36903
134.36105
118.12941
-108.42139
110.43478
76.05674
84.12427
93.1659
-106.54988
-102.72328
-97.56986
-94.80016
68.40974
-86.10603
-83.24015
44.503452
37.05662
-51.608932
-45.886147
-57.830173
-39.487553
-73.53836
-5.963922
0.3494912
-0.24392824
-69.53573
29.226297
52.034348
-33.26711
6.3169637
-13.515606
-20.6397
21.883196
60.355537
-100.09387
-78.647766
-27.077942
142.69402
101.76527
-63.311268
14.314434
