1710.115
1582.2251
1328.1198
1133.0109
1195.3605
747.02673
511.52075
436.0432
357.40094
326.79498
290.1972
258.70627
239.32457
223.1423
212.40816
202.72244
182.16502
172.25122
170.08987
165.64444
153.14963
144.47957
139.25203
131.38002
122.556465
119.35
115.996544
111.84257
108.13146
109.01255
-72.251595
105.19721
98.779205
95.68721
92.7011
-59.897415
90.020195
88.41644
85.3749
-58.106144
-57.289738
-53.766647
81.78028
77.15347
78.683
73.63162
-52.934853
-51.954124
70.541565
-50.640064
65.98734
63.83556
62.42314
-48.321087
-48.48706
68.84055
-46.426662
52.79567
-44.981735
-43.052532
58.09333
56.293964
49.6885
47.41279
-41.67044
-39.855522
38.49646
41.60233
34.37562
-37.930626
26.084564
28.949757
-32.803738
-34.625095
-30.549421
22.566824
19.796589
44.141373
-23.946644
-28.242306
10.855407
7.917241
-21.678223
-19.087013
13.708048
4.8968353
-8.944011
-6.1584873
-16.524055
-11.504251
1.8735654
-36.410618
0.018058136
31.782883
-26.00718
16.550234
-3.081406
-13.97965
-0.60190475
-44.39185
