2348.9043
1584.3405
1438.6744
1149.2913
930.9187
621.47363
567.0008
425.82446
405.06793
355.43094
339.70026
322.46262
284.6151
254.99356
241.1114
228.6462
207.92856
200.90903
166.40446
163.66304
156.32909
139.87547
137.55212
132.03018
131.05109
122.67377
116.752975
111.47342
-59.354958
100.16589
95.72098
92.18422
87.80993
86.165726
83.786224
-53.04091
-50.707005
76.85156
74.73774
72.565346
70.11156
67.00723
66.397675
64.3781
-49.1772
-47.024414
-45.892986
62.228775
60.211166
-44.014698
-45.112072
57.4613
55.323696
-42.25373
-41.40013
-40.748775
-39.20638
-38.404037
54.7423
50.66231
46.7476
49.11578
44.93881
41.633938
-35.66274
-33.573277
-32.61325
39.468254
36.144646
-36.580177
-30.9061
33.650627
-26.974096
-0.017108146
-1.6967416
31.813986
-25.695322
7.871559
0.5495528
-4.051628
-6.4479375
5.2760315
10.360552
-17.716146
-23.644566
-15.491872
12.970322
-19.62397
-13.294696
23.520912
26.198616
20.610516
-29.129484
-8.845872
15.52137
-11.136089
28.64637
18.168121
-21.790052
2.7533207
