7341.3193
4596.381
4394.357
3262.3665
2435.8926
2081.9316
2057.1624
1883.9314
1393.265
1156.4869
861.70795
692.6008
616.4004
583.1195
559.1947
525.7642
514.3223
505.96844
488.4583
441.99313
441.23276
421.21936
425.6753
404.7523
385.3812
366.81885
351.17203
342.05145
330.09827
310.75552
302.81058
292.05234
275.87396
269.13583
262.07565
257.57254
-152.01743
239.48763
236.46634
221.76805
219.82672
208.30614
-130.67686
-123.00261
198.59212
195.63475
181.39
-118.47871
-115.832
-113.13682
-107.56096
174.89928
170.1812
167.1702
-106.04307
-103.986404
161.82079
147.44678
138.00697
-98.55561
-96.77868
132.60983
117.95077
109.715614
103.15235
-94.601425
-90.80398
80.049774
70.720116
-88.58758
87.58364
64.31256
48.463516
41.458435
-83.903755
33.978077
0.09952382
-78.86823
26.911509
5.2858047
-0.74023044
-6.568024
12.494652
-38.069695
-65.13651
-61.077156
-32.394585
-55.951237
-44.380604
-26.207079
-70.96673
-74.340126
-13.4187565
19.766993
-20.14682
-49.5686
126.04698
56.832924
153.70195
96.30917
