561.1945
366.79398
315.14636
210.29872
171.6997
144.49805
105.45313
89.278
82.748314
71.75068
68.053345
55.089607
53.011017
49.59469
48.805492
45.517017
40.926804
33.18875
31.720455
28.57327
25.107578
21.050568
17.675264
17.036936
14.516685
-9.173287
13.670029
13.283729
13.04534
11.926423
11.326245
-8.114993
10.266733
9.850126
8.876394
8.807293
-7.615338
-7.427898
-7.496455
-7.298892
-7.0262666
-6.9412
8.599917
8.260522
8.480022
8.441872
8.0179405
-6.752507
-6.6609154
-6.4665527
-6.2764597
7.7529707
7.459759
-6.1566124
-5.8053594
7.2504196
-5.686921
-5.4168262
-6.024526
6.543975
6.73316
-5.1434836
-4.504246
6.9679666
6.09289
4.9376225
-4.197423
-4.8100433
4.6023803
5.2917805
5.867033
-3.9526775
-4.953675
4.2683406
-3.0917757
3.2416165
3.5850322
-2.7524073
2.854837
-3.3811648
2.5278456
-2.447428
-1.5136869
-1.1947596
1.141919
-0.8623637
1.488246
0.7950418
5.599573
-2.1516707
2.1675534
0.43999034
-0.000752026
-0.51645285
0.12520373
-1.8077521
1.8213736
-0.19463444
3.9174614
-3.6413028
