8934.861
7458.1016
6854.644
5534.296
5020.032
4226.5703
4588.17
2952.945
1921.5079
1002.6484
937.4612
870.5557
810.6377
762.08325
731.98236
701.7354
-511.5842
657.95166
637.5617
617.42444
611.0857
583.31256
575.7612
-404.28644
543.9231
524.93964
518.495
514.16943
-385.78702
-361.27057
488.2149
498.6673
455.40976
-356.28934
442.0299
438.31396
424.61636
-333.104
-327.82843
-321.3861
401.78793
403.9813
-316.21146
-313.35965
387.5568
375.65454
362.2662
-295.44635
-292.80798
347.57526
332.34143
-285.48047
-277.24298
-274.57492
216.05228
232.05655
249.33913
262.21207
187.00041
172.63617
-113.59183
-99.670586
-141.0088
-126.841606
-72.46567
-58.87342
77.82895
92.95423
63.129696
47.95125
124.10809
-43.954685
155.79675
-258.61008
-152.8555
31.050777
-27.447565
-251.60005
-178.17111
-0.3199822
1.2844348
141.51837
-198.80348
-12.086879
-241.27882
306.76428
-211.15027
-223.8124
-188.37898
315.02646
353.27942
-264.95523
-231.172
278.657
293.23236
-164.74814
14.437316
-86.32354
108.31029
202.32065
