3871.2224
1435.417
948.14374
775.1753
619.806
627.1941
463.55905
384.95917
343.14307
306.80035
291.66394
269.96497
-236.98448
261.21725
237.75378
-216.75687
-222.64943
226.74709
-189.61182
-191.59006
-177.13327
197.36612
188.64743
182.83606
174.29459
167.9913
-163.44441
-159.96568
-154.20978
-147.93982
156.78792
154.71045
-141.36646
-136.42989
-133.09917
-129.65004
149.82935
144.27756
139.25961
138.0114
136.31706
-125.66877
-123.65531
-121.01503
-122.48169
128.65736
129.49808
-116.31832
-114.47377
123.7373
121.01343
-111.19908
-106.096176
116.76784
114.20222
-103.190605
68.83563
63.981842
53.709072
47.824314
42.703434
37.00485
31.850891
-97.500755
74.93376
26.344395
-40.04071
-35.15588
-29.849699
-24.556381
-50.484074
110.818375
-55.472866
0.009269382
79.488815
-60.210106
15.599828
3.2813325
-1.5558677
-19.261257
-91.65546
-65.54482
-6.895076
106.96521
-84.38236
9.189194
-70.28279
84.37398
-78.89432
-88.15358
101.9683
98.5157
93.32556
-14.050864
-74.53696
88.94437
20.825478
-100.70224
-45.10021
58.662052
