4210.836
3342.115
2402.1687
2033.8104
1897.5912
1759.7721
1420.5706
1259.5881
1069.5289
409.82797
335.91125
325.5983
290.82303
288.28247
270.1535
-229.35883
258.9728
-195.26117
236.09846
232.94002
-182.56996
219.16148
218.02966
212.22122
204.20528
207.10483
-169.62724
-166.27142
197.24402
193.43901
189.57086
185.26892
179.2593
-159.97787
-156.86165
-154.98053
173.57555
176.14018
168.68843
167.55542
-147.93047
-145.51636
-143.21742
161.30206
157.31273
-138.17593
-136.93343
150.71109
147.16418
-133.80133
-131.03369
-129.23856
141.25032
94.93159
87.83927
81.334496
75.61174
69.19144
55.82751
107.57257
112.377426
43.156654
36.85009
0.011245087
49.601852
30.435919
3.148158
-2.2351978
-8.117925
-34.54616
-28.807484
136.11224
118.27203
-22.355774
9.241621
-40.689728
-122.56881
124.25012
-46.40202
131.18564
17.427797
-119.43878
-104.2877
-99.71875
-63.338085
-69.3781
-95.026245
-74.243774
-112.82754
-57.76618
-90.82651
-116.26838
-79.997086
-85.47569
-109.48534
62.608364
-16.189293
101.81089
23.922472
-52.324127
