8878.887
6845.6836
6075.8804
5383.6826
4961.912
4163.3354
3532.6726
3698.7473
2374.83
943.2198
869.4851
827.7165
779.1158
756.0713
709.9735
649.5374
644.51697
612.969
573.53094
550.6145
512.0259
504.75363
488.08478
471.18192
464.52872
-384.6398
452.87094
442.07184
429.71384
422.7236
415.5486
383.6732
395.57318
-349.8054
380.00305
367.16455
-338.39563
361.8886
-322.75107
349.96283
-312.00198
341.17828
334.92285
-304.37814
312.53378
-297.02237
-290.66846
295.22864
303.33847
-281.09973
-279.21042
-275.0039
280.8823
256.46713
239.33588
268.46918
227.40465
-270.0598
-265.56558
-260.37085
188.47537
172.76923
158.53477
-251.90535
-201.487
-192.83919
-171.99178
-161.55443
-150.17616
-138.73154
-9.46797
-0.11080072
-244.3347
142.91643
-22.880924
-102.38373
2.6553223
-213.47171
15.4652195
-89.590385
-51.664455
-77.15541
-64.34888
101.69708
87.63297
-237.60814
59.718945
30.787422
73.83999
-220.82568
216.1441
-126.54933
115.86131
130.52055
-228.71297
-114.350075
45.97726
-38.067303
-183.00978
202.23854
