5015.6978
2803.1125
2464.1018
2093.8545
1831.4901
1607.0446
1248.5148
1066.749
869.97974
565.2334
521.7313
448.9704
414.9849
384.1802
359.5195
348.04675
331.18387
323.43958
313.66568
306.20328
297.09464
-236.74657
285.75754
268.75592
256.06137
240.28929
245.6169
244.35342
-179.52368
-161.54883
228.15141
220.26929
216.14018
207.26595
203.56007
-155.6739
-151.21535
193.78424
-143.97942
-137.73323
-133.839
-129.96754
190.3166
184.07372
179.85718
171.98878
166.72972
151.22574
-127.29088
-125.53845
188.70712
143.83458
161.77896
157.53378
-122.72994
-120.28128
136.09822
131.2684
116.79405
110.95424
-117.77605
-114.00382
102.36916
95.914604
-111.09828
-108.295166
-104.43073
81.49783
75.03403
67.33487
-99.22129
-94.240715
-85.57802
-47.188454
-53.12409
-80.964676
-64.48499
-58.600956
59.9991
32.269283
25.42721
-16.15716
-22.453445
-8.032712
-41.286285
-90.02777
39.11289
18.549904
-28.906124
-1.8921323
0.022460878
46.12942
-70.808205
-75.10588
53.17409
3.7578895
10.877415
89.48725
125.178055
-34.992676
