6795.4985
4543.5996
3754.1213
3229.7305
2362.7598
2105.1523
1869.2769
1515.678
1412.9888
1080.012
623.04987
568.20905
546.6331
500.9752
478.2047
456.4729
440.02158
432.94223
412.05417
409.85626
397.49582
383.99002
371.0796
353.68887
350.56183
337.71976
330.91815
321.65094
315.7103
309.23346
305.7463
283.25204
289.08627
-178.2936
270.9276
264.55692
253.15173
246.12961
-147.63821
245.54834
232.78494
224.68134
-141.70337
-138.27734
-132.17458
215.80515
212.67982
191.77307
202.55763
-127.34515
183.35661
156.57556
161.04745
169.60664
-120.890816
128.97742
135.14288
-120.005875
-122.31935
118.26032
111.12287
92.30375
84.254486
74.94476
-112.58569
177.91301
-111.047264
67.26756
43.442337
34.99657
0.019835034
-108.116264
-9.148259
-2.347056
4.099607
27.217737
-16.683924
-78.75821
-43.89854
-49.987408
-56.66459
-72.848366
-84.44909
-101.63254
-98.36599
50.87986
19.733204
-37.370388
-68.06136
-88.88184
-23.968113
-104.325066
206.10352
-30.686825
143.06241
102.22128
59.270702
-62.544735
-91.93272
11.6640005
