1120.8143
859.5519
712.1757
620.4866
541.3832
536.3447
420.4187
359.77167
238.77475
228.69452
210.71443
174.32108
154.32307
155.03851
143.49239
140.992
126.16049
120.666756
-68.63484
106.920845
103.93705
101.61172
93.40445
91.386604
84.95328
88.65668
-55.594482
-54.251675
-53.008842
79.91599
78.0474
75.69355
-49.92067
-47.680298
72.96149
70.21364
68.20173
66.83391
65.801506
-47.316647
-47.928165
-45.699623
-44.74137
64.28858
63.8634
62.40081
-43.42132
-43.81841
59.480324
57.86434
-41.72564
-18.398043
-20.29894
-29.535
-31.528091
-27.464037
-26.141426
55.01576
-40.44386
-38.47617
-16.385008
-22.59265
-36.731064
-14.2107725
54.818962
-33.361046
-10.065347
-7.9314747
-5.7130675
49.08766
47.442036
52.684875
-3.2534637
24.724972
22.453642
10.412188
-1.0552759
27.6338
8.136758
12.6986265
19.969578
5.686252
-0.0011673605
44.850426
36.713913
15.010176
34.27057
-34.778904
38.67597
0.94875646
29.826748
3.1994364
41.465122
17.51615
-40.13292
-35.580406
-24.263823
32.298298
43.301777
-12.200162
