2013.5906
1590.6338
1258.714
1214.1023
1188.5286
992.5495
852.3346
737.1017
563.1999
205.28752
191.6108
180.12727
149.66315
144.09172
128.4669
123.98358
117.92702
110.45625
106.69991
99.10041
97.00538
94.577934
92.498085
91.63997
87.8441
84.52766
89.51197
-58.07238
-54.691994
80.213715
77.23246
76.76534
73.82719
-50.473866
-48.92336
73.55248
71.74953
70.12052
-46.493446
-44.664623
67.832924
66.68464
-43.637947
65.23651
63.170868
61.40523
59.71388
57.300026
55.998783
-42.008053
-43.107697
-39.819515
-38.911316
51.158127
48.475704
-37.95216
-37.258644
46.308117
-35.928123
-32.29853
-34.017315
44.31954
39.509636
37.543655
34.865753
-31.29042
32.205303
-26.822517
-24.896872
27.476337
22.66726
-23.387638
25.010572
-17.786432
-15.841175
-28.274582
19.75799
-13.880495
10.341809
8.051051
-19.853184
-7.683655
12.769595
-5.4305434
-3.075541
0.00038950474
-11.799479
5.630911
15.122177
17.589224
0.973667
-0.95436436
53.302967
41.851303
30.01128
-35.15688
-29.487902
-21.686493
3.1806982
-9.802524
