2605.5427
2354.9048
2090.97
1638.6398
1447.0619
1284.062
1072.2175
869.50183
784.16565
476.77618
366.2536
326.10794
312.25763
301.67874
289.49686
281.4894
270.5124
233.26772
230.30896
217.10713
221.11324
206.21487
198.31424
-97.98245
189.6316
184.19913
182.06735
178.44571
172.01018
170.24939
165.53825
152.00041
153.67728
145.80727
-74.49392
-76.11106
-70.80529
-70.16438
143.53911
137.05699
133.3601
131.18204
-67.63366
-65.17438
-63.743057
-62.551575
-61.497185
-59.79437
123.441284
122.923256
119.17874
-57.78123
117.221085
-54.49089
112.713776
-52.434383
-42.11426
-39.92724
-16.803654
-20.125141
-23.713306
0.005822657
-13.262009
-27.244452
-36.5917
-45.13644
-1.4152222
-5.130034
1.8788085
86.69426
5.9597654
80.651054
76.5993
-50.720673
31.41014
26.829546
91.020294
72.70937
10.3101845
22.645445
36.023724
68.97636
18.536692
39.982735
58.02042
-30.479338
109.14728
54.606552
98.23986
105.673065
48.67512
-48.27172
101.537056
-66.73863
62.481136
94.62507
45.42246
-33.587723
-9.316542
14.593683
