5580.1187
4110.367
2964.9448
2277.501
2055.117
1780.8167
1496.7004
1340.48
1042.4753
812.05475
653.1201
598.10486
561.42725
484.1617
440.13403
433.28522
416.80005
396.74646
381.42285
370.52087
340.8529
322.40723
308.45297
289.61102
284.12952
279.12943
269.03812
251.61609
245.39491
210.8917
218.80286
232.39375
207.40913
195.86781
193.09361
182.86679
181.04465
170.20201
-128.63966
161.77548
157.91019
153.70297
-106.44506
146.61087
142.66432
133.00963
-100.49278
-97.2347
130.64722
126.719826
122.775215
115.27596
-90.941956
-89.904305
-88.97039
110.21069
104.902626
100.89927
-88.83644
-85.45608
-82.66697
96.81969
89.334404
84.434044
72.797844
65.37557
60.957283
-78.26267
-74.417244
-73.469376
77.51676
-65.98351
-61.89602
-59.288944
55.34571
31.455997
37.441063
42.99069
-55.66562
-43.37065
-48.019684
-38.979607
-68.5334
-34.73704
26.001644
9.498947
15.1126
3.9518669
-20.72276
-16.056683
-25.564629
0.050728735
48.620102
-51.259205
-10.790009
20.587889
-30.220482
-5.387206
-0.78144175
-77.263504
