4392.9434
3105.9666
2338.86
2302.9272
1783.1406
1476.9692
1177.1243
1076.7726
764.89136
460.6946
464.13583
364.94992
-214.92175
330.67413
318.7958
-195.64577
-190.8804
295.20236
287.95264
277.21414
274.118
-183.08318
-180.39085
257.64053
262.6745
260.64468
-169.49956
244.26144
-166.62286
-162.84515
-160.58318
231.31566
-157.73181
227.10527
-152.82909
219.06882
-148.24387
212.33035
-146.55083
-142.38376
201.00952
202.13507
-140.00558
-135.87259
-124.62102
198.15947
192.76611
188.37698
-128.80583
-120.27154
-114.61411
-99.8182
-105.814224
-94.99027
178.14708
183.29996
-88.76453
171.72275
160.22388
154.41548
-71.38601
-65.09481
-59.06262
147.9121
-52.69619
-20.0025
-26.810411
-33.58063
142.31322
24.063385
31.314896
117.34443
109.95511
87.60366
81.12626
-11.289499
38.227238
102.72402
16.766932
66.44192
73.5024
45.127064
-4.445812
-83.34213
-46.516186
59.202984
-0.037227236
123.663795
8.07068
185.3902
136.42123
129.52655
1.5704532
-110.33558
166.63463
-131.90746
-77.9861
-39.87969
52.374203
95.09743
