674.5145
489.89438
411.89462
368.70447
310.70035
256.99893
227.76173
186.28357
121.19931
107.47838
79.64778
76.59117
72.09656
65.81809
61.788914
60.109005
56.411922
54.534332
53.54378
49.587162
48.286064
45.58332
44.50153
42.65738
42.22071
40.1697
39.503082
36.13622
38.13054
37.23969
35.56842
35.26723
34.499474
33.857666
32.52407
-18.023172
30.815443
30.02459
-16.920069
-16.669395
-16.599571
-16.041307
-15.623338
29.445702
28.721098
27.785593
27.292952
-15.436664
-15.122572
-14.941067
26.412289
24.196754
-14.593474
25.26014
23.582026
22.631805
-14.292837
22.239376
-12.689904
-13.180752
20.152294
18.164295
17.614807
-12.282208
16.341187
9.358268
8.261983
-10.425866
-9.861856
-9.255375
7.1562977
11.54576
6.201811
-3.8451028
-4.6234436
-8.399667
-5.460621
12.362217
-3.0133858
5.11889
0.0007583797
0.42920694
1.2952355
-1.1920729
13.575403
2.2896886
-6.181085
-7.7727604
4.1490517
-0.37149024
-11.612809
14.216868
15.579494
3.2584758
-11.250558
-6.9812865
21.062141
-13.63158
-2.1247933
10.326288
