4569.57
3436.8962
3147.8574
2474.0964
2498.92
2204.6548
1942.32
1403.2554
665.9398
610.3934
533.7486
478.5056
444.10226
413.71432
390.56616
370.6636
362.34723
341.65253
334.06354
317.1309
304.7216
297.27844
284.4008
270.43298
-174.68427
264.4561
244.65323
259.60934
256.98212
256.507
250.44589
229.44633
222.12282
216.43446
213.10535
213.94724
-131.49568
203.28578
200.54858
-129.62129
-125.85215
195.51485
-119.35866
-116.425026
183.79172
180.99007
-114.07352
-111.79353
170.43205
163.59288
159.06602
150.99393
-109.76643
142.6177
-106.71573
-101.702324
-103.29243
124.44085
-96.79025
-69.10555
-82.15678
-78.73858
-87.36741
-73.51014
132.43561
117.45559
-63.466217
109.63685
0.07467326
-42.80543
-48.472137
-0.94017637
-37.1169
4.5898967
-6.504276
38.510418
45.64471
52.222088
11.546622
31.67645
-31.258692
66.85614
79.959564
-13.432432
-93.94421
25.06086
95.77225
88.19032
73.82272
-53.743927
-25.681787
-19.739765
-90.923744
-108.469376
174.1769
136.83423
-59.209625
102.07896
59.208458
18.505064
