8660.361
7540.5283
6704.2563
5066.4136
4392.512
3782.0154
3555.1887
2915.2585
2221.5647
1177.0571
843.40967
819.4403
759.73096
719.60156
660.2491
635.1789
600.0845
579.31805
586.66785
533.6185
529.441
512.21826
483.33502
474.67776
455.2215
451.31616
437.9772
420.2339
418.4193
409.92563
391.36835
395.78995
-335.5633
381.55548
378.04572
-317.5775
369.849
-306.94833
358.126
-302.2251
-293.7843
344.4895
-289.04724
338.1331
-281.4933
324.93677
287.53946
274.5507
-277.55615
263.3294
299.71838
-268.28308
-264.87494
311.68448
250.39287
224.52724
206.87502
193.29091
-259.41742
180.05269
167.54535
-243.60158
-235.49454
-256.4628
110.69666
124.03457
139.12894
-228.50923
-221.35455
-207.21054
96.10854
82.56286
-186.4164
-177.23944
-169.51666
-196.51033
41.77336
26.369877
-147.24251
-136.68867
12.173423
0.70690334
-0.52760845
-113.144554
-125.42589
55.671314
-65.35837
-40.092606
-77.09144
-101.68807
-24.968422
-89.587204
-253.16089
-53.303062
-11.69163
235.58635
-215.1192
-157.92519
152.80634
69.11095
