319.53986
241.47902
226.89815
178.28175
148.18459
78.10725
52.83706
49.97077
44.85655
38.74188
35.33668
32.863037
31.09775
28.07434
25.463093
24.33228
22.058445
19.778498
16.028408
14.360131
14.409881
13.109712
11.753439
10.882305
10.172033
9.4032755
9.032106
8.092812
7.6671596
7.7423077
6.6085443
6.4514875
6.1438737
5.554805
5.4986787
-5.373087
-5.12458
-5.074882
-4.715068
5.217963
5.4545503
4.9802895
4.8507056
4.8103194
-4.6250625
-4.5355577
-4.477069
-4.333669
4.5541153
4.4571514
-4.224598
4.2396684
4.316281
-4.1802635
-4.1500793
4.0306892
3.9292092
3.3213575
3.4725819
-4.0202928
-3.949843
-3.8541205
3.07277
-3.6440673
-3.5409012
3.6595845
2.0022774
2.227546
2.8693898
2.4449162
-3.3002582
1.7695686
-3.1344965
1.3385175
1.132627
0.9119288
2.6594174
0.70105565
-0.0008493774
-2.9799821
-2.307126
-2.1250236
0.060697984
-0.34771857
-0.14003941
-1.3673112
-1.1721236
0.25271493
-2.8388898
-2.7119517
-2.5163066
-1.5482037
-1.9545217
-0.9656886
-0.5660645
1.567358
-0.77039903
-3.448778
-1.7322142
0.47708818
