5251.2383
3235.7874
2900.5403
2436.6648
2168.309
1965.3809
1511.0487
1212.3247
992.55804
793.1704
694.4476
561.6081
525.54706
495.7809
484.6628
443.64078
405.65112
394.01468
383.16583
353.99686
338.59323
323.98407
318.44623
299.28403
268.48514
256.98856
243.4169
235.5926
222.61285
226.77191
214.81647
207.45993
199.55455
194.75832
190.2731
187.75526
-114.91673
172.96848
176.49582
158.3885
-95.099594
155.2838
149.4113
140.22198
134.24718
-90.30293
-88.09068
-83.87468
129.98335
129.36584
121.5462
-81.59671
-80.012314
-78.80656
112.14048
109.21024
-76.37174
-74.15884
-72.09039
103.81964
97.52038
92.44811
106.78834
77.478004
71.15349
-69.93404
-63.711956
-60.933548
66.44842
86.623276
55.16442
49.10811
43.958263
-58.394146
-52.141014
-48.685112
-45.042755
-41.648544
0.002759412
-2.0455816
22.590761
17.402534
-29.31375
-25.014475
-6.597495
2.332281
-20.638676
27.706648
37.96039
-33.79148
-11.470502
82.42644
-68.54846
12.2816
-56.5631
32.84089
-37.54817
7.0843062
60.6009
-16.12304
