16347.032
6934.9453
5989.574
4799.3735
3547.483
2796.6162
2563.8635
2205.2175
-1954.0994
-1902.5924
2084.447
2081.6804
-1863.1879
2012.4248
1968.2286
1943.8606
1908.9768
-1844.0266
-1786.7625
-1790.0648
1798.1412
1809.5375
1841.6355
1871.4463
1858.7592
1763.4852
-1758.7988
1739.2546
-1727.7692
1708.3448
1670.9386
-1704.0306
-1690.7894
-1665.8226
1635.9589
1591.9033
-1560.2985
-1582.3572
-1631.9288
-1623.6428
-1534.528
1555.131
1509.962
-1500.8689
1427.8809
1462.8595
-1466.7644
-1324.009
-1361.828
-1404.2859
-1286.6782
1369.1282
1336.0514
-1240.3016
-1432.9128
1242.3452
1184.7379
1133.0209
1077.6029
-1193.0956
-1056.4534
-1098.1096
-996.8843
1021.176
912.1295
-896.0826
-672.3553
-730.8839
-845.2732
-947.49854
-619.40076
851.1833
731.0768
795.7009
-560.55096
672.1478
608.355
-500.13824
370.42847
304.16336
239.97891
-444.2293
431.80783
176.62836
-130.57327
1.139629
-8.32968
490.58972
-260.90305
-65.75113
-324.39246
-198.4846
107.06529
43.585934
547.7935
1286.0968
968.05817
-1146.4916
-382.7742
-792.23267
