820.9527
648.53687
608.4658
491.8954
436.89133
334.2263
295.62192
203.9612
175.44695
165.14198
134.71329
123.23214
113.97676
106.86129
95.64385
88.147644
77.190346
75.56631
60.74237
58.277714
51.726784
45.890854
44.1148
42.676285
39.86134
38.10102
35.82012
32.990757
29.35539
-22.980164
28.569906
25.92198
24.896269
23.534958
23.098179
21.571507
22.30091
22.473967
-19.635014
-19.121136
-18.917383
-18.342426
20.7487
20.111067
-17.590708
18.68512
19.173155
-17.354343
18.197168
-16.960447
17.488218
17.073565
-16.48739
-16.278183
16.259428
-16.017052
15.966756
-15.704623
14.341375
-15.179835
-14.836412
13.467042
12.4367
11.739202
15.204018
-14.295718
-13.75441
10.90529
-13.326795
9.183095
8.2091055
-12.761072
-12.185542
9.963265
7.3290825
-11.550695
-10.82915
-9.007813
-9.650429
-10.334393
5.576713
4.667088
0.0004806821
-8.223868
3.81783
-0.37471518
-1.1650184
0.43168387
2.9917355
-7.4606137
6.4567714
1.2479411
-2.0090024
-4.447142
-3.6653895
-5.2579365
-6.035819
2.1222677
-2.8549385
-6.7826996
