1637.285
1119.2072
1052.5785
892.1826
760.84393
670.4302
614.1874
373.0088
285.24582
225.46529
187.40662
162.16399
152.97453
141.5158
132.30183
129.22086
117.53907
112.70348
110.2035
105.25852
101.98774
100.505005
96.748
90.82414
88.06024
86.92488
-49.28383
-44.15522
84.000656
83.18775
79.779755
79.23886
75.37702
-42.82044
-42.060165
73.02298
73.59989
-40.74512
71.379616
69.16142
-39.681828
67.80309
-38.290604
66.21159
64.832886
-36.916348
-36.355694
62.00976
60.4725
-34.50882
-34.28194
-33.503616
57.57806
54.8158
53.596935
-32.482338
58.824993
45.92644
49.237663
-30.98804
42.382584
43.910706
50.28378
-30.1586
-28.634394
-27.833487
37.276936
35.072884
32.70829
30.572514
-26.344002
-23.522375
27.869967
-22.045376
-20.271763
-18.794256
24.906103
-11.597234
-9.64547
-7.7685943
-0.019075383
0.36613765
20.490162
18.205215
2.2176423
4.721185
-17.005976
-5.815976
-1.4107766
-13.428516
6.9413323
15.866831
13.565235
9.063311
11.259956
22.715055
-3.6959639
-15.28487
39.07535
-25.095865
