8557.142
7860.304
5884.606
4957.277
4400.4717
3280.8025
3091.8274
2678.6406
2497.687
871.7548
817.1392
626.6684
612.60504
576.9272
517.3497
489.91138
463.60217
473.03644
442.06787
-297.4782
403.35693
391.86798
-257.54883
-252.52975
387.31277
378.98114
364.10013
348.17944
355.3603
360.95837
-238.61287
340.31122
331.30936
321.85767
315.71948
-224.4829
-220.38531
-215.54997
305.2897
302.14645
-211.21512
-208.93507
-205.53886
294.20035
-203.04492
291.55295
-199.23204
-193.33914
277.3988
271.70026
238.74825
223.75578
205.74062
131.98337
143.11533
194.84444
162.78954
175.39453
245.70418
-182.86768
120.32229
-177.19762
-172.57246
184.62816
109.21007
98.32152
55.315437
65.555145
-165.69948
-145.81671
-138.23125
-130.66805
44.739582
-121.8442
262.36102
33.32039
258.4133
-68.736496
-18.334234
-8.180225
-105.77057
-87.16903
-77.88996
-0.21762086
1.2941129
-39.67707
-29.60844
76.69181
-153.46477
-59.209946
21.591698
-96.279434
-158.86101
10.792068
-187.65726
86.990585
-50.161835
-113.81143
153.53326
216.25551
