11355.924
8673.682
7774.2104
7041.661
6366.8125
5177.0063
4041.7515
3625.134
3818.5164
1185.7802
1102.5402
856.23944
784.5074
735.8143
710.8642
674.1545
628.1382
594.33795
576.64874
535.2277
516.8933
511.71698
494.29776
478.93802
470.7906
457.12985
-331.03345
438.68994
420.02444
407.3324
403.829
-300.48773
395.03122
375.07147
387.9466
386.54355
-292.0655
-287.60233
369.6003
354.24402
-277.45755
-272.67563
-270.8242
330.69107
339.91602
-265.80728
316.5658
278.18933
268.12076
-253.4702
-259.58228
298.71704
287.53955
253.5688
241.92654
-245.02048
-238.64291
213.28784
200.22147
186.80923
131.99323
119.17616
105.09392
146.3396
-235.06003
-208.91254
-220.24817
-215.05075
90.9414
-199.17313
64.01279
174.5525
-183.346
-173.31085
50.85891
36.597557
-40.983467
-122.94127
-112.14611
-155.6648
-134.44893
22.402298
-53.65955
-100.932785
-27.247213
-65.946815
-164.13403
9.293949
-230.94695
-89.223175
-14.1997795
0.17908965
228.97952
-2.269004
346.14508
159.93405
-190.95871
-144.38986
-77.84792
77.40506
