3602.4797
2134.6633
1651.8318
972.18494
746.5566
702.6824
597.2963
580.44794
524.15375
517.49036
492.9573
488.1595
443.44836
-408.43173
-376.25876
439.31265
430.08765
417.21036
410.60178
402.0204
396.80646
388.05585
-363.74463
-357.3795
-355.82764
382.68805
373.72763
379.60205
364.23993
359.97543
352.80966
344.8257
-335.78763
-337.09207
-341.39243
-344.25754
-344.86597
326.06332
-324.0467
315.80386
-320.2146
334.7886
306.1112
-318.86124
297.4193
287.16443
-311.87573
-302.24927
-292.7627
-297.09714
-284.15225
242.28722
229.73497
253.71086
267.02115
-277.94647
218.19858
276.1887
194.26012
182.88377
-269.20645
-252.12427
-244.10477
-235.28822
168.49442
155.86014
78.31745
91.06741
-205.46841
-195.54086
-185.57617
-174.36407
65.09177
-163.36922
103.96197
51.264397
0.3395027
143.71251
-1.3278023
10.291357
-127.43355
-26.649506
-40.764633
-103.10422
-91.1803
-114.85945
-13.286074
130.30328
-216.06274
-139.78975
-79.18856
38.015007
-53.27885
117.496414
23.478193
-66.72507
205.39781
-261.5151
-226.23343
-150.49178
