610.4788
365.61526
322.1221
227.09207
161.22067
130.4661
103.756355
86.90839
70.09207
60.151627
57.205173
53.79007
49.906452
38.334187
35.402664
33.706726
28.255596
24.512383
22.00372
20.190779
19.086496
17.864426
-13.101769
15.516305
15.258745
14.598968
13.414551
13.127301
12.402708
-12.184221
12.144387
11.724339
11.243803
10.935787
10.83079
-11.189686
10.632675
10.224853
10.348165
-10.7992115
9.899077
-10.435375
8.985344
9.405818
-9.894648
-9.745728
8.706709
-9.629054
8.1589775
7.980353
9.266827
-9.369431
-9.288329
-9.224001
7.0673513
6.673635
6.255388
-8.723952
-8.9763155
-8.5135145
-8.131835
5.027436
4.6215653
-8.043329
-7.52565
4.1204643
3.7035582
5.4504366
5.844485
-7.278172
2.3688526
2.796335
-8.880518
-6.977867
1.9369115
-6.7340417
1.5122923
-0.61965114
-0.21789587
-5.464429e-05
-1.0519135
-6.053434
-5.8241363
1.0586307
0.21203795
-2.6863863
-5.0748386
-5.4431114
-2.312696
-3.1204786
-3.497617
-6.440211
-4.653444
-1.4846387
0.6197064
-4.3218465
-3.951016
-1.8956165
7.3468103
3.2630408
