7175.564
5825.6895
5460.097
3738.55
2879.4692
2617.8677
2189.8662
1661.0494
1560.5359
1072.3105
911.1305
836.05524
768.44183
671.9055
622.99866
595.3237
569.9652
558.4983
543.27246
509.22876
491.49686
458.85187
445.1673
422.83344
405.6904
390.07388
368.52847
358.91147
343.86642
330.60553
317.9472
313.06082
302.09042
289.04266
281.15524
265.0997
260.83893
-130.16052
-115.5188
246.59425
238.46059
226.38298
216.2926
208.1764
-103.755905
-101.92641
-100.511856
200.24965
195.7716
186.80478
182.55264
172.72748
-94.4634
-97.52674
-90.35682
167.95183
161.23195
156.12492
-88.043755
-85.19304
-82.854034
-76.76367
-72.35242
143.70976
136.21703
150.70819
126.46953
121.82737
-78.88246
-68.35525
-51.43868
-60.676155
-56.312386
-45.874462
-30.034513
100.23656
-35.376823
83.49805
75.81396
-24.165209
68.992
-18.654911
5.195641
0.10885262
115.42912
46.367054
12.023338
-0.5463957
-64.78275
107.16567
39.383797
32.291252
54.517437
18.633894
-12.458085
-6.077776
91.06275
61.27025
25.322645
-41.439472
