2262.0728
1339.818
1217.7949
1068.3293
924.6361
740.84485
594.446
499.43634
305.80518
272.42642
230.56963
194.76007
188.92671
180.29243
158.83083
147.87875
142.81265
139.85458
131.97002
128.50728
-101.783646
-87.23835
124.74884
118.2424
114.1635
107.19048
105.19795
102.50065
-80.00596
-78.00413
-76.82412
100.26895
96.409744
98.31434
94.75588
-73.19225
91.95242
91.12328
88.638916
-70.18234
-71.86428
-66.9952
84.24951
80.497536
78.079384
76.09349
73.56038
-67.193115
-64.595024
86.29633
64.926865
61.99223
-62.85265
69.40536
58.510006
56.0667
46.474297
49.866722
-62.357582
-60.090816
42.824566
39.59357
-59.39038
-57.827343
-55.608765
-53.621815
32.863113
29.735672
26.134624
22.865702
19.603767
13.202405
-51.53458
9.970867
6.628539
2.7292082
-45.53441
-47.395237
-32.922585
-30.087788
-9.725344
-12.722599
-15.752299
-27.245443
0.11629002
-18.681002
-24.407345
-0.14570856
-6.5698204
-35.761177
-42.313118
-2.7831342
-49.458668
-40.531273
-38.128036
16.454107
70.401276
52.871235
35.982693
-21.578356
