1793.0823
1360.5756
1106.1097
1088.596
798.2248
646.6238
608.2615
512.9795
388.0527
364.9791
330.4096
275.8548
251.44669
232.17628
229.4118
212.25299
204.11603
189.22565
169.95572
162.07724
150.96988
133.78821
131.21002
113.41051
109.00926
102.397575
97.79335
93.85842
89.09625
80.72635
80.031525
65.3883
63.25654
62.019913
58.97924
51.525116
-36.97473
47.848743
46.061634
-32.889484
-31.307465
-29.929117
42.101017
41.211582
39.59499
38.430897
-29.28802
-28.295488
37.307545
36.100246
34.449356
-26.700317
-27.651134
-27.460669
33.648712
-26.041553
-24.704533
31.076473
32.696728
29.030693
-24.332281
-23.483002
-22.6115
28.020638
25.750895
23.6768
-21.794365
-19.907381
-20.977827
-18.664
19.851799
21.188547
26.924553
17.889341
-17.72257
22.71741
16.243631
-15.228098
-14.101446
-12.412068
-11.350434
-9.954543
12.950607
11.384008
-5.698736
-4.218547
-16.326971
-7.097468
-0.015819129
9.733469
-2.6759608
3.2186904
1.6486574
0.2612631
8.065516
6.4749985
4.8577175
14.5275755
-8.531154
-1.1542836
