3853.2837
3176.0737
2241.5962
1883.57
1383.1787
1078.1876
990.72015
890.38336
676.34644
580.4196
501.33957
403.922
395.20404
371.21686
359.71997
327.0768
298.26382
297.2621
275.35138
266.1518
251.91313
240.35313
242.93457
220.39313
203.99002
189.0543
182.64651
167.1878
154.80069
141.37892
137.28406
126.64402
125.71352
121.12256
-90.651184
117.903656
109.21895
108.457405
103.25689
99.21656
95.37106
94.37022
-71.97436
-70.83793
-67.84679
91.13979
88.64334
86.588394
-65.52518
-63.39648
81.90245
77.56865
79.944595
-61.536663
72.62346
70.48198
-59.505646
-59.199825
66.92048
59.82741
-57.396442
-56.451885
64.283875
55.6759
48.210438
40.699524
43.878185
-54.961514
-53.161243
36.593098
25.226418
28.942633
53.723312
-49.437767
-40.47169
-42.497047
-50.79521
-45.09906
21.254608
-37.095978
-28.877674
-31.827654
17.584303
6.681647
-25.797747
-46.875076
10.363492
3.0003889
0.094583504
-22.92371
-16.66207
-10.254184
-13.519903
-0.22268793
-6.7410984
-3.215265
-34.78076
13.975235
-19.83542
32.537636
