46.97076
-31.22155
34.470024
25.369598
24.754755
-25.095074
-24.676798
23.7948
-23.637728
-23.328306
-22.437035
-22.35456
-21.994251
-21.762995
23.152327
22.770699
-20.950214
-20.525457
-20.95927
-20.09981
22.404938
22.004997
21.696678
21.330566
-19.753078
-19.42411
-19.076359
-18.889433
21.03303
20.471598
-18.464565
20.183964
-17.861477
-17.583933
-17.017637
19.787958
19.721737
19.299616
-16.093222
-15.637943
-15.170614
-14.554519
18.799726
-14.081317
18.199455
-11.730095
-11.19838
17.755133
-12.417393
-10.593633
-9.979357
17.405907
-13.486663
-9.284368
16.956131
-8.608036
16.642393
15.641427
15.158113
-7.3590474
-6.724768
-6.052074
14.582233
16.178982
-5.358935
-5.4055865e-05
13.986444
10.483696
-4.6341963
1.085153
0.3791255
-0.45111448
9.924484
11.191148
-1.8755369
1.77337
-3.9502199
9.248757
-1.1496044
6.6180196
5.9572344
5.2651353
7.3358774
13.520412
-3.2625692
11.743875
4.6011252
3.9037888
8.580391
3.2078915
12.301493
12.862678
2.4961991
7.981079
-2.577915
-16.502335
19.099167
-18.250555
-12.970193
-7.952396
