294.55978
261.33926
225.04568
126.75043
106.66825
93.7067
55.331398
43.210873
34.48057
32.735916
25.75273
21.969912
20.296
19.199257
18.228422
17.52727
14.620893
12.900141
11.195586
8.534814
7.556491
7.1370163
-4.9272313
6.5561495
6.4097757
6.277681
5.5878334
5.2438116
-4.4545126
-4.358993
-4.2848835
5.1980705
5.0463624
4.81345
4.7040415
4.5383444
4.4779525
-4.080356
-4.2280107
4.3065753
-3.9959774
-3.8978121
4.1797376
-3.7888472
4.0460277
4.008779
-3.6790085
-3.6219826
-3.5394576
-3.4824924
3.8863485
3.2122743
3.6555448
3.5466964
-3.3892252
3.0132265
2.929619
-3.3141649
-3.2259955
-3.1217594
2.2860808
2.6154385
2.4816277
2.122585
1.2238262
1.4021976
-3.0044072
-2.920256
-2.680356
1.5824625
1.042912
0.51521635
0.69241124
-2.501399
0.33691248
-2.3640883
0.16212757
-0.84193367
-0.67924297
-0.5093924
1.9568931
-1.9687517
-1.8078372
-1.0077181
-0.007054208
0.0073617008
-1.495491
-1.6567652
-0.33062607
-2.8238847
-2.2713199
-1.335288
-1.170285
-0.15996519
3.826187
1.7359087
-2.1193328
3.3743985
2.7553778
0.86895996
