2991.5247
2866.2346
2543.1953
2080.8496
1671.0646
1637.8926
1352.6345
1174.017
973.34656
394.488
362.24127
314.8171
279.79193
252.61273
230.33553
236.27182
-169.72377
211.63853
209.30621
-163.70564
196.00519
189.88742
184.87213
180.15428
176.33344
-153.07236
-142.70262
167.89607
162.8954
161.28941
-139.22081
-136.01459
155.8184
154.36415
149.543
-132.9801
-124.99255
-129.23712
-127.95862
134.4444
147.34753
144.30789
139.50847
142.13014
130.42235
-121.68427
125.3281
121.51152
-116.017426
-114.68554
-113.666954
117.526825
93.09378
98.452286
103.51009
108.07216
112.209724
-109.59952
-107.358345
86.69086
77.30037
71.92971
66.29482
-104.598595
-100.47719
-97.632
-91.013985
-84.1164
-87.5151
60.989883
55.33397
-75.489914
-57.200527
-62.549255
-66.25663
-79.80894
33.19862
38.826466
43.95169
27.613329
-52.719864
-37.935894
-32.85365
-42.670784
0.117494464
4.589903
-0.43856928
-27.656805
22.284866
10.552109
-22.603716
-11.4746685
-5.2763963
49.598076
16.569729
-17.019142
81.76435
-94.2251
-47.799522
-70.91065
