1879.6041
1706.3699
1491.0343
1233.7357
1034.0695
913.41077
765.36597
671.818
497.77365
328.70483
280.53183
251.6265
237.29709
222.48848
211.36102
203.25935
191.75917
189.54306
185.43953
181.17018
175.62997
173.00604
169.77376
158.79694
153.08885
144.99474
140.45627
137.12637
136.23584
127.46987
-77.87519
124.236916
124.72021
117.79932
113.50644
112.43556
-68.49092
104.60749
103.52159
99.652794
-65.65406
-63.39867
95.85802
93.497284
89.90054
87.728546
-62.04302
-62.155064
-60.58739
83.18377
-58.915234
78.60255
76.83806
-58.54716
-55.29037
-53.780964
-54.606388
70.974556
-50.377907
-51.759865
67.401794
63.69763
72.985504
-48.453815
-39.6947
-37.47693
-42.269897
56.835968
50.45646
45.900776
-46.540222
-34.981087
-32.951927
-27.095612
-24.510635
39.017124
34.89949
30.993757
-21.521223
-9.553904
-6.19082
-2.7784624
-0.1210176
0.20048684
27.80931
-18.495192
54.578102
13.625675
16.99575
20.47449
-45.187317
42.320103
-12.704699
10.173061
6.610392
2.98192
-29.831251
-15.7547655
23.9957
60.77372
