1003.2372
617.29504
563.5873
542.2969
420.46637
340.28348
307.39273
292.88528
188.05415
175.98746
155.24385
143.34457
125.02725
114.21797
107.03108
93.670235
84.277176
77.3424
61.460716
58.85646
52.7624
47.5864
44.415623
38.1429
-25.966755
35.420174
32.954735
32.32794
30.82414
29.012323
27.289303
26.738358
24.848827
24.04495
-22.243795
-21.404175
-20.960022
-20.427174
-19.621948
22.928211
22.101698
21.64058
21.022875
-19.35817
-18.763418
19.895859
20.30048
19.336193
-18.265926
-18.120365
18.545414
-17.987665
-17.624311
-17.150555
17.64126
16.665928
17.41598
15.981178
-16.299791
-16.119186
-15.615446
15.287012
13.539417
12.746341
11.953659
-14.511586
-15.009366
-13.898435
-13.384374
-10.606993
11.055608
10.163537
9.290772
7.356438
8.283646
-11.318862
-9.914344
-12.713633
14.567026
-9.045367
6.4511786
4.656443
3.770315
2.8685422
-6.643948
-1.5551982
-0.6475074
-5.8790383
-2.4351537
-0.0049748328
-7.528677
1.9512728
-4.998855
0.19077781
-4.1757774
-3.3224113
1.0072706
5.5995336
-8.3015175
-12.081143
