1096.0844
1037.8743
605.4459
439.20856
343.25293
222.1598
194.28854
177.15459
167.32048
158.38275
134.8356
127.73669
124.324974
114.14411
109.38143
102.25073
90.09361
83.73015
64.72112
61.278336
53.08664
46.42671
40.51829
37.517387
34.7126
-24.048315
32.219547
31.76615
30.699053
29.189157
27.306807
26.460014
-22.358162
-21.126163
26.305864
24.649189
24.101063
22.82834
22.54261
21.36243
21.881134
-19.815866
-19.98854
-19.42851
20.44975
20.257719
-19.138416
-18.692781
19.65314
-18.163795
18.919296
18.432655
-18.041521
-17.44438
17.208963
-16.671839
-16.509455
-13.749059
-15.986751
-14.579725
-14.945672
-17.14704
16.591427
15.035729
14.457843
-13.014365
13.292827
-12.4703245
-9.540862
-10.191763
-10.973955
15.956209
12.668262
-8.779027
10.749838
-5.48979
-6.2952523
-7.1961493
9.715802
-4.642372
0.0024132517
8.870165
-2.0526245
-0.30543017
0.54639435
-1.1268706
7.95055
3.306757
11.737845
-3.839196
4.195589
-11.725014
5.101806
6.065511
2.3890123
1.4414569
6.9484596
-7.9770846
-2.9487512
-15.609501
