919.50714
878.06476
803.8991
696.6839
577.778
547.9306
497.84146
418.33658
208.70473
154.00455
129.33412
118.32023
115.86645
111.41273
102.344185
94.9439
86.23993
82.79618
78.607544
78.09745
77.2773
71.88069
70.8466
68.12386
-56.16495
65.65439
62.963165
62.489952
61.183575
-53.172287
56.36472
57.735657
59.069256
58.637646
-51.069786
-49.67313
53.614563
-47.702793
52.28874
-46.16554
51.16167
49.95857
-44.356846
-43.425476
-43.125206
47.858788
47.06938
43.743473
41.602356
46.03567
38.08173
-40.999126
36.274498
-40.30181
33.951645
30.23146
28.7973
-39.332336
-38.41407
26.169287
23.974955
22.212029
39.79313
-37.378086
-36.556267
17.958885
15.845291
-35.745846
-28.133255
13.851791
11.880263
-34.352226
-26.688627
-29.784758
-25.099518
-17.042625
-18.781574
-20.31678
-8.0782795
-9.919416
-15.220109
3.7360396
1.5212146
-0.21359503
0.030529648
-6.262715
-22.097704
-11.759618
5.9496856
-1.9160453
9.886645
-31.195278
-33.47813
-32.834644
7.935982
-4.293875
20.139101
-13.442279
-23.521711
32.7724
