1497.4441
1281.1852
1150.8169
885.26196
780.7077
724.16144
537.84045
416.63788
367.74142
306.02127
281.3777
251.2776
229.80827
209.50902
200.88882
195.55228
172.77301
162.17506
149.10985
136.75764
131.89317
121.42552
117.48948
105.82657
98.985504
96.65554
94.718376
91.611336
84.91266
76.49886
74.01394
69.86097
65.80815
64.588135
55.888035
-38.824898
52.019382
51.324818
50.093407
47.62669
46.314503
-34.91735
-33.27394
-32.389297
44.06389
41.433792
41.14034
38.377758
-30.591406
-29.795206
-29.127584
-29.44971
-28.03832
-28.188164
36.70554
35.108032
35.79591
33.494366
-26.059372
-24.725462
-23.909697
-23.519104
27.688318
30.420351
29.079739
31.773579
-22.018686
-18.885925
-20.077919
-17.475544
25.767763
22.704935
20.739271
-21.113457
24.502804
19.144196
-16.121813
15.563368
17.243944
13.755186
-13.698299
-12.2241335
-10.800745
-14.927504
-6.2997046
11.876187
5.058288
6.7228527
10.246874
3.274029
-4.7005315
-9.293453
-3.0579994
-1.4065933
1.5518521
-0.0440212
0.11247484
8.36284
-7.7861476
-26.527378
