390.75824
379.24527
300.20306
257.3053
241.07048
175.34435
135.81131
115.096695
92.591354
88.399704
85.28005
71.69986
67.83984
58.471912
56.300735
55.177055
50.17544
47.892727
43.827183
41.63112
40.7251
37.296444
37.227013
34.802467
33.402927
30.7251
31.113773
28.898312
27.438343
26.094248
26.413061
27.000055
-22.404797
-21.145967
25.202421
23.495821
23.141428
-20.207844
-20.041788
22.61018
-19.467373
21.75349
21.223026
-19.098719
20.7422
20.461506
-18.131113
-17.923204
-17.548819
19.528997
18.923498
14.285301
18.18983
15.005989
17.444187
15.888473
-16.776508
12.935491
-16.193707
-16.069702
16.781382
11.254259
10.200571
9.453529
8.455082
-15.716106
-14.626228
-14.220255
-13.969406
-13.392706
6.712885
5.770412
-12.860346
-12.19268
-11.621402
-10.916019
4.866777
0.002873354
4.0406528
0.47599265
-0.26636338
-9.774611
-8.317745
1.3429556
-8.989282
-7.4919214
-4.405112
-5.2018785
2.3219197
-1.024108
3.172701
-3.6469078
-6.72183
-2.8316102
-6.0180745
-15.535168
12.268222
7.6129336
-2.029228
-10.3828945
