811.8546
697.9819
640.04834
602.5007
411.137
366.26196
345.48535
277.02542
186.14354
156.93567
152.67274
135.80968
125.72625
119.7288
106.21959
95.286415
91.00282
88.50361
83.57245
81.20452
76.187454
72.91405
71.64016
70.43363
65.97643
65.14543
61.775402
60.754784
57.12128
54.865005
50.152164
48.72729
-26.695057
46.26578
44.022625
-24.135912
-23.153347
42.31353
41.744274
40.28624
39.707012
38.31825
-22.233465
-21.520794
-20.78871
36.694336
35.821724
35.56063
34.061802
-20.422255
-19.986948
-19.448227
32.132206
31.590868
30.38892
29.852325
-19.08632
-16.988686
-18.736898
-17.573591
-18.265774
27.57153
-16.250093
26.67386
25.14847
24.188133
-15.442161
-14.040061
-13.115273
-12.152155
-11.099144
0.025949486
-0.10397428
-9.182102
-7.0086594
-8.058635
-5.891425
-1.13906
-2.4606197
23.131172
-14.8117285
0.9940731
-4.8139777
21.244312
19.905796
4.957374
6.222475
14.435462
8.886778
13.237018
15.697185
2.369487
18.555351
7.576677
17.252825
11.612819
-3.6630695
10.301235
3.684565
-10.25296
