2190.1292
1840.8163
1680.5286
1382.2285
1248.606
1134.5686
605.7124
384.57584
354.74466
316.22656
285.93896
261.54404
251.98938
229.91943
221.42302
204.50894
201.8276
196.50098
-113.552635
188.10423
182.48193
175.61069
168.39613
163.03604
158.9487
155.62985
-99.11793
-94.27277
-91.46081
147.358
140.98357
138.0749
-84.82362
-83.04344
-79.61417
132.73483
131.65184
128.4917
125.82095
-78.90151
-75.91528
120.10507
123.54075
116.93271
111.26128
109.99975
-73.82051
-72.477264
-70.92622
-70.05279
105.44156
-67.57888
100.59764
-63.67114
-62.326736
-59.699455
99.298515
-51.996014
-54.107456
96.318665
-49.56128
90.24212
-0.039841622
-45.46301
-42.909893
0.6381731
-2.8445747
4.1736717
85.43675
17.027937
-6.9016266
-36.192223
13.080635
21.077333
-29.422308
-32.627872
25.295671
-25.989334
-11.269632
-22.314816
42.00867
37.793854
46.467613
-15.095839
50.691475
55.455124
29.434507
76.17735
66.50725
63.41957
80.51014
-66.43742
-18.628548
82.796364
71.68539
-56.92926
-39.25049
8.8784685
33.76047
59.0744
