7175.56
5825.6924
5460.096
3738.545
2879.4697
2617.8657
2189.8643
1661.0503
1560.5356
1072.3081
911.1292
836.05585
768.44214
671.9045
622.99976
595.32654
569.9653
558.49786
543.2714
509.229
491.49667
458.85217
445.1684
422.83377
405.68933
390.07388
368.5296
358.91232
343.8669
330.606
317.94778
302.09094
313.0608
289.04254
281.15564
265.10028
260.8384
246.59412
-130.16003
238.46054
226.38313
216.29315
208.17627
-115.5192
200.25014
195.7711
186.80478
182.55273
-103.75587
-101.926476
-100.51182
-97.52682
-94.46348
172.72551
167.95195
159.79774
-90.35478
-88.04576
-85.20347
156.54068
152.19736
143.76889
136.0882
-81.993256
-78.70302
113.86699
83.24425
77.22562
119.514984
89.70836
105.659805
68.96408
-75.79227
46.366863
-72.67459
53.518658
39.230244
-69.09116
32.158386
11.850653
5.1301885
0.09823831
-0.6016467
124.36904
-60.737377
-56.596245
-24.330614
18.824951
-51.168884
-29.887066
-18.619223
-6.177113
-35.89468
-12.497966
100.22635
-64.97613
-45.97383
-41.164783
25.35216
60.900417
