13670.104
11513.364
10367.952
8927.515
8543.343
6420.3794
5464.7524
5319.0015
4591.1797
1370.6775
1125.7261
1060.1725
969.1922
947.8473
845.99994
816.088
781.6814
714.615
698.1937
667.413
642.19415
635.9012
627.17413
616.7369
600.2155
579.5638
-392.38992
556.451
542.7881
537.04144
512.6485
-360.04617
-349.92618
497.9392
491.25247
478.80618
470.21158
459.10666
447.21695
-332.28705
-321.74796
-319.921
439.3412
412.23987
394.8891
-308.61823
-309.93832
381.84604
371.68692
-298.78195
-293.98453
-291.75836
428.4251
343.77094
355.6179
326.27554
311.84024
-277.3009
-265.52997
-260.52682
245.03561
228.10336
125.13647
143.44336
-222.055
212.12404
158.57962
108.29366
75.30524
58.67862
-231.88608
41.748528
-203.47412
-212.38538
-250.74216
-188.49005
24.734356
-66.558075
-137.56294
-123.22384
-81.179665
176.76889
9.109902
-51.12862
-150.24419
-163.74202
-110.14722
-19.478262
0.096754715
292.88403
-35.65462
259.3205
277.9087
-175.34595
-273.41626
-242.83472
-95.830734
194.29588
-4.6265965
92.028404
