3613.6475
2999.8784
2544.0007
2239.3767
1860.229
1709.9991
1145.2817
1092.7808
693.5803
624.1283
498.79486
503.3001
469.94757
434.61777
424.4101
404.30725
389.7821
341.78134
321.4116
304.13928
290.15448
270.70514
241.25314
229.55363
216.16055
212.27185
201.41426
198.27263
186.22856
167.12904
179.21375
176.59555
173.74825
-139.60126
160.681
159.51222
154.72733
-127.39279
150.05331
145.03322
-122.66916
141.59329
-116.995766
135.18182
131.0316
127.473114
121.84814
-107.41974
-104.94177
-102.95539
119.1901
113.18144
107.72343
-100.99297
-97.780426
98.02962
92.145035
85.70346
-95.63412
-93.79045
103.45419
81.18048
58.675507
63.641937
69.207436
-90.11162
52.54209
-84.24193
-87.13386
41.109875
35.5646
29.93237
-79.67615
-70.89251
-75.549385
24.435764
0.001219504
-66.723656
7.602573
2.3926742
-46.84496
-50.989582
13.485415
-55.234997
-42.08124
-18.131224
-13.062181
-62.693935
-27.945326
-2.28309
-32.677483
-23.082432
18.935326
-59.357517
-37.31916
-7.3117657
46.786057
75.13284
-88.68062
-77.66795
