3031.2312
2038.7917
1665.114
1346.1593
1119.7122
836.96466
663.18085
579.0731
483.87915
431.7687
381.95795
373.60544
351.90283
326.20023
296.3056
294.03455
277.60974
247.96796
233.35612
212.62845
209.02509
199.22034
190.29472
164.26451
162.31354
146.64386
140.65997
132.89513
127.55423
119.118126
112.34112
107.928024
-70.84336
104.47112
100.848335
93.38855
-64.57672
88.809746
87.46532
79.45667
-61.104137
-59.304466
-56.288593
74.08508
70.92982
69.19803
67.506165
65.26135
-54.60696
-54.053593
61.15007
59.049213
62.933975
52.417595
-51.687252
-51.266655
-50.087776
54.61206
49.047283
46.35239
-47.97809
38.52228
40.557148
-47.345455
-43.28471
43.979023
34.193493
-44.542046
-41.803093
28.625786
25.837143
-39.935448
-38.051296
22.656265
-33.674408
-36.189304
19.48927
-46.350998
-31.65151
-22.261646
-24.73134
-19.69698
13.4724655
10.6589
7.6338887
-27.085573
-9.191821
-11.893572
-6.3286266
-17.21252
4.6648955
-3.442909
1.7764338
-0.83812976
0.01070739
-29.557716
-14.555259
55.6482
31.66438
16.49714
