631.83997
431.18622
389.22614
365.03604
267.9303
238.10277
175.62389
166.13785
118.16202
105.16205
91.741325
88.43209
80.81095
80.101105
70.8653
66.41487
63.63112
60.807625
56.91922
54.421043
53.742733
49.783382
47.76975
44.66849
42.056587
41.13477
-30.571156
39.51557
38.26353
37.335396
35.887474
34.8309
33.42773
-26.26509
32.786076
31.259138
31.548876
29.204514
29.743359
-25.182972
-24.690783
-24.10395
28.546495
27.163858
25.829931
24.6979
23.43304
-23.10796
-22.987108
-22.849043
22.169558
21.220297
-21.963964
-21.803556
19.30682
18.520617
-21.129215
-20.318375
-19.79157
-19.353987
16.947828
14.791915
13.900918
12.447695
-18.634226
-20.887249
20.653128
-18.073057
11.191038
-16.628752
-15.84881
-15.308965
7.686351
6.449735
5.3466954
4.261313
10.013759
-11.500858
-12.367246
1.886833
0.74871284
0.006912354
-0.2600514
-10.598499
-17.38043
-6.6642175
-1.2344977
-13.538474
-7.6154413
-9.577351
-2.4314427
-4.620188
-5.615909
15.915263
8.807781
-14.06233
-3.542648
-8.61836
25.468128
3.0864358
