903.1866
418.24582
376.46866
348.2558
320.11865
304.23758
280.0612
261.18732
255.4061
251.70567
248.94255
231.08391
226.312
221.21904
-215.09639
214.7036
212.95905
206.12395
204.4967
203.45352
-204.47112
-200.19421
196.8303
-192.5141
185.62012
190.52258
191.57565
-187.59682
179.1682
177.83359
-184.87712
173.39264
-177.59224
-175.5957
-174.20609
-170.47543
168.79482
164.7113
159.68016
155.27571
150.44142
143.77626
-165.51332
139.39336
-167.1088
-160.91006
-158.93602
-157.77133
128.19318
122.19337
117.127846
110.67049
133.93831
-153.71277
79.63973
72.37283
-150.29784
85.12874
65.796585
-147.98865
104.34048
53.32391
46.11309
39.93558
92.01766
-144.23741
-140.42809
33.242302
-136.62349
26.59895
-131.42668
19.882366
0.21257792
-0.28864437
-6.339288
-125.871056
-13.13616
-80.88829
-87.66271
-92.4044
-97.954636
-19.823038
-51.73734
-63.561565
-45.528023
97.8842
6.0645123
-75.26445
-58.00162
-118.11134
-103.06451
-112.98886
-39.1681
-26.436668
-122.43476
-33.02708
12.926377
-69.53172
-108.92102
59.95427
