2708.8535
1203.3522
809.6321
749.246
625.5303
583.0366
552.2307
534.49036
500.72888
488.6213
-382.12564
446.8612
435.37836
425.97778
411.3575
399.65906
384.15118
-369.96283
-351.55103
371.49493
361.6327
357.97424
349.04425
-339.9104
-336.99188
-329.86423
336.48926
330.7626
327.99545
323.1066
-319.20807
316.826
310.8753
305.84982
270.55817
280.787
290.51443
295.36017
-312.08817
-308.90686
261.655
252.01248
-301.06744
-297.42374
-292.50812
-290.60968
232.11586
223.28612
213.21379
202.06618
191.09138
-285.90826
156.45166
145.4237
133.57423
-275.3099
-268.7298
-263.49683
121.50276
168.3577
110.72251
86.54442
75.2111
-256.33832
-244.74763
-225.21861
-219.29468
63.74491
-210.05614
51.54007
-191.90523
-122.15711
-144.42429
-153.32066
-174.60266
-111.4053
-164.37242
-235.48131
39.312916
-0.092351474
-183.29485
-100.863144
-19.406557
-7.295346
2.369826
-32.4574
-89.48537
-78.25448
-43.93862
27.262045
14.262867
-67.35724
243.80206
179.38823
-56.046543
-202.99225
-250.96913
-283.0716
98.27402
-133.19728
