1651.9131
1372.0052
993.7728
777.62024
748.8135
652.9388
548.60376
394.27548
314.22675
289.41318
257.8481
226.04623
209.2374
191.40483
174.00339
160.08282
149.09193
143.02448
134.67601
133.51044
129.4716
121.457214
118.04069
113.56443
109.6069
103.29798
104.52568
96.975586
98.53786
90.83035
87.27545
85.14887
81.3461
82.88924
-61.64302
77.6661
74.81013
71.39299
70.88942
68.33944
-54.09701
-53.273277
61.059837
63.598633
66.80082
66.25713
58.513725
56.87258
51.18859
49.022923
54.87697
-50.703568
46.94622
39.00431
35.100258
32.91615
41.738262
-49.391457
29.555672
24.08893
21.543938
18.67365
-48.370106
-47.71324
15.8567505
-46.375877
-46.094563
10.828136
8.160333
5.580794
-44.291042
-9.698682
-12.012728
-23.15584
-20.96699
-24.91165
-40.31293
-41.704353
-39.393677
-43.75766
-14.279143
-37.33485
-27.159262
2.435945
-43.308186
-7.2952466
-36.34819
-18.603952
-0.03661839
-4.8724613
0.26353148
-30.873825
-32.364098
-34.33558
-1.8862426
44.19371
13.309523
-29.181707
-16.334019
26.954079
