6378.627
5818.546
4990.332
4005.5703
3598.355
3711.5527
2765.6423
2440.3315
1729.4819
726.25006
655.06683
593.40845
559.2683
518.1078
475.95377
462.66156
457.45245
447.02945
427.63507
406.70203
394.63144
379.49075
375.13324
358.19046
343.99252
334.55032
321.48035
325.01663
-243.2197
316.0685
308.30643
301.15015
295.2412
284.27652
281.4522
-210.06232
-207.06061
-201.4226
-193.59564
266.49863
260.89835
251.8584
243.58382
-187.17952
-180.1368
227.91696
210.71365
218.91776
201.90192
-178.23836
192.06264
153.91954
161.51248
171.48845
-171.56966
124.31165
133.46825
-168.5832
114.66567
103.2668
93.676216
-157.45801
-154.00108
-149.62788
-144.89865
-140.64966
63.741158
54.222794
44.59193
-121.9965
-115.45798
35.511486
-127.40408
0.057430353
-109.78046
-72.01231
-79.32109
-2.277264
-63.702297
-102.23401
25.758617
-20.834541
-10.730892
5.6672144
-87.77805
-30.207045
-55.263275
-165.20105
74.176636
-47.585663
-38.796562
263.73477
83.86494
-164.15485
182.46143
233.85141
-135.36246
-94.20085
14.83561
144.19505
