820.9515
648.53796
608.4655
491.8955
436.89102
334.22604
295.62152
203.96109
175.4471
165.14168
134.71281
123.23211
113.97687
106.861465
95.64382
88.147675
77.19023
75.56615
60.742416
58.277565
51.726826
45.89086
42.6764
44.114826
39.861404
38.10116
35.82017
32.990856
-22.980099
29.355421
28.569841
25.921963
24.896208
23.534899
-19.63497
-18.917303
-19.121181
-18.342398
-17.59066
23.098215
22.474037
22.300909
21.571482
-17.35431
-16.960396
20.748718
20.110939
19.214102
18.657043
18.18727
-16.487444
-16.278522
-16.018267
-15.708305
-15.185375
17.398174
16.1078
-14.573416
-13.944674
-13.309997
15.715072
15.232481
-14.299665
-11.790881
-12.282128
-11.052352
-10.380408
-12.7816
-7.61305
-8.286424
-9.71047
-6.873351
13.526938
14.335337
12.9532585
-6.084128
10.564935
12.037358
9.863838
11.3691225
-4.54762
-3.7905867
-2.9777043
8.776441
-2.144201
-9.153853
6.214938
5.3633313
7.157422
2.8241386
1.9544643
-1.3048884
1.0863365
-0.0018312321
0.30119306
4.5131383
-0.4972328
-5.368206
3.670172
7.94526
