361.61807
160.07408
78.71759
70.50186
54.716125
48.30541
41.099403
36.047695
29.232634
24.389397
22.462008
16.031403
14.169511
13.265379
12.001277
-9.959807
11.565332
11.128432
10.59021
-9.210568
10.108975
9.529498
-8.807841
-8.525362
-8.383255
-8.023175
8.856731
8.574215
8.637183
7.963577
7.886122
7.770158
7.6258216
-7.4771285
-7.311615
-7.2206144
7.4419303
-7.0030785
7.229826
-6.7967596
6.9605393
6.7032337
-6.4544234
-6.506802
-6.6198645
6.5011497
-6.224173
-6.1681805
6.301823
6.4281173
6.008205
-5.931378
-5.8526154
5.793495
5.5915318
2.1686995
2.4778833
1.9092296
-5.6431212
5.304062
4.904171
3.3037367
3.0618196
0.00077149045
1.6232524
1.3415314
-5.3093166
-5.141122
4.702287
-0.09118913
0.47614762
0.76955134
0.20102033
-0.34826156
3.636406
-4.937084
-0.6307249
-4.74227
4.355272
-1.4666215
-1.7457808
3.8231084
-2.0012252
-3.804036
-3.3024056
-3.0717196
-2.274293
-3.5516136
-1.2002399
-4.4839716
4.0769854
-4.295431
-2.558438
-2.835653
-5.4474673
-4.051115
5.4109135
1.0657444
-0.92906374
2.7597854
