1012.8592
919.39655
768.4654
676.4403
576.5559
457.7546
417.48245
350.4903
343.5155
337.22012
317.62524
301.99585
288.7163
266.0854
254.9359
-170.0752
239.13689
235.56529
227.15909
221.25522
208.83072
191.05624
-159.4928
-152.30832
187.32376
180.87389
181.58565
174.62074
172.84909
167.7638
-134.8949
157.48262
163.29198
167.42346
155.33392
-127.75749
-126.63394
147.62546
-123.722015
-119.62831
-117.67885
147.08876
137.58046
133.73003
129.17345
125.475136
119.26794
-113.823685
112.46856
115.89856
-111.252266
-107.35018
-105.960365
-102.32332
104.531395
99.82539
78.96232
90.09525
84.7396
71.829056
-100.07497
67.59609
44.54655
50.33619
55.859028
-97.40252
-92.00262
-93.71461
39.26229
-89.25128
22.37392
16.94009
11.144568
-78.49469
-44.916847
-40.508915
-15.278948
-20.460327
-49.582817
-71.459755
-9.725289
-30.452795
-67.38712
-54.20046
5.449557
-75.36033
-0.13505465
0.5479089
-58.708447
-25.470821
95.15262
27.902893
-86.399216
33.753246
61.392967
-62.829456
-82.91837
-4.1751
-35.433968
144.50989
