6041.4414
4880.238
3226.5652
2849.3508
2338.7405
2057.639
1829.0474
1531.3842
1368.2103
652.0885
494.42294
458.39386
448.14282
386.2267
382.7459
-300.4561
359.23367
352.80637
326.50418
-248.91951
-244.21715
308.0991
305.30957
294.65585
286.46588
272.89255
269.55292
-229.2384
-223.61116
-216.39815
261.9713
258.7136
253.71062
-213.38542
-205.23016
245.19594
238.39482
234.5152
231.11055
-198.3026
-195.59354
222.46812
-190.54808
-185.66
214.8711
205.51807
-179.28639
-177.74776
199.5186
180.22632
187.04445
131.6413
122.552025
138.76967
-175.62418
-169.26994
-167.20096
87.848434
96.78943
105.37438
79.24051
70.53419
-158.6916
44.106792
35.69616
-27.293894
26.85647
-125.42534
-149.2569
-131.4888
16.737211
-18.072199
-119.35769
-35.85077
-112.43908
7.195336
-43.989876
-98.13393
-8.311938
-90.956024
-82.77668
-75.32076
61.269756
149.76555
170.97585
-67.72445
-139.2941
-51.98759
164.2268
-156.39418
193.10965
0.17362154
156.55449
-143.64505
-59.67518
216.6244
-104.95083
113.7229
52.838005
-0.67141163
