3783.341
3061.4956
2561.994
2177.9065
1815.4915
1558.4911
1261.097
1073.6724
822.2787
613.6722
542.78406
491.1547
480.07318
442.4872
407.6208
394.0161
369.16385
333.13016
327.4585
318.7779
288.6974
280.608
276.51974
249.48698
236.74716
232.31189
-133.84636
212.74542
206.1813
193.92346
186.58087
-119.95595
-118.29762
-113.58667
175.61603
171.56181
173.22131
162.30124
155.93138
151.62297
150.27643
-104.72585
-102.04803
-100.96468
135.54851
142.92944
-96.99401
-94.35112
-92.22397
-91.52896
-88.91885
-87.26171
142.67838
128.51756
125.69606
124.04318
112.9756
108.582924
-83.927574
104.76903
87.258934
82.59632
96.01459
-82.29706
-78.67744
-68.616264
-75.150314
-64.87886
77.787674
-61.575844
60.23345
-56.762062
32.109238
21.241913
15.727564
-0.3544804
0.11659826
4.4108653
37.94895
-4.864407
54.182983
-40.340282
-34.89666
-44.37785
49.37213
-25.480217
-30.212658
65.00099
-52.951805
26.684336
-15.7004175
-10.405412
120.81456
70.39283
-20.606794
-48.97511
100.533745
10.221699
43.39186
-71.40156
