3777.0747
2888.75
2726.7556
2208.0752
1792.1887
1379.428
1167.8656
1036.2289
604.84265
434.9166
378.80463
326.00955
291.9572
283.38925
252.92982
-180.55734
-157.67128
246.56363
242.45828
239.04126
218.0303
211.42604
209.15794
-148.5941
-140.92162
194.77812
190.14467
187.07445
-135.86017
-133.32895
-130.22507
-127.23145
179.86586
-125.216644
-123.65723
174.40335
170.94682
168.11694
-119.30581
-116.81384
-114.68135
164.0079
162.53044
-112.081985
155.61432
150.67976
-108.915115
-106.259995
-101.79505
-96.68394
144.46194
141.56282
137.95729
-92.83917
-82.04952
-86.865685
-76.04248
-72.61581
-68.720245
-54.472755
-59.582165
129.41718
98.79227
93.41968
-49.27804
119.05991
105.5665
86.70943
81.98571
-43.62986
-17.562344
-23.066557
-28.374607
-38.757294
-11.53188
23.606861
17.723223
52.522522
29.426096
46.452442
58.1168
69.61892
11.633732
64.61328
125.006386
-5.0930066
114.372894
34.8478
-0.26697
0.19147247
132.72252
4.9620523
154.52286
-103.73644
-90.11611
-63.956676
-33.60943
40.85941
110.3355
75.61403
