5889.9336
5273.2646
4214.5264
3762.9392
3388.3716
2758.9597
2099.361
1937.3461
1300.2383
833.13074
796.5771
688.5278
605.42334
591.0357
585.8911
527.8504
516.17773
491.11197
464.4731
450.3455
437.40817
429.97476
398.9305
394.8323
-249.81645
399.9543
365.00677
352.69244
345.6563
338.8095
332.42935
-224.32857
-214.35568
-207.33162
313.24463
311.1202
-198.39331
-188.55374
301.04547
292.10776
284.45908
271.30725
261.24316
257.6719
-182.61989
-177.99828
-168.27406
-173.0702
-174.8901
249.06813
220.78192
215.81178
-160.25621
-157.99326
-154.87123
-146.53334
234.44604
176.90059
184.15363
202.03499
-143.552
161.45996
-137.46455
134.06685
123.72496
113.82869
-131.94588
62.045517
72.52108
52.03183
-76.26911
-0.027333893
-59.361122
-51.10476
-42.295177
11.984347
-14.511618
-5.088461
2.9622269
153.6571
-93.02382
42.541702
103.879684
-106.4791
-67.81591
84.14818
-24.430944
-99.74413
-126.443794
-113.45029
22.735723
32.84838
238.98422
193.81299
-33.746338
-120.71701
93.8942
278.65237
147.4751
-83.58626
