5939.68
5046.083
3819.4375
3451.2925
2686.2698
2561.6062
2326.8633
2044.2122
1448.103
539.74854
452.06058
421.21213
415.866
387.20575
365.09
351.5147
319.5538
307.4256
294.07013
286.41238
277.95084
272.1655
258.8292
251.11018
244.1622
235.07089
231.68808
223.53398
216.69084
216.38007
209.80247
207.19353
203.47656
196.89696
-137.78499
189.33383
185.37215
184.17061
-132.1767
179.15967
-129.61931
-127.987946
176.13625
167.99765
-122.84096
159.90936
-117.020485
152.56265
149.8212
-113.34754
-109.46325
-114.157234
124.256165
143.86775
138.76978
132.14886
118.05917
-106.96207
105.19384
99.39301
-105.61613
92.13455
-100.88625
-103.12616
111.421
85.904915
72.427605
-95.56357
-93.55986
-78.33233
-74.62632
-83.02151
65.05329
-71.103516
58.348324
-60.97309
-45.49224
-55.781994
-51.00642
-40.25602
25.85422
-89.89558
51.49649
32.168922
18.968027
-23.85117
-17.395746
-11.123726
12.235513
-29.275381
-5.1203856
-0.22151294
45.239788
38.632946
0.5119937
-34.74263
5.8440657
78.70118
-86.79062
-65.61665
