2.5027676e-08
1.0333179e-08
2.8503568e-08
3.5286463e-09
3.3970315e-07
3.3538383e-09
4.529154e-08
1.0566155e-07
1.9067022e-08
5.807602e-10
1.4280014e-08
2.3666686e-08
1.2721851e-07
1.9039945e-07
9.4801614e-08
1.4930172e-09
4.011361e-07
2.2569598e-07
7.4981514e-08
4.129001e-08
4.6483498e-10
2.1837968e-08
1.15981356e-10
9.2578844e-08
1.5784214e-09
1.5540202e-07
1.8230175e-07
5.0762292e-08
9.61015e-10
2.9016294e-09
2.5479596e-07
6.653811e-08
2.9765653e-07
7.095331e-10
5.3394956e-08
1.5118587e-07
1.489582e-07
2.691846e-07
5.1091666e-11
9.637236e-09
5.2793723e-07
2.99323e-09
1.1993656e-07
1.03393205e-07
5.167135e-08
1.4693661e-07
1.4662118e-09
2.4753e-07
1.0543255e-07
4.2961247e-08
2.1528157e-08
3.2309558e-07
1.5658313e-07
5.655674e-08
2.0175592e-07
8.144231e-08
1.1574083e-07
3.6007307e-08
1.192936e-07
1.6523639e-07
7.417815e-07
3.4990822e-07
3.874776e-07
1.3242263e-07
1.4902969e-07
1.0756884e-06
8.799549e-06
1.7866236e-05
3.3573666e-05
9.198305e-05
0.0002919453
3.9688888e-07
9.652553e-07
5.472316e-06
2.761536e-05
4.71163e-07
7.407947e-05
0.9935178
8.692304e-07
2.0910668e-06
3.1955744e-06
1.5239324e-06
1.9913063e-05
4.3759715e-06
1.203856e-06
7.881005e-06
4.017996e-07
0.005658874
2.7786743e-06
3.3787128e-06
2.0830339e-07
1.2810091e-07
1.2941568e-07
9.988684e-07
7.750227e-06
5.5122455e-06
4.515889e-08
9.3025295e-07
0.00018728012
1.0445112e-05
