2.6363463e-09
8.218933e-09
8.890242e-09
7.620006e-09
4.9105548e-08
1.4168984e-07
2.9270324e-09
1.7362123e-07
1.5695804e-08
4.363768e-08
5.174838e-08
2.471104e-07
5.4557493e-08
3.2917458e-07
2.4459168e-10
1.7593105e-07
2.3382025e-09
1.875793e-07
3.0911514e-07
1.1479713e-08
2.5623015e-07
3.2695283e-08
2.3509351e-08
3.5811723e-08
1.0812898e-11
8.1422854e-08
2.0487448e-07
7.858307e-08
1.6148006e-08
1.3634375e-08
6.149061e-07
7.140026e-08
2.2988003e-08
7.350618e-08
1.3918306e-07
4.524833e-08
3.4780356e-07
1.8125601e-07
6.768237e-09
1.1453582e-07
4.068071e-08
1.3882368e-07
1.3815954e-08
6.8987562e-09
1.9229044e-07
4.0018286e-10
1.7381296e-07
1.12442656e-07
1.2423308e-08
2.2718147e-08
3.5299924e-10
5.5667172e-08
8.026105e-08
4.952761e-08
7.950737e-11
2.1857877e-08
1.7473627e-07
6.446815e-09
3.8591374e-08
5.5199165e-09
1.3187694e-07
3.0244782e-14
5.1714628e-14
2.9292286e-09
2.1291872e-07
2.085287e-07
1.6619657e-08
3.1170803e-08
5.2457694e-11
1.6501954e-07
2.4331813e-08
0.9999263
1.8371733e-13
1.2621176e-07
3.5389966e-10
4.6566962e-05
6.5127557e-07
5.787162e-06
3.1510624e-06
1.3511473e-06
1.8405638e-06
7.613047e-07
2.03189e-06
1.2894616e-07
6.279375e-07
3.0981502e-07
7.4724665e-07
4.753129e-07
5.469623e-07
1.4265157e-06
1.7259734e-07
4.3722957e-07
5.088566e-07
3.2722919e-24
1.0153853e-23
1.2346706e-28
2.2226832e-27
2.0017655e-26
7.6558397e-28
3.3128138e-33
