3.4199232e-09
8.510316e-09
6.563423e-08
4.792774e-10
1.0043309e-08
1.8109596e-07
9.8528844e-08
1.7164778e-07
4.0171813e-08
4.569766e-08
9.003159e-09
1.8373072e-07
1.5241712e-07
1.8256016e-10
6.553506e-08
5.9143694e-08
1.0744402e-08
5.8969768e-08
1.573202e-08
1.3740936e-11
6.1372674e-08
2.3064355e-07
6.8477135e-08
1.5397359e-09
7.510471e-08
3.124187e-08
7.7207446e-08
1.09089065e-07
1.3003637e-10
7.4130526e-08
1.4861778e-09
9.931016e-10
4.2680085e-08
1.6849528e-08
2.0906988e-07
1.4671021e-09
4.5896016e-08
1.8304283e-08
1.840324e-08
1.0432757e-08
2.1499806e-08
5.514967e-09
1.8719009e-08
8.640443e-09
5.990453e-08
3.6313816e-10
5.5937512e-08
2.6301839e-08
2.8162665e-08
9.149698e-09
2.976934e-11
1.3602335e-07
1.2835938e-08
4.909388e-08
4.3786333e-08
1.6535303e-09
1.3763726e-08
8.661018e-09
2.6580156e-07
6.654744e-08
2.2252937e-08
5.052786e-07
8.401449e-09
3.6454594e-08
7.636923e-08
4.655487e-08
3.3042962e-08
7.118628e-08
1.1029125e-09
4.333646e-09
3.2738274e-07
1.3731871e-07
8.5414854e-08
3.4198577e-09
9.1727137e-10
1.348679e-06
1.3503382e-06
3.9674757e-07
4.762744e-08
4.1771375e-07
5.86711e-09
2.6512234e-07
1.5936639e-06
1.8416281e-06
3.9771962e-06
6.0511354e-08
1.4349887e-05
0.99923146
1.933822e-08
1.0923126e-07
2.8384159e-08
9.2536475e-06
0.0007194411
7.194011e-07
3.212221e-06
1.2664834e-06
8.5453956e-07
9.306061e-08
4.465704e-07
5.361871e-07
