3.1396162e-08
5.4830704e-08
3.05868e-08
2.1787646e-07
1.42811665e-08
5.8975026e-08
1.0657855e-08
6.718943e-08
9.507966e-08
2.770286e-08
2.2984669e-07
5.6594537e-08
5.958607e-08
1.2289138e-07
9.6179505e-08
2.9794268e-08
5.64742e-08
2.565333e-10
2.4680904e-08
2.6299423e-08
1.886443e-08
1.7226326e-07
1.1387287e-08
1.0798028e-08
2.2805118e-09
1.3436902e-07
3.3097226e-08
7.2461546e-08
6.506888e-08
1.9284032e-07
9.4123905e-08
5.9881327e-09
2.080322e-08
3.7286352e-08
1.3023627e-07
1.6788631e-08
2.0643585e-08
1.6905905e-07
2.8784632e-07
1.4067023e-08
1.477196e-07
7.097831e-08
3.043662e-08
1.874225e-08
1.7022512e-07
2.6223506e-09
1.0825798e-08
1.0081115e-07
4.173823e-08
2.0268082e-07
1.5516375e-07
3.7518335e-09
1.29585445e-08
5.541203e-07
2.2520881e-07
8.249826e-10
6.016321e-08
7.786541e-09
1.9837962e-07
5.079424e-09
3.1245232e-08
2.250897e-08
7.136587e-08
5.6649462e-08
4.384107e-09
2.164338e-08
2.2718525e-07
2.2110329e-07
3.4968053e-09
4.5074916e-08
3.6429455e-08
6.700956e-08
1.0652287e-07
3.4089382e-07
1.7927793e-07
5.7937317e-08
3.1401942e-08
4.1159516e-09
5.7651334e-08
7.6249506e-07
5.6266043e-07
1.3691378e-07
2.26255e-08
4.6348356e-07
1.5819563e-06
0.99880207
7.8959825e-09
9.369592e-06
0.0011559246
4.2457523e-06
7.875832e-06
1.6473423e-07
4.074353e-06
2.7914086e-07
2.3612886e-06
6.0185204e-07
8.089776e-07
1.8526507e-07
1.8292235e-08
5.387832e-07
