5.4242633e-08
4.5371507e-08
3.7454577e-09
1.4628527e-07
1.622137e-07
5.3234178e-08
3.1093035e-07
1.0596867e-07
1.2719201e-07
2.4995806e-08
2.9737745e-08
1.1798271e-07
6.658407e-08
4.6074657e-08
2.9003329e-09
9.237323e-08
1.06265015e-08
1.0891912e-09
3.316014e-08
5.6339665e-08
1.564129e-08
1.6430495e-07
1.15176235e-07
1.4701547e-07
2.5748344e-08
1.4658741e-07
3.162181e-08
5.4137395e-08
2.0558454e-10
7.9692275e-10
8.937137e-10
1.1731585e-07
2.0285865e-08
5.5282956e-09
1.1222476e-08
7.486525e-08
6.516971e-08
4.4535387e-08
1.8502356e-11
6.8609353e-07
8.771441e-13
4.294354e-11
2.1024027e-09
8.160189e-08
1.5231004e-07
5.1688738e-09
1.2611016e-08
1.9374248e-07
1.9361633e-10
4.4270547e-09
3.4096335e-08
5.2987307e-08
9.319683e-09
6.311102e-08
1.202294e-07
3.088825e-07
4.3567078e-07
3.9039247e-07
2.727404e-07
2.3803499e-07
1.1941408e-07
3.5838208e-09
1.728223e-08
1.1963353e-07
1.6166722e-07
5.754168e-09
2.5591124e-08
3.8506887e-08
1.00203714e-07
1.5067906e-07
2.6885402e-07
0.9998598
7.971588e-08
7.8096484e-08
4.1745576e-08
5.788816e-07
5.361907e-07
8.8027846e-08
6.056917e-08
4.2443858e-08
5.617037e-05
5.0128674e-05
7.229605e-06
5.4762705e-07
6.9089305e-07
6.066341e-06
9.539356e-07
1.7172744e-06
9.65466e-07
6.316071e-07
3.7439867e-07
2.8408223e-07
9.0388335e-07
4.61284e-07
1.7794213e-06
4.804905e-07
1.2084375e-07
3.647928e-07
9.886172e-07
1.4485722e-06
