1.2241329e-08
1.2554443e-08
9.7487664e-08
1.1583743e-07
2.040533e-07
1.4653222e-08
7.2421065e-09
6.212419e-09
1.1559412e-07
5.6668335e-07
1.0282649e-08
1.3718698e-08
1.1659437e-07
7.2042376e-08
2.7054625e-08
6.7236776e-08
2.524078e-08
1.6040637e-07
2.171529e-07
1.2467872e-08
3.5968313e-07
4.1185167e-08
3.306527e-08
1.8154121e-07
1.2807992e-10
2.4570431e-08
1.6845697e-09
2.1753984e-08
8.616998e-09
9.9760975e-08
8.14048e-09
8.193157e-10
1.2141014e-09
1.5476052e-08
1.495974e-07
4.1976282e-08
2.1003844e-07
2.9601802e-07
1.2091798e-08
9.3475194e-08
1.529774e-07
1.6779408e-08
8.4022735e-09
5.1345665e-07
6.8396766e-08
7.788908e-08
7.91278e-09
4.966638e-10
1.0813309e-08
5.8153007e-09
6.1039526e-07
4.3760037e-11
1.4657972e-07
6.2348526e-08
1.3849723e-07
4.3200036e-08
3.6169092e-09
3.370392e-10
4.4297708e-09
1.4565894e-07
4.9586724e-08
8.9257355e-08
5.8755813e-07
7.5581994e-08
2.2149123e-08
4.8681864e-07
3.7342434e-07
3.5867404e-07
6.280142e-08
1.1425579e-07
2.1571098e-07
5.0000085e-07
8.3105775e-08
1.9390394e-07
5.6095377e-07
9.253604e-08
1.4605223e-07
7.221846e-08
4.462391e-07
5.290447e-07
8.186159e-07
5.2326794e-07
7.5645806e-07
5.181051e-07
5.775636e-07
1.3557708e-06
0.9971546
1.0653919e-07
1.2951834e-06
0.0027194186
4.9418054e-06
1.914555e-06
4.7466216e-05
2.5958036e-08
2.5562172e-06
1.124818e-05
2.894439e-05
1.0796373e-05
4.9718947e-06
3.304272e-06
