4.128664e-08
1.4998621e-08
3.0999043e-08
4.1505913e-08
9.67755e-08
4.6752263e-08
4.5492703e-07
1.397486e-08
4.4073442e-08
1.4928339e-10
1.15293446e-07
6.3503194e-08
9.8777576e-08
1.18294516e-07
1.6640144e-09
7.164395e-08
1.591232e-08
8.9768854e-08
5.962241e-09
8.527967e-09
5.217216e-08
6.072005e-10
1.3453351e-07
2.9629636e-08
5.853097e-08
3.9471634e-10
1.229708e-08
2.1271373e-07
1.1100126e-06
1.8248474e-07
1.1232058e-07
6.908143e-08
4.6840222e-07
4.6568655e-08
7.167524e-10
3.905621e-09
3.262262e-08
5.7029567e-08
1.8715352e-07
5.6811983e-10
2.1311666e-07
2.5560428e-08
2.0271909e-09
1.423592e-10
3.0363317e-08
3.071356e-09
5.4846845e-07
1.4580037e-07
3.9192525e-09
2.2385105e-09
5.7496408e-08
1.7039925e-07
3.4602145e-08
1.2480677e-07
1.1781179e-07
9.924954e-08
5.651245e-08
3.6120483e-07
5.6510764e-08
3.5451496e-08
6.0131846e-08
3.3748498e-07
1.6835187e-07
4.429417e-07
1.3144911e-06
6.3688515e-07
7.1689094e-08
2.1669699e-07
6.2068625e-07
3.464542e-06
2.1516043e-06
5.9327687e-07
8.06252e-09
3.708273e-08
4.550144e-06
3.1592022e-06
4.243897e-06
1.917393e-06
1.5410818e-07
7.6885436e-07
4.5523567e-08
2.1528134e-05
1.1249833e-06
6.5172044e-06
0.99884415
2.9054814e-07
0.00012329985
1.7648428e-07
7.3414515e-07
6.1097194e-07
4.9452272e-05
0.000894685
8.475713e-06
1.3697382e-05
3.1219545e-07
6.028388e-07
2.485675e-07
5.4732624e-07
1.9550596e-07
1.4333148e-07
