3.984805e-07
3.9499946e-07
2.4529708e-08
1.1200325e-08
2.573359e-07
3.769465e-09
3.9865967e-08
1.3337364e-08
9.700427e-11
6.120488e-09
1.05943094e-07
1.5249539e-07
1.177659e-07
5.157794e-08
9.741894e-08
3.9591068e-08
8.2664016e-08
3.658814e-08
3.898744e-08
4.520129e-09
8.323227e-08
6.0803906e-08
6.1027966e-10
9.1143875e-08
1.1622706e-08
1.7159668e-07
1.2146893e-12
6.9741706e-09
6.150843e-08
1.9798526e-07
7.827708e-09
2.0413472e-08
3.153057e-08
3.3329644e-07
7.6295265e-07
1.6772752e-08
1.6800166e-09
1.6723723e-08
1.2088654e-07
9.842082e-08
1.3692024e-07
6.122181e-09
1.012974e-07
4.0980026e-07
3.1810026e-07
1.0773444e-07
1.3053223e-07
3.5752394e-09
6.6815513e-09
1.096573e-08
7.508749e-08
4.9544305e-08
4.631258e-09
4.5930253e-08
2.7831453e-07
1.8836195e-08
3.435035e-09
2.0998695e-07
2.1654238e-07
7.234436e-08
4.265144e-07
1.2494607e-08
3.6158625e-07
1.812803e-07
4.1982343e-08
3.5782654e-07
3.1196706e-07
1.8260928e-07
7.17188e-08
5.552412e-07
9.33367e-07
4.891784e-07
4.4093044e-06
8.459417e-06
0.9970584
4.0308797e-07
3.3649264e-06
3.5993155e-05
0.00021887038
0.0025143134
1.6386934e-06
1.1408508e-05
3.8576806e-07
3.5230926e-06
2.372079e-05
7.51501e-08
1.544306e-06
3.6905368e-07
3.197541e-06
3.1572986e-07
1.0312264e-06
4.5718366e-08
2.9141412e-07
1.3224937e-07
3.1826423e-07
7.3407646e-06
6.8190076e-07
8.571218e-07
3.753723e-06
7.908916e-05
