4.550104e-09
4.7384883e-09
1.8339077e-10
3.6838055e-09
7.609332e-09
4.6946697e-10
3.0460885e-07
9.125366e-09
3.3984243e-08
1.1885364e-08
2.0041861e-07
2.1985937e-07
9.861721e-08
1.3038994e-08
2.5467498e-08
1.3747001e-08
2.18586e-08
4.857343e-08
6.4015813e-07
6.7048793e-09
1.601995e-08
3.4479024e-11
6.035045e-07
1.10956385e-07
3.1413407e-08
1.3172983e-07
9.769823e-08
2.3257357e-07
2.0642535e-08
2.0236993e-07
1.5417177e-07
8.6330154e-08
6.084618e-08
1.1721803e-08
3.7598573e-09
2.5279204e-10
3.2415622e-07
1.6947354e-08
4.725244e-08
5.7702454e-08
2.4274897e-07
1.438099e-07
3.3931616e-07
7.462332e-09
1.0542861e-07
7.314869e-08
5.205884e-08
3.7535358e-07
2.4333775e-07
4.1109114e-08
5.6112142e-08
1.4956525e-08
9.939261e-08
3.8967437e-07
1.0337979e-07
9.607662e-08
2.165871e-07
1.214281e-07
8.479851e-09
4.0427775e-08
8.566083e-07
1.3276666e-06
5.655219e-07
5.0726163e-07
1.4584529e-07
2.8411654e-07
9.860106e-08
6.432217e-07
1.8552798e-07
7.7442806e-08
5.060098e-07
3.7953112e-07
5.884793e-06
2.6982918e-06
1.8776547e-06
3.092682e-08
6.121639e-07
8.845642e-06
0.98306274
1.9724855e-06
1.675965e-06
5.850597e-06
0.00024564166
0.015579233
0.0008405484
2.3793557e-07
1.8383829e-06
5.406841e-05
3.4300697e-06
9.0887625e-05
1.0661753e-05
8.209315e-07
7.9264254e-07
2.8720764e-05
2.5350914e-07
1.6272063e-06
1.2799871e-06
2.243297e-05
1.060813e-08
4.8381683e-08
