2.223459e-08
4.5541082e-10
1.3770601e-08
8.993473e-10
4.3076325e-09
1.25343e-07
6.8066946e-08
3.9969197e-09
4.631804e-09
1.1659188e-09
9.969693e-08
1.2108265e-07
1.2275619e-07
3.0383134e-07
3.525742e-08
6.541609e-08
1.04229294e-07
8.253456e-09
1.3225572e-09
1.4218925e-07
1.324217e-10
4.4096264e-08
1.7560312e-07
1.16667564e-07
4.176421e-07
1.3626587e-07
4.0097294e-08
2.0715989e-07
5.7572187e-08
5.1024336e-09
3.8355093e-08
3.6957213e-09
1.5524279e-07
5.6241255e-08
3.233655e-07
1.912843e-07
5.343916e-12
2.3175625e-10
7.035011e-08
1.2593046e-07
2.1100323e-10
4.4867403e-09
1.1652464e-07
1.0175289e-08
5.472831e-08
1.6743368e-08
1.0402563e-07
7.458427e-08
6.9210886e-09
1.2157187e-08
5.180504e-07
3.17602e-09
9.369359e-08
2.318207e-09
8.935007e-08
8.9396843e-07
9.698432e-08
1.4172544e-07
1.1627237e-07
2.0679325e-07
8.466715e-08
2.9476228e-09
4.901457e-07
2.0289245e-07
6.082165e-07
1.1709998e-06
1.1587367e-07
1.191703e-07
3.8787283e-07
3.3812898e-07
1.5582678e-07
1.15056025e-07
1.934307e-07
1.3737383e-06
2.9878368e-07
1.3569593e-06
2.4908797e-08
4.419089e-07
1.5505393e-08
2.8539648e-06
2.1152466e-07
4.916758e-07
2.0693867e-07
1.1462978e-06
4.011167e-06
9.345964e-07
1.8315583e-05
8.352154e-06
8.0205835e-05
6.427446e-07
1.5184316e-05
7.665759e-06
7.046562e-05
0.9878596
0.01194274
5.1728684e-06
1.5889599e-06
2.8101992e-06
7.6251547e-07
1.0136546e-08
