8.1952344e-08
2.520647e-08
4.1844615e-08
8.984988e-08
2.485126e-07
1.3212694e-07
1.20102e-07
5.9855216e-07
1.4988633e-08
2.9974686e-08
3.287696e-07
3.53278e-08
7.695165e-11
5.9936575e-08
9.7032945e-08
2.6374463e-09
1.9682426e-08
3.911965e-08
1.2382073e-08
6.9409815e-08
3.0097613e-08
6.731949e-09
3.532678e-08
2.90065e-09
2.251284e-07
2.225184e-08
9.395345e-09
6.323759e-08
3.9394155e-08
9.0687216e-08
2.3380721e-07
1.9228908e-07
1.5961797e-08
1.3740965e-11
8.7683505e-09
3.5936824e-07
1.1401822e-08
1.2230909e-07
2.5781919e-09
6.0410494e-09
3.1517672e-08
1.258629e-07
1.3066428e-07
8.17734e-09
3.683941e-08
1.9866938e-08
7.541418e-09
5.2321614e-08
5.0833698e-08
2.7148811e-08
1.211439e-08
5.0835215e-08
7.678552e-09
6.909203e-08
1.7536271e-07
2.1954126e-08
8.157738e-08
1.4058578e-09
4.6962243e-11
7.801049e-10
2.8148962e-08
4.79507e-07
2.8081438e-11
2.0490582e-07
3.8143916e-08
1.0077704e-07
7.601896e-07
6.2107914e-09
1.4483342e-07
5.5391926e-08
1.1762775e-07
1.0927682e-06
5.068405e-07
2.5809615e-07
2.054227e-06
6.9006103e-07
1.891036e-06
3.382153e-07
4.8971806e-06
3.093129e-06
0.9993398
9.528666e-07
1.149476e-05
0.0005322091
3.4043674e-07
5.4471023e-08
6.1524764e-07
2.6891783e-07
2.5865147e-05
5.7988404e-05
3.6804897e-07
1.0323119e-07
1.5824051e-07
5.290414e-07
8.566649e-06
8.2299586e-08
1.0765223e-07
1.5820238e-07
2.1986976e-07
9.207006e-08
