6.569602e-09
1.1434527e-08
3.44914e-08
2.3255642e-07
4.613325e-08
9.905599e-08
5.6618774e-08
3.1356011e-09
7.467766e-08
5.147299e-07
2.0028057e-08
3.4259087e-10
4.195544e-10
2.657698e-09
2.0303798e-08
3.4093034e-08
1.1990433e-07
3.1839293e-09
1.1441349e-07
4.0073354e-09
7.305021e-08
2.5632099e-09
1.3353531e-08
6.288896e-08
3.071259e-10
2.4059963e-07
5.849538e-08
1.2144041e-07
6.608229e-08
1.8286038e-07
3.9787116e-09
1.9923131e-07
1.1291906e-07
1.0140474e-07
5.403805e-07
2.0522197e-07
2.1951065e-07
4.169242e-10
8.554492e-09
1.6729569e-08
9.504963e-09
4.442389e-09
8.277573e-10
6.9525994e-09
4.8116937e-07
3.4644813e-08
3.2646366e-08
8.425324e-08
6.248071e-13
4.1908494e-09
3.200701e-08
6.7886086e-10
8.19887e-08
2.1046112e-07
1.9651036e-09
3.1465166e-08
8.251967e-08
2.6768744e-08
1.7274714e-07
2.597426e-12
6.281936e-08
4.5273072e-08
2.8605554e-11
6.546056e-08
3.5305736e-10
3.4605703e-09
2.1554683e-08
1.4579191e-08
1.6909217e-07
1.4514794e-07
1.2491505e-07
1.5838614e-07
2.6530964e-07
7.1334554e-08
3.828847e-07
4.0388866e-07
1.9011567e-07
5.113509e-07
3.4880946e-07
1.3413701e-07
1.6190668e-07
3.3076387e-07
3.8666076e-07
1.3695727e-07
0.9998553
4.3736162e-07
3.219935e-07
6.889897e-07
1.3181734e-06
6.5437786e-07
9.0944144e-07
2.0359928e-06
2.1819227e-05
8.665308e-05
8.604192e-06
1.7007865e-06
7.7411266e-07
3.387584e-06
4.585624e-06
2.876173e-06
