5.983359e-08
4.7623183e-07
2.9996745e-08
6.983368e-08
1.5410093e-07
3.9306638e-10
5.9030048e-09
2.99272e-08
1.621074e-07
8.358935e-09
2.5752135e-07
8.220714e-08
1.1910485e-10
6.019175e-08
1.1386977e-08
1.4719489e-09
1.2225924e-07
9.045554e-08
1.8102625e-11
5.0131934e-09
1.174967e-08
6.921337e-08
2.4934351e-07
1.7445031e-09
1.5798774e-08
3.1090174e-08
2.7620777e-09
3.3196514e-08
1.3775518e-07
2.1452504e-07
3.1539924e-09
2.0969773e-08
7.378746e-08
2.1785087e-07
3.8419475e-07
4.2853287e-08
2.538768e-08
1.6203066e-08
3.7571276e-08
7.5416065e-09
3.9658178e-07
3.4174413e-08
7.032632e-09
8.434996e-08
1.8461993e-08
5.7483465e-08
4.6637328e-07
1.7001594e-07
1.9077531e-07
1.3374245e-07
2.069602e-07
4.0501786e-11
8.630866e-09
1.5252598e-07
1.7063539e-07
3.5170415e-09
2.705937e-07
2.4690735e-07
1.926743e-08
5.038485e-07
3.6842542e-07
9.866231e-07
8.928698e-07
7.1844175e-07
1.5873674e-07
1.695817e-07
1.3170934e-07
2.1675734e-07
2.96185e-06
5.520389e-06
9.708331e-06
1.8689852e-05
9.225903e-09
2.414917e-07
4.1916073e-07
1.1741221e-06
3.0237317e-07
3.1200474e-05
8.483512e-07
2.2534002e-06
1.9674585e-06
0.9794947
0.018161822
0.00024782523
5.584277e-07
5.590282e-07
0.0015581311
9.417921e-05
3.6193192e-06
2.8288123e-05
1.5681378e-05
8.350328e-06
4.5698496e-05
0.000111574765
6.0804938e-05
6.992438e-05
9.219679e-07
3.9443753e-06
4.8469536e-07
6.7111055e-06
