1.6754592e-08
2.3514633e-07
8.4390756e-08
1.6627506e-10
6.054874e-08
1.9940505e-07
5.8787293e-08
4.6167224e-12
1.1191978e-08
7.0412844e-09
1.3399334e-08
3.10531e-07
2.0200606e-10
7.5889204e-08
1.5510082e-08
1.0974052e-07
4.7672543e-08
1.839138e-08
7.6288535e-07
4.2767773e-12
7.421945e-10
4.0533502e-07
3.586513e-10
1.5689837e-07
1.1377312e-07
2.2830625e-10
1.6502999e-07
5.574311e-08
1.0460002e-08
2.3037954e-07
1.02434235e-07
1.260275e-07
2.4628721e-07
3.847939e-08
3.906063e-08
1.3214212e-08
5.340315e-08
4.312852e-09
2.0719177e-07
2.7376845e-10
4.160441e-08
6.7309536e-09
5.626659e-08
1.6601641e-08
8.838135e-08
2.1498595e-08
3.5879572e-07
4.6989452e-08
9.620299e-09
2.7948695e-07
2.564397e-08
3.211103e-08
3.4011396e-08
6.227943e-07
2.7910149e-08
6.66923e-08
7.571109e-08
3.6751305e-07
1.3403792e-08
2.9143945e-07
4.0523865e-08
4.342333e-08
8.901242e-09
5.2297295e-09
6.0462315e-09
1.9905124e-07
2.6236668e-07
5.3838264e-08
2.5716574e-08
1.5023095e-07
3.2271765e-07
3.9920027e-07
2.2226034e-07
2.2975031e-07
2.6626225e-08
5.373276e-08
3.0122078e-07
7.862549e-08
3.942015e-07
7.358593e-07
1.5495021e-07
5.1028854e-07
6.744674e-07
4.8075884e-07
1.1791338e-06
3.97388e-08
4.7830423e-07
6.214446e-07
8.777348e-06
3.570298e-06
0.99990034
2.4711137e-06
4.5355406e-05
1.8085452e-06
1.6095086e-05
4.6133053e-08
5.7978205e-08
4.997158e-07
2.3843222e-06
4.544335e-06
