3.2407172e-08
9.6535565e-08
3.8621715e-09
7.807065e-10
1.8370402e-08
4.7389868e-08
4.1427873e-07
4.7933866e-09
9.981664e-08
2.3060221e-07
1.11731765e-07
4.326293e-09
1.2348814e-08
1.4644148e-08
1.6754572e-07
4.8086733e-08
7.4956155e-08
7.7703234e-08
5.6181007e-09
1.2542556e-08
3.064672e-08
1.8351359e-07
8.023698e-09
2.2890867e-09
1.604669e-07
7.5363985e-08
1.5506838e-07
2.8448856e-08
1.0223823e-07
4.801324e-07
2.1938904e-07
2.5252617e-10
6.409606e-09
8.141325e-09
1.2259245e-07
3.3301401e-07
8.7902835e-10
3.8586325e-08
3.5032246e-09
4.2460593e-10
5.1341282e-09
4.3592063e-08
7.647984e-08
1.6264501e-07
3.1784265e-07
2.7566396e-09
7.7134064e-07
5.510211e-08
1.8296092e-08
6.758024e-10
8.1533315e-08
2.5515197e-08
1.5716699e-09
1.9975754e-08
3.4925118e-09
3.038317e-07
1.0525396e-07
2.0395758e-08
3.866808e-07
6.533774e-09
2.6494216e-09
1.7730581e-07
1.13256835e-08
8.2355706e-11
7.779115e-08
3.3548957e-08
5.0388087e-07
4.0276498e-13
5.3479545e-09
9.908005e-08
5.8763336e-09
2.8515661e-08
0.99983287
1.9012345e-08
5.186399e-07
0.000108183
2.3113938e-05
5.899442e-06
9.9979015e-06
2.7633562e-06
9.3078e-07
1.8696272e-07
2.0893867e-06
6.266254e-08
2.6869563e-07
6.980521e-08
1.0473849e-06
1.0333702e-06
2.6307503e-06
3.0821917e-07
7.7857413e-07
3.4538485e-07
8.9358494e-08
2.5294662e-07
1.9980197e-08
5.540634e-07
3.1711764e-07
3.424463e-09
1.5114306e-07
3.0536992e-07
