3.1680827e-08
1.5885821e-07
6.913387e-08
3.3011642e-07
7.3354496e-09
6.1219976e-09
1.0801832e-09
3.8531064e-07
6.28273e-08
2.3924585e-09
3.970787e-08
3.625493e-07
1.0312935e-09
1.9620222e-07
1.1001091e-07
1.4553537e-07
1.1572845e-08
1.4095671e-07
2.0690731e-08
3.555893e-08
9.601691e-09
4.514727e-07
2.4166827e-08
4.596402e-09
6.6487246e-08
1.9019617e-12
2.3876464e-07
1.0499146e-09
4.6190913e-09
1.8141439e-08
3.4391137e-09
2.351186e-08
1.3044647e-07
3.2154833e-08
1.7521899e-07
2.331339e-07
4.3088658e-08
1.570805e-08
1.2998174e-07
1.355337e-07
6.520784e-08
3.9377944e-08
1.0673881e-07
3.8480565e-09
1.4166622e-07
1.4381588e-07
1.1511313e-07
4.1763474e-07
1.8396269e-09
1.0363013e-07
2.7199832e-07
8.733008e-08
2.0396071e-09
1.471336e-07
1.3959527e-07
3.7758832e-07
4.4417516e-07
1.3479837e-07
2.0129009e-07
3.4645296e-07
1.8187821e-08
3.7049556e-12
4.9118e-07
3.602409e-07
4.6200893e-07
4.4603843e-07
9.4659333e-07
9.2411915e-07
2.7321215e-07
4.5396715e-07
1.6272136e-07
1.243002e-06
2.4986807e-06
6.999385e-06
3.0219422e-07
2.6961644e-07
1.2231409e-05
2.737655e-05
0.82365745
0.17416507
0.0009664041
5.4484383e-07
9.716372e-07
0.0006456071
5.8686266e-05
7.639368e-07
2.5197876e-06
5.726971e-06
0.00011713752
2.0314461e-05
6.986911e-07
2.8450784e-06
1.02136455e-05
7.0668264e-08
2.1759329e-06
2.820804e-07
5.928392e-07
3.1390991e-06
0.00012552195
4.6826077e-05
