8.43765e-08
1.7386832e-09
6.578067e-08
3.4896402e-08
1.613647e-07
8.032417e-10
2.634925e-07
1.9141583e-10
1.4838318e-09
3.4171345e-07
2.2087711e-08
1.1014719e-07
2.2273231e-07
1.7668475e-07
1.02208325e-07
2.7563251e-08
3.3023888e-08
1.5642297e-07
3.3881257e-08
3.7790254e-08
6.90375e-08
6.245102e-08
7.357441e-10
1.3454269e-07
6.235075e-07
9.79577e-08
1.3817899e-09
1.672387e-09
9.9243934e-08
1.2582177e-08
2.3948894e-07
2.2058632e-08
2.869097e-08
8.219711e-09
1.1349928e-08
9.775182e-08
5.947483e-08
1.20784005e-08
4.407956e-09
1.4606296e-07
3.5258323e-09
3.5719881e-07
3.1556595e-09
4.2835784e-09
1.3730467e-08
1.0291391e-07
6.8671124e-10
1.5860753e-07
7.439556e-09
2.0544628e-07
1.6076237e-08
2.5852103e-07
5.158232e-09
3.0155456e-09
3.6697816e-07
2.0339181e-09
6.8629116e-09
5.3298145e-08
1.7495357e-07
1.0842782e-07
1.7986481e-07
3.1380867e-07
4.1265046e-08
1.5393923e-08
5.8920426e-07
4.5546e-08
5.211914e-07
1.05471294e-07
9.2973785e-08
1.3215052e-06
1.41945e-06
7.982323e-07
1.442652e-06
1.8746266e-06
2.3270143e-08
1.481274e-07
3.20368e-07
2.330397e-07
1.3079631e-06
5.163511e-06
2.0677495e-05
6.578054e-05
0.99866045
8.219516e-08
7.291341e-06
1.4959127e-05
4.48623e-06
0.0007254246
1.956122e-06
1.0815344e-06
3.2615318e-07
4.66074e-05
7.8912126e-07
1.0410534e-05
2.3352976e-07
1.0453757e-06
8.6578643e-07
4.5806933e-06
0.00041046942
6.577257e-07
