9.608692e-11
3.4448483e-08
1.0075877e-08
5.7120263e-07
1.06575484e-07
1.18364056e-07
8.6994305e-08
1.1955177e-07
2.6037815e-08
1.684991e-08
1.445277e-07
1.149831e-07
2.7573526e-07
4.099795e-09
1.4686636e-07
8.397766e-09
6.749297e-08
2.3098478e-08
1.6492747e-08
8.2476106e-08
2.6685527e-07
6.8570536e-08
1.3869232e-08
5.8623097e-08
2.4267054e-08
1.2404749e-07
3.781034e-09
1.5521759e-07
1.3387292e-11
1.4077982e-10
2.9154755e-08
4.628548e-07
8.938517e-08
4.6396312e-07
6.8648724e-08
2.0326446e-07
1.0977613e-07
1.0976381e-08
1.326376e-10
1.7887852e-07
3.2041164e-08
7.5991366e-08
1.4136608e-08
3.9113157e-11
1.784668e-08
1.9871239e-07
1.4222222e-07
2.3729591e-07
3.2845318e-08
7.6741614e-08
1.2607882e-07
3.3054675e-07
5.3008233e-09
2.6171563e-07
1.0010238e-09
4.7462403e-12
4.217002e-09
8.833415e-08
4.9527786e-09
8.876954e-08
2.4212943e-07
1.9611267e-07
6.656433e-07
5.22121e-07
6.5148885e-07
1.3895068e-07
9.3510727e-07
4.1886025e-08
2.0392508e-07
1.2709152e-07
3.103778e-08
2.038367e-06
1.458532e-06
8.023806e-07
2.9903622e-06
1.0943594e-06
1.3562429e-07
3.6274487e-06
4.5341991e-07
3.2867385e-05
0.00010938463
1.0727352e-06
1.5685185e-06
2.8257766e-06
3.4250397e-06
1.2355662e-05
2.6698583e-05
7.5336226e-05
0.00037837858
0.00021604417
5.4673077e-08
6.10074e-08
1.0903886e-05
0.015198975
0.98030394
0.0035881791
4.8059957e-07
6.9790276e-06
4.56835e-06
1.0076847e-06
