2.9205038e-10
2.2502233e-09
5.5909453e-08
1.079986e-09
1.3459231e-07
3.8908844e-08
1.5262678e-07
1.6136764e-07
4.7922875e-09
5.8116845e-09
3.7909612e-07
3.0819422e-10
1.8241509e-07
1.6169847e-09
1.0926424e-10
1.2030183e-07
1.3241584e-10
2.0238889e-07
3.877991e-09
2.569021e-09
2.7213247e-07
4.120937e-08
3.713776e-08
1.9493172e-12
1.0114176e-08
2.3690764e-07
6.5966628e-09
4.5979864e-09
2.3137954e-08
2.4819486e-09
1.9588459e-08
1.9384377e-07
2.7466391e-09
2.6196247e-07
1.0779065e-12
4.3028486e-08
3.0218914e-08
1.0827873e-07
4.441701e-08
1.5531592e-07
1.0264242e-08
3.3474407e-07
2.7386466e-07
1.1444816e-07
5.6192842e-08
2.4148868e-08
9.7681e-09
1.1545302e-07
8.811613e-08
9.132887e-08
2.61424e-07
4.0637295e-07
8.979473e-08
2.6202187e-07
5.163355e-08
2.121625e-08
8.103862e-08
5.3856255e-08
1.8720298e-08
6.4559194e-09
3.612473e-07
8.346473e-09
9.874273e-08
1.0927528e-08
1.4624733e-07
6.4130425e-09
7.4998745e-08
3.5372153e-07
7.225892e-08
9.613448e-09
3.9582865e-08
1.483423e-07
0.9998236
6.054059e-08
6.42754e-06
9.753004e-06
8.016811e-05
4.4326185e-05
9.010285e-06
6.267331e-08
1.9036048e-07
4.511829e-07
1.6416442e-07
2.2653135e-06
3.8620233e-06
2.709801e-06
2.6010562e-06
5.334599e-07
4.6149808e-07
2.4103997e-07
1.9788267e-06
3.2429998e-07
2.1841143e-07
4.8392496e-07
6.057094e-07
4.1636073e-07
9.02263e-07
1.2308886e-06
9.314378e-07
5.0768588e-08
