1.9945925e-07
2.313397e-09
6.410623e-08
3.908336e-08
1.9134818e-08
2.5946593e-07
4.155151e-07
6.812139e-10
3.951786e-07
4.560281e-08
2.5147987e-08
8.579211e-08
5.198871e-09
2.8597658e-08
1.0949434e-07
1.146456e-08
2.0137734e-09
1.7694921e-07
2.7713504e-08
2.6967996e-08
7.0634336e-08
9.180048e-11
4.2911687e-08
8.593383e-08
4.0842667e-07
1.4340243e-08
8.478836e-10
8.755661e-08
2.2464113e-07
1.09760414e-07
2.8908775e-09
1.2945158e-07
3.0696813e-07
1.9344162e-08
2.5490113e-08
2.9293147e-08
3.3905543e-08
3.807847e-08
1.2685698e-11
2.7138805e-10
3.7700887e-09
3.299545e-07
1.36888e-07
2.859371e-07
1.5500916e-07
2.5686165e-07
6.6942882e-09
6.149076e-08
1.5699343e-11
9.0609525e-08
5.588991e-09
2.179594e-08
1.6745243e-07
1.3899523e-07
2.8935172e-09
8.541638e-08
2.0947295e-08
1.3934856e-07
2.2557019e-07
2.9330334e-08
1.4111818e-07
2.8244319e-08
6.8520016e-08
3.7950684e-08
3.8311555e-08
8.949193e-08
1.4964469e-07
4.4613088e-07
3.1137685e-07
9.913392e-08
2.2822913e-07
2.3014316e-07
2.0199441e-07
1.6694329e-06
1.230583e-06
3.5213978e-07
1.8024147e-06
6.009581e-07
1.1443293e-06
1.4920929e-06
7.063298e-06
5.29058e-06
1.7627981e-06
8.633379e-06
9.747587e-07
1.0866527e-05
2.5082185e-05
2.0757558e-05
6.400965e-05
0.00011044938
4.665994e-08
5.3150977e-08
3.0911806e-07
3.9773613e-07
0.0024466906
0.9972747
1.0307344e-07
4.376078e-06
8.6302083e-07
1.8957543e-06
