1.1744977e-08
1.0769481e-08
1.0585348e-12
2.1487192e-07
1.2197647e-07
3.854203e-08
2.5888582e-07
2.9775956e-07
2.2896565e-07
1.0757873e-07
1.469275e-08
1.005693e-07
5.1598114e-08
4.3592138e-08
2.7028035e-08
2.2729708e-08
1.8014252e-09
7.840447e-08
6.110299e-08
5.2334203e-11
1.0555609e-08
1.14123125e-07
3.8340775e-09
1.2394008e-09
6.026246e-10
1.5392403e-07
1.3339803e-07
4.1324315e-11
6.868783e-09
6.5030775e-10
4.3041478e-08
4.0842146e-08
2.252439e-07
2.140132e-09
2.9088033e-08
6.699363e-08
2.803409e-08
1.3987907e-08
6.601221e-09
3.5311738e-09
3.133858e-08
6.0880586e-07
3.6939025e-07
3.0246997e-07
1.0110368e-07
5.1654215e-08
1.5241517e-07
1.3600147e-08
8.651914e-08
6.8195294e-07
9.564093e-08
5.147736e-09
2.1424995e-09
1.27761e-07
6.989842e-08
6.3954275e-08
1.2486253e-08
4.7481596e-10
3.8575374e-07
7.3739733e-07
6.488109e-07
6.0959485e-07
8.021227e-07
6.8000145e-07
5.028882e-09
4.1563684e-08
4.766177e-08
1.5510674e-06
7.1079387e-07
1.874851e-06
1.9724205e-06
6.967823e-06
1.3072859e-05
3.0854245e-08
1.8329517e-07
1.3896536e-07
2.8772166e-07
2.6942349e-05
7.640446e-06
1.8693221e-05
6.34833e-05
0.99736685
4.5274646e-07
0.0023582391
1.1846975e-06
5.8897365e-07
8.309767e-07
5.389377e-07
1.0465037e-06
3.2663445e-07
4.0257432e-06
2.580091e-07
1.2868761e-06
3.1099222e-07
0.00010660924
8.9182765e-07
2.1861133e-06
6.9244027e-07
7.998439e-07
2.359612e-06
