1.8492865e-07
3.730503e-07
1.04936184e-07
3.8378754e-09
9.532584e-10
1.06088606e-07
1.203272e-07
5.063749e-09
4.5270255e-08
2.1094857e-09
5.369414e-09
5.6303553e-09
2.1401125e-09
1.4802868e-07
1.2908373e-07
2.429936e-07
1.8266088e-07
2.9477294e-09
4.653417e-09
7.051211e-08
7.8632965e-08
3.0251138e-07
8.347725e-09
2.8351724e-07
4.3828143e-07
2.479448e-09
1.0279061e-07
3.0807803e-07
6.151123e-08
3.292446e-08
9.286638e-09
4.0561634e-08
1.2495826e-07
1.0514872e-07
8.405056e-10
1.2865652e-07
1.7951651e-09
1.724638e-08
2.6064225e-08
2.5426008e-08
7.4645884e-10
1.1093004e-07
1.1456831e-07
7.0770517e-10
1.1473755e-07
3.41261e-08
1.5188111e-07
2.1481538e-08
2.8788685e-08
9.2833766e-08
7.719798e-09
1.3034551e-07
7.826845e-08
1.5936165e-07
4.454391e-08
5.6669954e-08
1.15295386e-07
1.8904504e-07
3.0218288e-07
6.639223e-07
3.113688e-07
1.4311069e-08
3.514399e-07
6.8987827e-10
1.8978912e-07
2.0787443e-08
9.373418e-07
7.951269e-07
3.077009e-07
4.2361756e-07
3.9589932e-07
3.8108428e-07
8.5504416e-07
1.2541209e-05
6.295683e-06
4.4745507e-06
2.7363424e-07
3.0828964e-05
1.2059627e-06
5.123933e-05
1.988473e-05
8.242255e-06
0.00027489103
1.0343126e-06
1.2963385e-06
2.3062933e-07
7.1325354e-07
0.9827345
2.538579e-06
0.00010973412
0.015374845
1.9145234e-06
3.149638e-07
0.0013425316
4.9993796e-06
4.5512445e-07
6.451188e-10
4.031572e-08
1.5764743e-06
4.968586e-07
