4.734868e-08
1.0908884e-08
6.6932536e-08
2.0017656e-07
2.6421155e-08
1.07282574e-07
7.921855e-08
1.1997162e-07
1.7003995e-09
2.9379006e-08
1.5049383e-07
1.4253455e-07
5.8873706e-08
2.6566568e-08
3.4768963e-08
6.5241984e-08
3.5165214e-11
2.952992e-07
8.490251e-09
1.298024e-07
2.6762763e-07
2.9107062e-08
8.346483e-08
5.670324e-09
6.331751e-08
6.6865957e-09
5.450033e-08
5.54348e-08
1.1364511e-07
4.707134e-08
1.00957536e-07
1.3947619e-07
1.2677441e-07
3.5154404e-09
5.43631e-09
1.833556e-07
7.5696725e-08
1.374583e-07
2.7578667e-10
4.672814e-08
1.295412e-07
6.504299e-08
1.0423279e-07
7.015421e-08
3.744228e-09
2.14425e-08
1.5733919e-08
1.984148e-07
1.7943816e-10
1.02583115e-07
4.0708947e-09
2.2204094e-07
2.216143e-09
1.2715138e-07
7.02031e-08
1.2201816e-09
9.3279855e-09
1.8032184e-08
3.0388845e-09
1.0591935e-09
8.4858456e-08
1.9844552e-07
1.3630593e-07
2.5291817e-08
3.8446624e-09
7.767049e-07
8.027473e-07
6.0008205e-08
1.8492477e-07
1.3386907e-07
0.9982435
1.0888609e-06
6.955075e-08
1.1308765e-07
2.543082e-08
1.6169494e-07
8.507745e-08
2.554428e-07
3.2713345e-07
8.612889e-07
9.510012e-06
0.0017100169
3.401657e-06
1.7870179e-06
3.9739672e-07
6.758573e-07
2.5805674e-08
2.432466e-06
1.1694883e-06
5.746203e-08
3.6354018e-06
3.989619e-07
5.691116e-07
7.159872e-08
1.1680157e-05
1.13269664e-07
6.2925443e-07
3.6994282e-07
5.830618e-07
4.0328956e-08
