3.5591803e-09
8.972067e-08
4.9657846e-08
5.95832e-09
2.7004387e-07
1.15679335e-07
4.953864e-08
2.3374863e-08
5.6364833e-09
1.107551e-08
4.9982795e-08
7.744491e-08
8.509049e-08
1.5411578e-07
3.0643156e-07
1.6056996e-08
4.7079487e-09
1.9093795e-07
5.1881983e-09
1.2482454e-07
3.2997026e-08
1.8725022e-08
5.6051775e-08
1.4703786e-09
5.6264877e-08
4.102501e-08
2.414604e-09
4.50761e-08
5.5715162e-08
5.4798793e-08
1.708555e-08
6.4058345e-09
7.201657e-08
1.9841369e-07
6.999311e-08
2.7322804e-07
2.4232006e-07
9.1035886e-08
4.2036614e-09
4.3615924e-09
3.3393824e-10
5.73449e-08
2.0038584e-09
2.9551427e-07
2.2322066e-08
5.3286377e-12
1.3640269e-09
9.8453874e-08
2.9978426e-07
2.0741338e-08
1.581995e-08
1.4560538e-07
2.656718e-09
9.022347e-08
1.3773358e-07
9.388264e-08
1.985464e-07
2.6603107e-07
2.6281368e-08
8.9014215e-08
1.3032904e-07
1.5875844e-07
1.24496715e-08
6.643459e-08
1.09301645e-07
3.5380177e-07
3.4319257e-07
2.4986278e-07
2.7044692e-07
2.3553375e-07
1.0349731e-06
9.224387e-07
1.2314239e-06
0.9952252
0.004447384
7.427773e-05
2.7969864e-07
6.728498e-07
2.2442764e-06
1.0189483e-06
1.2861453e-06
0.00015043323
2.0237088e-05
2.308695e-07
3.6457593e-06
3.0217123e-07
1.1245755e-07
2.7644285e-07
2.1331457e-06
2.5850664e-05
8.035482e-06
4.650629e-06
8.233876e-06
3.0347857e-07
2.5875147e-06
1.1039679e-07
2.4213608e-07
7.934982e-08
6.668016e-07
1.2391238e-05
