6.9366024e-08
2.0460076e-08
2.7958245e-08
2.3479947e-07
3.3912098e-08
7.700522e-09
8.706244e-08
9.4852277e-07
2.9638624e-08
2.9390684e-10
8.829701e-09
4.5191324e-08
1.0462794e-08
4.042904e-08
3.2987593e-08
2.6895398e-07
1.7250516e-08
7.304236e-08
1.3532845e-07
1.8360575e-07
6.125324e-09
3.4248043e-08
6.199265e-10
1.1159709e-07
8.2088086e-08
6.783884e-08
2.7305833e-07
6.3017566e-08
2.4120022e-08
2.13832e-08
1.872225e-08
3.4696942e-08
6.7772405e-09
1.880819e-09
1.6509115e-09
9.339127e-10
3.3031e-08
3.5549448e-07
1.11056636e-07
6.4309384e-09
8.18761e-09
1.4174012e-07
1.5445318e-08
1.9110018e-08
3.20657e-07
8.475311e-09
1.0096364e-08
2.5683894e-07
2.1272037e-08
1.0200366e-08
8.04867e-08
1.7249874e-07
1.1927672e-07
7.193783e-08
1.4508345e-08
1.3416413e-07
7.197994e-10
8.0604835e-08
7.787693e-09
2.3553563e-08
1.01437436e-07
2.7178273e-09
5.5406474e-08
6.210147e-08
1.679751e-08
1.1100467e-08
4.209898e-08
1.5590718e-08
7.947559e-09
1.0672812e-07
3.5330683e-09
5.335596e-09
6.343197e-08
2.0392792e-09
2.8641742e-07
1.1439717e-07
1.3196978e-07
3.3718365e-08
2.1145193e-07
1.8285515e-07
4.3542656e-07
2.8810987e-07
1.634402e-07
3.0999286e-07
0.999856
1.797909e-07
6.226363e-07
3.3190057e-07
1.0576581e-06
5.9994704e-07
3.1174795e-06
7.569814e-08
2.4918693e-06
0.00010366214
3.481099e-06
1.1208328e-05
1.12527e-06
2.1824319e-07
3.749728e-07
8.207366e-06
