4.8378322e-08
1.4117126e-07
2.3679547e-08
5.6332876e-08
3.2687873e-07
7.020386e-08
2.5608562e-10
2.5620074e-07
1.4560932e-08
1.0948696e-07
1.7213118e-08
2.8647348e-08
3.1197704e-08
2.3218387e-08
8.9747594e-08
1.3504654e-08
9.667601e-09
4.4128714e-07
1.7471447e-07
2.6858945e-08
5.6906417e-11
4.7197912e-11
1.3764705e-07
1.3954816e-07
8.361415e-09
2.3576276e-07
1.2984286e-10
1.9486693e-08
1.13852296e-10
1.7855135e-07
2.7668978e-07
9.305721e-10
8.515472e-08
1.735115e-07
1.5069119e-07
9.433994e-10
1.9841299e-07
6.9964856e-09
5.571253e-09
1.9572544e-09
2.776739e-09
1.8802513e-07
1.6900194e-07
1.2119014e-08
7.900686e-10
1.3999585e-07
9.3496e-08
4.9284274e-09
1.4289898e-07
2.5172293e-08
8.3296456e-08
2.8249036e-07
1.9905119e-07
6.3910037e-09
3.853364e-08
1.8562402e-07
1.060575e-07
1.12364184e-07
8.254544e-08
5.9695304e-10
1.4824552e-07
5.55409e-07
1.6798712e-07
5.213262e-08
2.7949511e-08
3.1662643e-07
6.632224e-07
9.254805e-07
4.468273e-07
2.3009811e-07
1.9867255e-07
4.079054e-07
8.6203295e-07
1.589999e-06
6.371657e-07
7.937061e-08
2.0878225e-07
1.048415e-06
2.8898062e-06
8.518254e-07
3.09931e-07
2.1085245e-05
7.515406e-07
8.0344523e-07
6.046551e-06
6.977328e-05
6.6114677e-07
0.0007263136
0.99046713
1.4752409e-06
3.2915526e-05
1.5315216e-05
7.080511e-06
0.008447616
6.308584e-07
0.00016414875
3.3139972e-06
2.9792923e-06
8.9507685e-06
1.6427142e-06
