6.3907756e-08
1.01649775e-07
1.92703e-08
7.116171e-08
2.3128969e-08
2.3177206e-10
2.0213335e-08
1.2579159e-07
3.7392156e-09
2.5469676e-10
7.3050145e-08
3.428238e-08
4.4349552e-10
9.707e-09
2.9837832e-10
2.3146379e-08
1.4771745e-08
1.6310329e-08
9.373422e-08
1.5484497e-07
5.538252e-09
8.025681e-11
1.0431459e-08
6.0603796e-08
3.8602556e-07
5.046822e-08
1.8083503e-08
1.814027e-08
5.177535e-08
1.467981e-09
9.9953525e-08
2.0175615e-07
2.0315951e-09
2.6406982e-10
2.859587e-07
2.3588221e-07
3.3070805e-08
1.15331005e-07
2.0142261e-08
2.9184292e-07
1.8114686e-07
5.752763e-08
3.5086765e-07
1.439247e-07
1.6262027e-07
7.3865186e-07
1.8590522e-07
1.9023624e-08
1.1313052e-07
5.0847515e-10
2.7480246e-07
6.6452e-10
1.567564e-08
2.8248658e-07
1.5634905e-07
1.8241505e-07
2.512658e-07
1.6428649e-07
1.1138637e-07
6.391482e-08
2.6798043e-07
9.119145e-08
3.5907408e-07
3.608323e-08
2.969015e-07
9.279781e-07
6.883633e-07
1.5611418e-07
2.6231587e-07
4.063973e-07
4.150368e-07
1.346851e-06
2.2505183e-07
2.4751796e-07
1.5619086e-06
2.3331268e-06
5.3141207e-07
3.530404e-07
4.8411584e-07
1.6263795e-07
2.9720584e-06
7.290859e-07
4.21653e-06
7.104541e-06
0.99039215
2.8187405e-05
0.0076857125
1.2759782e-06
3.7557808e-07
1.469177e-05
1.4430941e-06
0.00019852543
0.0014692537
1.6713555e-05
4.4307977e-05
0.00010561202
7.635181e-06
1.8683224e-06
8.382708e-07
1.1077223e-07
