4.7933263e-08
1.66945e-08
7.731508e-11
2.0951823e-08
4.0482192e-08
1.1746844e-07
9.263561e-08
2.834676e-08
2.8187837e-09
2.6698972e-08
2.8350003e-08
6.748872e-13
3.0590815e-08
1.1647807e-07
4.0930706e-07
9.0494396e-08
3.1232523e-07
1.1454145e-08
2.064182e-07
2.8116162e-07
2.1633122e-07
7.4392126e-08
3.7452799e-07
4.811183e-07
9.70255e-11
1.3979026e-07
7.891942e-07
9.2826156e-08
5.1419113e-09
1.6681635e-07
1.9481705e-09
1.2603857e-07
3.3449354e-07
7.616765e-09
3.5079202e-07
5.536036e-08
9.57289e-09
7.1291044e-09
1.1538062e-07
3.433473e-09
4.2519833e-08
3.3770084e-10
3.931691e-09
2.5796905e-07
7.2316375e-08
3.2329368e-07
3.515501e-07
1.8380975e-08
3.0500135e-07
2.5219576e-08
4.711497e-08
1.3048086e-07
2.7734758e-08
1.9551457e-07
2.1207232e-07
1.9801867e-07
1.2568794e-08
1.1215512e-08
1.4083824e-07
1.1114612e-08
5.3625378e-08
3.6352068e-07
1.7332508e-07
1.3640972e-07
2.676555e-07
3.582413e-07
2.8435355e-07
3.4578397e-07
3.5478388e-07
5.7400513e-08
1.1880417e-08
4.0131575e-08
6.062864e-07
9.947627e-07
6.941168e-07
2.51523e-07
1.0529972e-06
1.0707004e-06
1.0484501e-06
1.5625968e-06
6.225115e-07
1.5273619e-06
2.8528564e-06
9.123695e-06
2.2333475e-05
6.093543e-06
2.8901846e-05
7.658198e-05
0.00068284536
0.87525743
0.1234426
6.321065e-05
9.912203e-06
6.2272676e-07
3.8307157e-06
5.205543e-06
3.8778617e-06
0.00043786882
1.6162987e-08
7.2531657e-07
