3.8176832e-08
1.3446856e-07
8.039643e-09
2.1683336e-07
2.623064e-07
3.932979e-09
1.9918568e-07
1.2981785e-09
1.2740549e-09
9.318214e-10
5.2644626e-08
9.2545775e-08
1.1109442e-08
2.9381825e-08
1.252665e-07
4.4005762e-07
3.3239242e-10
1.4227189e-07
2.0424213e-07
4.5936313e-09
1.1147833e-08
1.2025518e-07
2.8919077e-08
4.2873322e-07
6.515231e-08
1.9203261e-10
6.0755534e-09
1.7319269e-07
3.6392453e-07
1.7827196e-08
1.8016289e-08
3.8089293e-08
1.553223e-07
8.783516e-09
1.8820177e-08
8.1755566e-08
2.1940169e-08
6.263157e-09
2.8587916e-09
8.3815266e-08
7.841678e-10
1.4114927e-07
1.343531e-07
1.9414547e-07
8.6062775e-09
1.676746e-08
1.7609945e-10
1.16011655e-07
3.4606779e-10
2.6171443e-07
3.073772e-07
4.4769454e-08
9.254858e-09
1.3788803e-08
1.3511801e-07
1.0118469e-08
2.3032463e-08
3.3031543e-07
6.8191774e-08
3.0917813e-09
1.493208e-07
2.7345462e-07
1.564522e-08
2.002697e-07
1.9023655e-07
2.452488e-07
5.2829947e-08
6.806926e-07
2.4027167e-07
2.7068242e-07
5.486189e-07
7.766816e-07
1.1788628e-06
7.8345465e-07
0.9965476
2.2981155e-08
1.2976388e-06
1.9421166e-06
0.0032780864
5.589275e-05
1.6599497e-05
4.6245328e-05
5.6475614e-07
2.2634916e-07
6.5489216e-06
5.3061754e-06
3.3608633e-06
9.17952e-07
3.346809e-07
2.0999225e-06
2.2316331e-07
3.9220386e-06
3.792043e-07
8.0270087e-07
8.261788e-07
3.4273587e-10
6.4896732e-09
9.508652e-08
6.3659854e-07
1.1626672e-05
