1.0512266e-09
1.6811295e-07
1.6441514e-07
3.5628908e-08
6.423403e-08
1.3817487e-07
1.3524494e-08
2.660137e-07
2.9183175e-07
3.9835015e-08
7.237051e-08
1.0687348e-07
2.045475e-08
7.9678074e-08
5.0280853e-08
5.6459115e-08
5.1751094e-08
1.0275155e-08
5.737473e-08
1.07387784e-07
4.9661185e-07
1.5524254e-08
1.9391044e-09
2.3825388e-07
8.8578384e-10
6.515794e-08
1.7044013e-07
6.805562e-08
2.8149412e-08
1.1227478e-07
1.2444251e-08
6.2737456e-08
5.8804015e-09
3.3605048e-08
2.8413344e-10
4.302922e-08
1.616597e-07
2.2961077e-09
1.05940764e-07
1.03222526e-07
1.121544e-09
5.762431e-08
1.1271415e-09
3.605308e-07
1.4646153e-09
7.85282e-09
2.5926633e-08
9.430239e-08
2.0192022e-08
1.12415876e-07
7.0526696e-09
9.05062e-09
1.952383e-07
2.7390098e-07
3.1201857e-08
1.2272999e-07
2.4985732e-07
9.279603e-08
3.514118e-07
2.166437e-07
2.6669168e-08
6.9016065e-10
2.6549262e-07
7.5578174e-07
5.6334567e-08
4.1938756e-07
2.5310345e-07
5.0618223e-07
1.3035842e-07
3.6902205e-07
2.926349e-07
3.5222826e-07
1.8036765e-07
1.5251655e-07
1.313481e-07
3.477363e-07
1.0175112e-06
7.817013e-07
4.4667573e-07
8.9117575e-06
1.8400767e-06
6.067932e-07
1.666581e-05
1.9462298e-06
2.1248243e-05
6.566676e-05
0.000476427
9.423269e-06
0.94859284
0.050388
1.7071764e-06
3.8601693e-06
6.795325e-06
5.0454015e-05
3.197879e-07
1.0652411e-06
4.0104624e-06
2.2975385e-06
0.00026543502
4.4882563e-06
