1.695201e-09
1.7766486e-07
1.7648182e-08
3.279652e-07
1.7748327e-07
2.7319845e-07
8.9533465e-08
9.4580045e-08
2.2444704e-07
1.887004e-08
8.931751e-09
1.5644879e-07
4.834169e-08
1.5579484e-09
1.1035065e-08
1.2685156e-08
1.8344293e-08
1.0297897e-08
2.5357663e-08
8.233048e-08
6.790591e-09
1.304813e-07
1.5771422e-08
1.3641593e-08
8.230086e-09
9.834852e-10
1.0636016e-07
6.893536e-08
1.0528958e-07
3.651371e-08
4.140643e-08
7.24256e-09
1.9010683e-07
2.0099913e-08
3.9865576e-08
3.1546418e-10
4.2199237e-11
8.5701345e-08
7.3584476e-09
6.02044e-11
8.023356e-08
1.6067032e-08
6.067062e-08
1.3330717e-09
6.462389e-08
1.1929887e-07
1.6710278e-07
2.069601e-07
2.1636156e-07
8.580444e-08
2.5813637e-07
2.8738313e-07
1.7573842e-07
1.7590787e-07
7.6460466e-08
4.736703e-08
2.2195272e-07
3.9360675e-09
2.451531e-07
4.09628e-07
2.659072e-07
2.7939691e-07
1.2809879e-08
7.045592e-07
9.595873e-08
1.0630037e-07
9.6017e-08
5.564993e-07
6.856345e-07
8.246329e-07
3.9168975e-07
5.473468e-07
1.1594818e-06
6.7413555e-07
3.0100384e-07
2.413136e-07
1.2578893e-06
1.4317148e-06
4.0503355e-06
5.9522176e-07
5.0733115e-07
1.2425828e-06
1.7112817e-06
2.893263e-06
7.330112e-07
3.8606056e-05
1.4407513e-05
8.140042e-06
3.4395555e-06
1.8473589e-05
5.7539066e-05
0.00017225716
0.9885026
6.789672e-07
7.0386733e-07
4.1378316e-06
8.264829e-06
4.949161e-06
0.00034898744
0.010793383
