2.2574899e-11
1.4168311e-08
3.1363363e-08
9.3264326e-08
1.3496442e-08
2.6439782e-08
1.6714786e-08
7.331148e-08
8.683786e-07
1.3919729e-08
6.300331e-10
7.7280795e-08
6.1800467e-09
1.6808224e-08
2.9634005e-08
1.2646415e-08
1.25436435e-08
1.4597906e-07
2.0080108e-07
6.436185e-08
6.4885537e-09
7.896374e-09
2.6545377e-08
7.501438e-09
1.3796857e-10
1.2169279e-07
4.630088e-09
2.3872641e-07
2.4406441e-09
1.13094964e-10
2.2136376e-08
8.516496e-08
3.0883694e-08
3.4270506e-08
4.2053023e-12
1.1744839e-07
9.6764545e-08
6.523494e-08
1.0623614e-08
3.610903e-08
2.459455e-09
8.445232e-08
3.5817803e-07
8.2490615e-08
7.605514e-10
1.11371e-07
2.2676662e-07
3.236562e-09
1.8372741e-07
4.822632e-07
8.080997e-08
1.6766944e-07
1.099646e-08
5.6740164e-09
2.1187379e-08
6.4805195e-10
2.7989872e-08
2.7017522e-09
5.720478e-08
6.036778e-09
6.071365e-08
2.711346e-07
8.790305e-08
3.5434897e-07
3.121386e-07
4.1010446e-07
1.04721245e-07
2.2380975e-07
3.2030673e-07
4.0946261e-07
1.5012685e-07
1.17956e-07
2.2218902e-07
4.000796e-08
7.050829e-08
3.13058e-08
5.8775274e-09
4.2851485e-07
4.6309887e-07
8.1499047e-07
1.5598829e-06
2.0599223e-06
0.99989176
6.601765e-06
3.83072e-07
7.2603984e-07
1.4701784e-06
2.0316405e-07
5.553198e-07
2.0680287e-05
4.8975155e-05
3.464805e-06
1.808218e-06
1.4104732e-07
3.5880973e-07
2.2397632e-08
1.5262678e-07
2.1403935e-07
6.1650394e-06
3.4414627e-06
