1.4649319e-10
1.2815341e-08
1.1566508e-09
4.0475827e-09
2.7186617e-08
3.6266872e-08
1.5452756e-07
1.8155522e-08
3.8748915e-09
2.2138956e-07
2.3193945e-07
3.859881e-09
2.1640447e-07
2.1576743e-07
3.6691866e-08
6.0893875e-08
4.823558e-08
4.0954538e-07
8.748609e-08
1.0331155e-09
1.0169228e-08
2.834442e-09
1.0924484e-10
5.176688e-07
3.0880125e-07
4.5107622e-11
5.235673e-08
3.1907383e-08
5.602749e-08
5.001216e-08
4.2309203e-10
1.8164636e-08
9.1978986e-10
3.2411474e-09
1.8102678e-08
1.7429656e-08
1.3223076e-08
1.1559018e-07
3.9994474e-09
2.1733037e-08
5.5049142e-08
1.6048617e-07
5.50991e-09
3.802156e-08
7.633941e-08
3.5154176e-08
7.834014e-09
2.7311394e-08
2.803831e-07
8.133256e-09
1.6254131e-07
5.0083575e-08
2.2342351e-07
1.1095364e-08
3.1393193e-07
6.788054e-08
2.6139368e-09
2.9436936e-08
1.3128721e-07
2.0605509e-07
5.5583484e-07
1.1975268e-07
2.5315236e-07
5.935603e-07
6.119599e-07
1.6872786e-08
9.286682e-07
1.1521333e-06
9.182682e-08
3.8610304e-07
1.267506e-06
9.672271e-06
5.842579e-06
3.1717318e-06
1.1659709e-07
2.2925797e-05
6.611399e-07
0.00019799269
6.846918e-05
0.9892333
4.1512185e-06
7.4015948e-06
6.496025e-05
0.003659093
0.006489301
1.2358237e-05
6.919675e-08
1.3551936e-06
3.7658663e-07
6.110489e-07
1.9084468e-06
1.1874868e-07
1.6804388e-07
2.2767081e-07
3.0988074e-05
0.00016845313
1.62689e-07
3.5147523e-06
1.1218557e-06
2.5768259e-06
