2.6919391e-09
1.168735e-08
6.6082884e-10
3.588765e-08
9.732433e-09
6.2071623e-09
2.2399882e-09
1.5055004e-07
8.9480714e-08
9.4088946e-08
8.4628935e-09
4.4306976e-09
1.9730964e-08
3.5355697e-07
4.2741814e-08
3.9236195e-08
2.7127117e-08
4.5266653e-08
5.6338884e-08
4.4548263e-09
8.702947e-09
9.269244e-09
1.1912717e-10
3.3688383e-07
4.611445e-08
5.5219427e-08
2.3110847e-08
1.0961e-09
3.1946378e-08
1.7966214e-07
1.3330932e-09
6.9102266e-09
7.813982e-07
8.659431e-08
7.69703e-09
4.1191196e-08
1.8575664e-09
1.6880503e-07
1.4185149e-09
3.7252526e-08
2.3572122e-09
6.3429967e-10
6.578173e-08
4.4363173e-08
5.278589e-09
2.3668633e-08
9.552325e-09
1.6658834e-07
4.211838e-09
5.8317526e-12
8.509193e-07
1.7398516e-07
2.2035187e-09
6.658668e-07
3.4260816e-07
2.0887112e-08
2.2481969e-07
3.093085e-08
9.337112e-08
5.6653874e-08
1.8341163e-08
5.453394e-09
2.341812e-07
4.3118078e-08
4.2981874e-08
1.16344175e-07
1.6979983e-07
6.866074e-08
5.088415e-07
6.6788215e-07
4.3983297e-07
3.0420748e-07
2.2475714e-08
9.520826e-07
2.9814913e-07
1.2363637e-07
2.2372338e-07
4.541752e-07
3.9261974e-07
7.0612464e-07
1.1126664e-06
3.5753305e-06
5.8851433e-06
1.4671607e-05
5.9051718e-08
2.8036911e-06
1.7638482e-05
1.0797542e-06
2.2059842e-07
4.2390135e-07
5.57183e-06
7.5781536e-05
0.9996908
0.0001648687
8.66224e-07
1.6127586e-06
7.371809e-07
1.4791686e-06
1.211967e-07
7.787335e-08
