1.4838285e-07
3.719012e-10
1.9254097e-08
9.319125e-09
1.5710986e-08
1.3114634e-08
1.1394929e-09
3.048375e-07
2.234466e-08
3.4635942e-08
3.1157919e-07
5.6131344e-09
9.629702e-08
1.4974938e-07
3.531433e-07
9.355396e-09
1.0946202e-07
3.5491332e-09
9.157043e-08
3.1333322e-10
1.6500398e-09
7.901962e-08
8.89293e-09
4.536088e-08
7.259827e-10
5.2289458e-08
3.5695944e-09
5.7280143e-08
2.345396e-07
2.5074906e-08
9.954639e-08
1.7040374e-07
6.3283117e-09
6.74682e-09
2.762376e-07
6.4942434e-08
6.493454e-09
4.290978e-08
8.48612e-09
9.303542e-08
1.096081e-07
1.3440085e-07
8.22494e-11
4.3593843e-08
1.1195712e-08
2.445961e-07
3.1342714e-07
1.1895031e-07
7.643209e-08
6.8491296e-08
7.087153e-08
5.098166e-07
8.796144e-08
1.1649491e-08
9.489663e-09
1.2355333e-09
2.193609e-08
1.8355017e-07
9.021895e-08
1.7132594e-07
1.1825796e-08
7.928612e-08
3.0774514e-09
3.7791423e-07
1.0614011e-07
1.8269165e-07
4.791948e-07
2.697429e-07
3.7967218e-06
1.0228482e-08
3.855482e-07
1.12463185e-05
5.710197e-06
9.066928e-07
2.321383e-07
8.428508e-06
3.4373795e-06
4.5128683e-05
1.4902938e-05
2.459787e-06
8.422751e-07
3.1300749e-09
3.563671e-08
2.614662e-07
3.1914382e-07
6.4561976e-07
1.2918609e-06
3.593272e-05
0.9990022
0.0005589755
8.6235207e-07
2.764649e-07
4.509761e-07
0.00028897627
5.120457e-07
3.870117e-07
8.19994e-09
2.2745253e-07
1.7276863e-06
2.040444e-06
