6.0707994e-09
1.695344e-08
6.63065e-08
1.8345697e-08
1.7328797e-07
1.2897708e-07
3.6354637e-09
6.263844e-08
1.5326891e-07
1.942163e-08
2.8643357e-09
5.736253e-08
2.0788065e-08
4.8893446e-07
4.0441023e-10
3.8576948e-07
8.311507e-08
6.1888245e-11
2.7871065e-08
1.1314266e-07
4.0077882e-08
4.4579718e-08
2.304224e-07
3.4480784e-08
3.5313787e-09
3.3253988e-07
2.719132e-09
3.186722e-08
5.4409184e-09
1.0344015e-07
1.2213536e-09
4.0625554e-08
3.27917e-08
2.3110143e-08
8.5039645e-08
1.2448946e-08
3.1466975e-08
1.3769042e-07
2.9595222e-09
1.618361e-07
6.076173e-08
4.9504663e-09
5.0453764e-07
9.28769e-08
1.3149066e-08
2.9808287e-09
2.9248736e-07
9.66784e-08
3.1983344e-08
2.9290801e-08
4.493557e-12
2.191062e-10
3.9996216e-08
3.4879372e-07
2.035905e-07
2.217657e-09
9.097465e-09
7.769948e-08
8.597741e-08
2.3522025e-08
2.90344e-08
4.2605865e-07
4.2033318e-07
9.662661e-08
1.2858976e-07
3.23633e-07
1.9344728e-08
5.503621e-08
1.8181494e-07
1.3849409e-09
7.333804e-07
8.669228e-08
4.321306e-07
1.0108929e-08
7.2476314e-07
0.99941677
5.8164255e-06
2.2448833e-06
6.959992e-07
1.0519147e-05
6.5903434e-09
0.00045331204
4.0412894e-07
5.0994473e-05
1.6580806e-08
1.188191e-05
1.0284733e-06
3.2077762e-06
8.6743273e-07
2.1448811e-07
4.1447035e-07
3.0238456e-07
4.617568e-06
1.584067e-07
1.9469647e-07
1.1074212e-06
1.4127242e-07
8.006926e-07
2.5459172e-05
2.5705672e-08
