3.9676834e-08
1.5242789e-07
5.3255224e-08
6.2663545e-08
2.0150834e-07
1.9391274e-07
2.0201671e-08
2.6566318e-07
1.2960035e-08
6.211821e-10
2.2598922e-08
1.6637717e-08
4.94787e-09
1.4069651e-10
2.6425072e-08
3.1817944e-08
1.1349294e-08
1.0313187e-07
2.0697357e-11
1.7705878e-07
2.2054422e-07
7.1359474e-09
2.838685e-07
2.027337e-07
2.3624543e-07
2.0134951e-07
2.093284e-07
3.8061394e-08
1.664445e-07
2.8410538e-09
3.4145568e-08
5.553179e-08
1.05497136e-07
3.0467953e-09
5.072963e-08
7.8298825e-08
4.4673473e-10
9.208744e-08
7.92912e-08
1.732958e-07
6.014336e-08
8.133993e-08
1.6510579e-07
1.1141276e-08
5.5237077e-09
1.5078768e-08
8.484874e-08
8.0314145e-08
2.6551708e-08
1.2513888e-07
2.7221714e-07
4.455874e-08
2.4785766e-07
2.1950368e-09
6.128979e-08
2.7853824e-07
4.3717762e-08
9.80284e-08
1.702607e-07
3.0512172e-07
1.2830863e-07
1.4376802e-07
2.1340853e-07
1.5786685e-07
1.4613644e-07
2.248241e-07
6.798662e-08
2.5112533e-07
5.810873e-07
9.062817e-07
8.7419596e-07
1.8665443e-07
0.9995913
3.824884e-06
9.1246187e-07
6.1191276e-06
1.6331658e-06
4.585824e-06
0.00021238046
9.212461e-06
2.8348442e-05
8.991917e-11
7.866734e-07
2.4040637e-07
1.8529837e-06
9.0544734e-07
1.6309119e-05
1.5166704e-07
2.5706908e-07
1.0940994e-07
2.4235214e-07
2.5204537e-07
6.268007e-07
7.355703e-07
7.080752e-07
1.5102013e-07
0.00010522659
3.1855247e-06
7.252795e-07
6.596411e-08
