1.6842624e-07
1.2937963e-09
1.3814275e-08
3.4020619e-07
1.3139608e-08
1.6394794e-07
1.0330905e-08
2.1328964e-07
5.6885572e-08
5.983311e-07
1.13597665e-07
1.3968194e-09
3.6289876e-08
3.7817068e-07
6.51891e-08
9.127752e-09
7.536185e-08
1.7927594e-08
3.8880078e-08
1.7648025e-09
3.078402e-09
1.9612477e-07
6.2542085e-08
2.6291197e-08
3.8927706e-08
3.4793104e-08
8.47097e-07
1.0123187e-07
2.6376629e-08
9.024264e-08
5.3429947e-08
6.0837946e-11
1.4237e-07
1.633407e-07
6.5856426e-08
6.9964184e-10
2.2280415e-09
7.111964e-09
1.3868533e-08
2.6368585e-09
5.648772e-11
1.7401271e-07
4.2116252e-08
1.28946205e-08
1.9248033e-07
2.451908e-07
4.7656474e-08
2.5770075e-07
5.4783808e-08
1.6151775e-08
6.538852e-08
1.4410246e-07
4.2402166e-07
5.799684e-07
3.0424674e-09
3.3779608e-07
3.6372307e-07
3.6586275e-07
1.7153141e-07
1.9103968e-08
1.2746842e-10
3.3171258e-07
1.2839699e-07
4.491414e-07
1.8019986e-07
2.9260357e-07
9.138718e-10
6.5927736e-08
9.626491e-07
5.603493e-07
1.3689761e-07
1.1288223e-06
1.5113094e-06
2.3716652e-06
3.4811407e-08
4.479749e-07
2.3383698e-06
6.503491e-08
3.2054363e-06
2.3734931e-07
4.8886704e-05
0.00029766498
0.8856985
0.11340149
5.3788344e-06
1.9202498e-05
8.174178e-06
1.6937658e-05
0.00042582626
4.8687e-07
5.560916e-06
1.4908622e-06
1.8793996e-06
2.957993e-07
9.379636e-07
8.9205383e-07
3.0879203e-06
5.7246143e-05
1.0935244e-05
1.4612875e-06
