5.769171e-08
9.979787e-09
1.08554566e-07
8.190176e-09
1.0880706e-07
7.741914e-09
1.354718e-09
6.3918144e-08
2.0473482e-08
3.495872e-07
5.536012e-08
2.4121666e-08
8.89043e-08
8.311878e-08
5.9629485e-10
2.2979139e-08
3.5727393e-08
4.75948e-10
6.764724e-08
2.6090282e-08
4.3914742e-08
9.184285e-09
1.1647555e-07
7.0766276e-08
6.7903994e-09
2.1441204e-08
1.8661238e-07
6.514213e-08
7.552143e-10
6.610218e-08
2.215076e-08
3.1043584e-07
6.6671635e-07
3.0402438e-07
9.0485486e-08
2.1698354e-09
5.327273e-08
5.831477e-07
3.4499308e-07
4.5277215e-08
3.0154306e-09
1.7342721e-08
2.1598939e-07
1.47670915e-08
2.4689967e-07
1.0540694e-07
1.2139123e-08
4.8831538e-08
1.7631004e-07
5.411348e-10
1.9406135e-08
1.1969625e-09
2.0913997e-07
5.9922336e-08
4.161543e-08
1.16732664e-07
1.1579769e-07
4.645697e-07
4.296382e-07
5.176632e-07
5.76951e-07
1.7660869e-06
6.0975326e-06
3.7226675e-06
1.817525e-06
2.6011008e-07
1.0485554e-05
0.9961944
1.3218892e-07
3.3238124e-05
0.00011734658
0.00076260424
0.0025208727
1.0565346e-06
6.9478574e-07
1.862118e-06
1.0097822e-05
0.00018942574
2.4065352e-05
5.6803884e-07
4.926347e-07
1.5699454e-05
9.68292e-08
6.4381493e-06
4.0285738e-07
3.2255757e-06
1.4765983e-07
3.5734573e-07
9.111036e-06
2.6379902e-07
3.3654935e-06
1.6737852e-08
4.896944e-07
3.4769275e-06
1.5991782e-05
7.2497905e-08
1.0284328e-07
1.6737587e-06
5.5749624e-05
5.9295047e-07
