2.6764087e-07
1.9063577e-08
4.028328e-07
3.2396947e-08
1.7716604e-07
7.349656e-10
5.4942316e-08
8.199861e-09
4.4513904e-08
9.259406e-09
3.3196592e-08
2.4248484e-07
6.835337e-08
2.126171e-07
1.1236393e-09
2.0325501e-07
4.3186987e-09
2.4176575e-07
2.3865061e-08
2.2102411e-07
3.5110556e-08
9.425499e-09
4.4065988e-08
1.03912605e-07
2.9214323e-08
2.3309585e-07
1.0725462e-07
2.9903134e-08
1.6323296e-08
1.6036523e-07
1.14597356e-07
3.2012981e-09
1.09504626e-07
1.7221524e-08
1.0559482e-08
3.3769967e-07
1.7032363e-08
7.323862e-10
3.303133e-07
2.4106933e-08
9.464859e-10
1.8476758e-08
4.0104248e-07
3.197854e-08
1.3563656e-08
2.6364582e-08
2.2623198e-07
1.4946384e-09
1.8210033e-08
3.8575806e-08
2.5335423e-08
4.1035295e-09
8.628212e-08
3.8100123e-09
1.2112624e-08
1.656935e-07
2.7913469e-08
7.27608e-08
8.357495e-08
1.1930163e-07
1.3450398e-07
5.970308e-10
3.1746021e-09
3.7335335e-09
5.0673023e-08
1.6008683e-07
5.3831457e-07
1.8798369e-07
3.2684295e-07
3.6244253e-07
7.6881534e-08
3.9583306e-09
4.5919796e-07
8.3752525e-08
8.2964766e-07
5.684901e-08
9.816767e-07
8.509511e-08
3.3448263e-08
7.2457745e-08
1.6534324e-08
1.5832402e-06
1.4911636e-07
2.6693576e-06
1.815281e-07
4.079749e-07
4.0971852e-07
3.368488e-07
1.2699786e-06
8.316396e-06
4.4851186e-06
4.3234704e-06
3.917174e-05
0.999779
1.0126673e-07
0.00013143128
1.9137008e-08
2.349901e-06
1.2676444e-06
1.3169779e-05
