4.8840034e-09
7.1122784e-08
6.1075134e-08
3.009205e-07
7.893319e-08
6.694234e-11
3.3542488e-11
3.3753022e-07
6.2856444e-09
1.1648172e-07
5.012033e-10
5.1579114e-08
2.1710148e-08
3.6546368e-08
4.0009958e-08
3.3691993e-08
1.2699462e-07
7.426636e-08
1.245498e-08
2.220397e-08
4.807262e-07
2.1321068e-08
5.2419127e-09
5.1023118e-08
1.3012835e-08
2.5695856e-08
1.9488104e-09
1.2335296e-07
6.338237e-07
2.3111001e-07
1.189985e-07
7.003729e-08
4.5844365e-07
2.7529284e-08
7.027698e-07
4.4191424e-07
3.4944474e-08
4.338112e-09
2.6192664e-09
3.308038e-08
8.889127e-09
4.1293283e-08
6.182853e-08
8.391186e-09
1.8933292e-07
2.477739e-07
9.949348e-11
1.1241936e-08
3.1783426e-08
1.8211914e-07
8.159555e-08
6.918014e-08
1.2658163e-09
1.7916882e-08
1.1121285e-08
8.980606e-08
4.9973202e-08
1.9110823e-07
3.8338996e-07
4.4315943e-08
4.1661252e-08
1.9173697e-07
3.4820573e-08
1.13865944e-07
2.271345e-07
4.0635626e-07
3.0366726e-07
3.3309846e-07
2.5884412e-07
2.7195097e-07
4.6252183e-07
1.3553254e-06
1.0888012e-06
2.0102408e-07
3.6886408e-07
1.9449249e-06
9.386313e-07
1.9139475e-06
1.6428611e-06
8.901309e-07
8.771434e-06
3.5823357e-06
3.0665436e-07
1.700035e-05
1.7112089e-06
2.6430694e-06
3.84665e-06
2.2515953e-05
8.9047353e-07
0.9974257
6.078247e-07
1.0443378e-05
6.780964e-05
4.1780855e-05
0.0018224124
0.00040644538
6.7148735e-06
0.00013812866
4.7481117e-07
1.4957307e-06
