2.0316827e-07
7.010616e-10
6.335356e-08
1.625826e-07
1.5237794e-07
1.5312423e-08
4.3316577e-09
2.561882e-07
4.15472e-09
1.909948e-09
4.3257366e-08
1.0759358e-07
5.1195116e-08
8.585779e-09
1.0352445e-07
6.4582316e-08
9.885432e-08
1.8939721e-07
5.2031606e-08
9.477085e-08
3.1537603e-08
1.9812572e-10
6.9537535e-08
2.851689e-08
1.13728575e-07
2.3350337e-07
4.659846e-09
1.9490486e-10
7.0799713e-09
8.56895e-10
7.681444e-08
4.093834e-09
1.59766e-08
3.2015592e-08
5.219597e-08
2.2399853e-07
1.1740066e-07
1.3508631e-07
3.668369e-07
2.2641117e-08
2.5161148e-08
3.2242784e-08
8.480434e-09
4.5286725e-09
4.823882e-07
1.9780033e-09
3.4146959e-09
3.7605787e-07
7.481275e-09
2.1211e-08
1.4485363e-07
1.5815639e-08
3.0793032e-07
9.561447e-08
4.890266e-09
1.2311412e-07
7.876582e-09
8.233678e-08
9.86931e-08
5.5817098e-09
6.857464e-09
2.8449475e-07
3.897829e-09
3.6280763e-08
1.9096277e-08
5.3554448e-08
6.1342393e-09
2.9530971e-08
1.7337769e-08
1.1719409e-08
1.3901652e-07
4.538685e-07
6.026066e-07
6.848409e-07
2.861425e-07
6.035836e-07
1.0085466e-06
1.821755e-07
1.5181502e-07
8.396781e-08
3.4796287e-07
1.4734617e-07
1.5644904e-06
8.880782e-07
2.7570266e-07
0.9936605
3.3471038e-06
4.2730417e-07
4.0849335e-07
1.3898982e-05
0.0062759602
1.2680339e-07
3.802205e-07
4.2984716e-06
3.1320565e-07
1.611903e-05
1.1347583e-06
1.7619363e-06
3.9238572e-07
2.2690902e-08
