2.9628389e-08
4.677608e-08
1.6760964e-08
2.7895291e-08
1.5640272e-07
9.495392e-09
8.810438e-10
1.5452646e-07
1.0295091e-08
1.7947465e-07
7.3876e-10
6.39889e-10
7.96143e-09
8.102179e-08
2.2703939e-10
1.6695699e-08
2.4346514e-08
1.2835524e-07
5.8333793e-08
1.4290829e-07
8.78637e-09
3.5398165e-10
1.1155237e-08
1.3419617e-07
2.1144666e-07
1.2544405e-07
3.1362898e-08
2.4538107e-07
1.7612722e-08
1.25230875e-08
2.711224e-08
4.2178236e-08
4.9373003e-08
2.7761637e-08
1.168573e-08
3.489083e-08
4.3741406e-11
5.743972e-08
4.4454023e-08
1.1178927e-08
4.008655e-07
8.0407936e-08
3.0459715e-10
1.1386357e-07
2.316963e-07
1.4369478e-10
7.140262e-08
2.1089363e-08
5.544519e-07
5.0893203e-07
3.3402152e-08
1.6259047e-08
6.6123795e-09
5.12261e-09
1.6159993e-07
1.7945379e-08
9.493694e-08
1.05198275e-07
2.8680966e-09
1.1530337e-07
1.5437978e-07
3.408843e-08
1.2895249e-08
3.906227e-12
1.1627932e-07
8.039736e-09
3.165311e-07
1.6782995e-09
1.0629961e-07
3.9813614e-07
3.6291606e-08
7.065682e-10
6.8659936e-09
8.393222e-08
3.9218222e-07
1.9408843e-09
7.808151e-09
3.9785462e-07
7.3518976e-07
9.157042e-07
1.9312638e-07
3.3639148e-07
1.6365744e-06
1.9679912e-06
3.290538e-06
0.9981236
3.9062417e-08
1.311476e-07
3.1607794e-08
8.72714e-06
0.001841322
7.05394e-06
1.5191964e-06
3.2430605e-06
8.8545767e-07
3.7872414e-07
6.552443e-07
3.9481538e-08
8.41711e-09
2.5018946e-07
