6.444069e-09
5.4695874e-07
1.5029576e-08
2.1836303e-08
9.836395e-08
1.8203654e-07
5.4799838e-08
7.842367e-08
2.2993518e-08
3.6228902e-09
2.4198657e-08
1.321722e-08
1.9069846e-07
1.4500137e-08
6.858153e-09
4.829129e-08
9.97218e-08
8.449639e-08
2.342338e-07
1.4977495e-07
2.3633026e-11
1.3109129e-10
4.6452877e-09
2.807161e-08
5.958022e-08
1.9363368e-07
3.102656e-08
2.5844656e-07
3.241727e-07
4.2422622e-07
8.5640266e-08
1.6697568e-08
1.7575584e-07
3.2170075e-08
1.3151796e-08
1.429002e-09
4.2131962e-08
5.7246448e-09
9.80487e-08
1.0276677e-08
2.0913351e-08
1.9153587e-08
1.1546089e-11
1.4308545e-08
1.5209969e-07
5.254929e-08
2.0366695e-08
1.124165e-07
8.0130235e-08
5.0335085e-08
8.910256e-08
7.6388164e-07
5.1628124e-08
1.5539582e-07
5.942521e-07
3.6978628e-07
4.0796166e-07
8.163937e-07
1.0883112e-05
5.9516615e-06
5.515854e-06
1.4116762e-06
2.2864601e-06
3.767456e-05
2.0664775e-08
5.840277e-05
7.041156e-08
8.8840046e-08
9.857308e-05
2.3212599e-05
3.2239674e-05
5.7225105e-05
8.656475e-07
2.6364975e-07
1.1053079e-05
9.861886e-05
2.6449677e-06
6.299021e-08
8.7189073e-07
1.4509301e-07
3.2322412e-06
7.04487e-07
5.952922e-07
0.34346372
0.65472525
2.6502877e-07
5.719732e-07
0.00063944154
4.6668993e-06
8.787475e-07
4.1275374e-07
1.2935637e-09
3.2223618e-08
0.0005637034
5.648401e-07
7.816693e-07
1.3958226e-07
6.758892e-07
2.0535652e-05
6.0754396e-06
