2.1040858e-08
6.69546e-09
7.952828e-08
1.8224e-07
2.681735e-07
7.002935e-08
6.2443353e-09
1.1745638e-08
2.607184e-11
2.2410285e-09
4.2716884e-08
4.4739906e-08
1.9463778e-08
8.563712e-09
4.228703e-09
1.3197821e-09
7.06985e-09
4.023256e-08
2.4138126e-07
7.4992286e-08
1.6712488e-09
2.3083928e-08
1.166608e-08
4.671663e-07
5.1415533e-08
9.170686e-09
3.2959449e-07
5.4976844e-08
3.6857067e-08
2.038745e-08
2.7233117e-08
1.4953176e-07
1.5021225e-09
9.438685e-08
5.269611e-08
1.5271185e-08
2.1689899e-09
1.30241e-07
2.0076977e-08
1.0743354e-07
1.1179696e-07
1.7313765e-07
5.7323135e-08
1.4014401e-08
1.0536374e-07
1.0322843e-08
9.742993e-10
8.417792e-08
7.726098e-09
2.0590969e-07
1.2581967e-07
2.0059784e-07
2.0182016e-09
2.6951375e-07
4.8475757e-09
8.597541e-09
9.153597e-08
3.7987704e-07
6.089659e-09
1.1350736e-07
2.8874723e-08
2.513796e-07
2.7866653e-10
5.361898e-10
1.8228252e-07
9.77945e-08
6.5913945e-08
1.5233283e-08
3.8101394e-08
4.0505913e-07
4.800307e-07
1.04859176e-07
1.2340627e-07
1.7191246e-07
3.1466197e-07
1.0522773e-07
3.4834903e-07
2.9526402e-07
1.2268455e-07
1.9705881e-07
4.5776744e-07
4.0266093e-07
6.6306745e-07
1.0393506e-08
2.1112804e-08
5.8152574e-07
0.9997027
7.082304e-07
2.8738518e-06
4.316911e-06
5.7922434e-06
2.2847616e-05
0.00022735613
7.938746e-07
7.20672e-07
1.975296e-06
4.8384427e-06
1.1617004e-05
1.3143202e-06
1.6507292e-06
