3.262445e-09
3.74307e-09
2.3292706e-08
1.8218971e-07
1.4414595e-08
3.020084e-07
1.0188575e-07
7.405115e-08
3.359348e-07
7.837239e-09
8.491758e-09
6.7903e-08
1.6064943e-08
8.702366e-09
3.8143495e-11
5.430236e-09
4.77153e-07
9.809929e-08
1.2097053e-07
3.7842028e-08
1.4726345e-07
9.382305e-08
1.4023488e-08
1.207996e-07
3.948846e-07
1.8339338e-09
1.9728915e-07
9.1238455e-08
7.804007e-08
6.121816e-08
4.9454836e-09
1.3031267e-08
4.577111e-08
2.3090136e-07
2.0438587e-07
8.471354e-09
2.3699157e-07
2.7284267e-07
1.9657202e-07
2.3406075e-08
5.4071034e-08
4.322086e-12
9.0091234e-08
4.888882e-08
2.0453078e-07
2.9380628e-08
2.0322857e-07
8.760482e-09
1.9365812e-08
1.4731814e-09
1.0031583e-07
7.589608e-08
1.5505715e-07
2.948944e-08
5.2921934e-08
1.571893e-07
1.6721047e-09
8.2994944e-08
9.755542e-09
4.3831387e-09
1.1954559e-07
4.5912618e-08
8.0446874e-08
6.3656145e-08
7.535798e-08
1.8164044e-07
4.1353445e-08
1.8749891e-07
4.9543917e-07
3.3292667e-07
0.9999168
5.8083134e-07
7.076054e-07
1.9144874e-05
6.5866e-06
5.974606e-06
2.3868988e-06
1.9490676e-06
1.7025e-07
5.8930857e-07
9.959801e-07
6.736883e-08
8.0865345e-07
7.9851156e-07
8.829908e-07
2.6785393e-08
3.5743577e-07
6.0075973e-07
2.1502997e-06
1.0186844e-07
7.920527e-10
1.835353e-08
2.6079574e-08
1.5107913e-07
1.3325792e-06
4.1735672e-07
6.2140196e-11
1.4617288e-07
2.7577385e-05
1.165701e-06
