3.8297287e-07
1.023016e-07
2.0768907e-07
4.8571312e-08
2.1387635e-08
9.33159e-08
3.2489613e-08
1.4940646e-07
5.2087305e-08
1.8276095e-08
8.271982e-08
1.07827084e-07
1.3396227e-08
2.9043893e-08
1.1024259e-07
8.71747e-08
9.1940656e-08
4.1573482e-08
1.2692746e-07
6.290357e-09
2.7781338e-10
2.166075e-08
1.1934532e-09
3.3775115e-11
2.926612e-09
6.586262e-08
1.7486513e-09
7.4235935e-08
3.439283e-11
3.0473968e-09
2.574457e-07
6.500036e-10
2.282232e-07
4.8628042e-08
1.3469012e-08
1.12902625e-10
3.0934196e-08
5.6158456e-08
2.8050009e-08
6.942903e-08
2.1941284e-08
1.05116655e-07
2.3518307e-08
1.8762975e-08
5.965032e-09
2.470712e-07
1.2185777e-10
7.845708e-08
1.5860858e-09
4.3910947e-07
1.2786944e-09
3.5792566e-10
2.5499696e-07
2.7255294e-07
1.5542632e-07
7.4727744e-08
1.4015873e-07
2.0428496e-07
1.5997564e-07
2.5489397e-10
3.1542267e-08
2.2181156e-08
6.0105975e-08
1.122946e-07
1.9569627e-11
1.0636096e-07
1.61731e-09
1.0314523e-07
7.715338e-08
9.4288445e-08
8.9798385e-10
6.198606e-08
1.613428e-09
2.290593e-09
7.1831776e-09
4.5297742e-08
9.6437454e-08
3.910388e-07
1.9506338e-08
2.7625845e-08
2.2374122e-07
2.0632472e-08
1.1716191e-07
1.8768608e-07
2.9866794e-07
2.9565217e-07
0.9998932
7.0326865e-07
1.372662e-07
5.1954845e-07
8.2758925e-07
6.7631605e-05
2.0044111e-07
1.2907133e-06
2.5474708e-06
9.978282e-07
1.2861791e-05
1.8949314e-06
8.0226055e-06
1.7812405e-06
