8.2984997e-10
5.064735e-08
7.713762e-08
3.2552673e-08
6.846824e-08
6.708015e-08
1.5108353e-07
9.488e-09
1.4856218e-07
2.8534766e-09
9.804254e-08
6.411044e-08
9.406675e-08
1.8723613e-07
1.4634098e-07
1.4409027e-07
5.283858e-09
1.424114e-08
1.0293455e-08
1.1943262e-08
9.322316e-08
2.7130213e-07
1.9189013e-08
6.2426886e-09
1.1564042e-08
3.6892132e-08
1.6931981e-08
1.2183802e-08
1.48911585e-08
2.9082318e-07
1.2318175e-07
1.26812685e-08
1.7188864e-08
4.393874e-08
3.373828e-08
2.5444438e-10
2.6431175e-07
2.0029107e-08
7.876989e-08
7.1361734e-09
6.565022e-08
1.5714171e-08
2.3385954e-07
3.274601e-08
6.888052e-08
5.2000047e-08
8.025345e-08
1.4837437e-08
9.0569614e-11
1.0251834e-07
9.654699e-09
7.4467664e-08
2.6344223e-08
7.706081e-10
1.440097e-07
3.4339737e-10
1.980986e-09
1.8153919e-07
1.9404118e-07
9.848484e-09
9.4556384e-08
6.6812206e-08
7.23639e-08
2.82214e-07
1.5916582e-07
6.5627194e-07
1.3384874e-08
2.0833593e-08
2.8812092e-08
2.923398e-07
2.7801713e-07
1.0373554e-06
5.2048704e-06
1.04053015e-05
3.411482e-06
0.9997008
1.3723996e-05
4.393901e-06
0.00021023513
9.625088e-07
8.868906e-07
2.5747781e-06
8.617511e-07
3.486299e-05
1.14855965e-07
1.2680268e-07
2.1975791e-07
8.619881e-07
3.301502e-07
6.788018e-08
3.427715e-07
8.288816e-08
2.2334535e-07
1.5161577e-07
3.733663e-07
2.581176e-07
9.609563e-08
1.7481541e-07
5.152215e-07
1.4593574e-07
