5.46529e-09
1.00628306e-07
3.2481452e-08
1.3159532e-08
6.935719e-08
1.759912e-07
1.7442008e-07
9.196251e-09
8.93981e-08
4.4446857e-08
1.7507314e-07
2.8635756e-07
7.157694e-08
3.856758e-08
2.6537356e-07
1.5289362e-07
1.5917855e-09
5.2571338e-08
1.512979e-07
2.687503e-07
6.928501e-08
7.1975285e-07
1.4886531e-09
1.5544816e-07
1.095824e-07
3.2525453e-09
2.170316e-07
1.3656305e-07
3.398092e-08
3.4551864e-08
3.9405077e-07
4.2201922e-08
3.1138867e-07
1.9941925e-07
1.11692216e-07
6.682789e-08
2.5092294e-07
4.4382307e-07
5.4529234e-09
4.0390313e-09
1.0323126e-07
4.512692e-09
1.3045879e-08
2.1646042e-07
4.7055778e-08
1.9641176e-07
1.07286134e-07
7.578007e-08
4.396708e-08
3.550155e-08
1.9318381e-07
4.099441e-07
1.3464656e-07
2.147524e-07
2.4382535e-07
3.180627e-08
1.3200082e-07
1.363899e-07
3.6689767e-07
3.8014048e-07
1.2420602e-06
3.1556664e-07
1.1298489e-06
1.9498352e-06
2.0425628e-07
9.197161e-07
3.769219e-07
2.6230967e-07
7.5048644e-07
1.865418e-06
1.3262438e-06
2.88911e-06
6.8198265e-06
1.12293255e-05
1.615901e-05
2.7017379e-05
2.4006291e-05
5.9099028e-05
2.3806788e-06
2.865751e-06
2.826732e-06
3.6741312e-06
0.00016632916
3.3526705e-06
1.5066979e-05
6.252512e-05
0.94185394
0.057545014
1.234181e-06
7.2846087e-06
2.5996118e-07
3.1045744e-07
9.2682285e-08
2.2781672e-08
0.00016471682
2.7888825e-07
9.756874e-07
1.2127445e-05
9.719753e-07
4.9162322e-06
