3.2441484e-08
5.00027e-08
1.0086636e-07
4.0773336e-09
5.363599e-09
3.697663e-08
1.03678005e-07
8.752576e-08
2.9087266e-07
2.0093222e-07
3.8205203e-09
4.449708e-08
5.387974e-09
1.9587466e-08
7.1117614e-09
9.2348216e-08
6.4918853e-09
2.7537794e-08
2.3634769e-07
3.182255e-07
7.1220834e-09
3.9758152e-07
2.823422e-07
1.8480299e-07
3.056329e-08
2.3252468e-08
3.1347844e-10
3.963777e-09
1.46468935e-08
2.1915552e-08
7.8806664e-08
1.11395366e-07
1.13499015e-08
1.05908704e-07
4.851964e-08
1.3455328e-07
8.828841e-09
3.6780665e-11
2.2501006e-08
8.580055e-08
2.9632574e-07
1.0870853e-07
5.2569636e-08
5.555777e-08
3.9934662e-08
5.765095e-08
1.0534127e-08
3.1708828e-07
1.8494258e-10
3.0051584e-08
3.3222534e-08
1.618146e-08
3.391351e-08
7.274437e-09
2.896411e-10
1.9976518e-08
6.211148e-08
1.2095701e-08
6.0746624e-10
1.3712529e-08
8.104208e-08
1.0350939e-07
2.4661735e-09
1.9237226e-07
3.7634447e-07
9.6900216e-08
4.3274998e-08
1.2236669e-07
1.2177898e-07
1.7306738e-07
1.04335214e-07
1.919292e-08
6.897822e-08
4.4717936e-08
1.746467e-07
1.3179064e-07
6.969719e-08
9.219318e-09
6.473163e-08
3.3535835e-07
7.339534e-08
1.381407e-07
3.4740734e-07
1.0974557e-07
2.4281522e-07
1.3587403e-07
4.0771454e-07
5.1897484e-07
5.205492e-07
3.365791e-06
0.9996298
4.1471054e-07
1.7020539e-06
2.029015e-06
1.1951335e-05
0.00031731752
9.513178e-07
5.0447215e-06
1.2979069e-05
6.9925245e-06
