2.2466928e-08
2.5115446e-07
3.8710454e-08
4.807076e-07
9.465411e-09
1.7037541e-08
7.568851e-08
9.872933e-09
3.3992762e-07
6.5514864e-11
1.0070461e-08
4.8023544e-08
1.3888858e-07
3.7781106e-08
1.186016e-07
6.7081474e-09
5.637006e-08
5.7825718e-09
6.3339016e-08
2.6145506e-07
8.3680426e-08
9.5432114e-08
4.0617348e-08
7.051926e-09
2.8190559e-07
3.7921204e-08
3.6731137e-07
2.499508e-09
1.3798875e-07
2.0459976e-07
1.2155819e-09
4.4176257e-08
2.752956e-10
5.8822476e-08
1.3466969e-07
7.389592e-08
6.671117e-08
1.2955973e-09
5.21362e-08
5.48644e-09
5.2636373e-08
3.1110519e-09
1.5484612e-07
1.3633745e-07
6.474488e-09
6.547254e-09
9.0058904e-08
1.7916919e-07
1.7544591e-10
1.7579794e-07
3.452453e-08
4.9219707e-08
5.3846605e-08
2.3724593e-07
5.7671013e-08
3.124971e-07
1.876602e-08
4.246947e-07
5.533693e-08
6.741076e-08
1.3677315e-07
1.0416068e-07
2.0529619e-07
1.0853157e-07
9.095041e-08
8.038849e-08
1.2586934e-06
2.234518e-07
5.752039e-08
1.479571e-08
4.468071e-08
1.2836912e-08
1.6079768e-07
2.7216203e-07
8.133018e-07
1.6484307e-08
1.2795339e-06
2.2358688e-06
8.610151e-06
7.70695e-07
1.258381e-06
8.2252893e-07
2.2426557e-05
1.0914573e-06
2.568684e-06
0.9993175
5.1259815e-07
0.0005603184
4.5496157e-07
1.0827428e-06
5.1770505e-05
1.5690138e-06
4.4356093e-06
9.1483835e-06
6.739786e-07
3.4081854e-08
1.3011109e-07
1.0559258e-07
1.5019553e-07
1.962456e-07
