4.413174e-08
7.8112656e-08
6.0090652e-09
1.7055939e-08
1.0416435e-09
1.4185717e-11
4.2521124e-09
5.93949e-08
4.3551765e-10
1.5341352e-09
2.7763562e-07
1.3103578e-07
4.5518925e-07
8.230568e-10
4.155686e-12
2.6938625e-07
3.24785e-07
7.830789e-09
3.4152738e-08
6.856819e-08
1.5965097e-07
1.41306e-07
1.0133042e-08
1.8913327e-07
3.860634e-09
5.6728487e-07
3.7124405e-08
2.0663302e-08
1.6890338e-07
1.975547e-08
5.0094805e-08
5.831602e-08
4.241268e-08
1.5805897e-07
1.25017e-07
1.0936029e-08
1.2760076e-09
5.41094e-10
3.966958e-08
3.9744728e-07
6.150626e-08
4.513138e-08
1.4756552e-07
2.9469112e-07
3.732872e-12
4.316249e-08
1.4434987e-07
9.4737466e-08
3.8814056e-07
5.8147646e-07
1.6882828e-08
7.635093e-08
4.3248544e-08
1.3659779e-07
1.0332907e-09
9.591701e-08
2.609014e-07
7.3245324e-08
9.3314654e-08
3.089443e-07
1.8953446e-07
1.5427334e-07
2.7326254e-07
4.3486804e-07
5.1293966e-07
3.9365005e-07
2.294274e-07
6.9068483e-07
1.1700416e-06
1.1059296e-06
3.691413e-07
6.087372e-07
9.954474e-07
1.7066053e-06
8.04454e-08
1.7529476e-07
1.4603946e-06
1.2725418e-06
3.0145345e-06
5.742355e-06
2.0251423e-06
6.3566887e-07
5.012405e-07
5.8228597e-06
1.5376007e-05
2.4925315e-05
2.5959374e-05
5.637823e-05
8.869008e-06
0.00024364232
7.7330515e-05
0.0006284709
0.9988734
5.583874e-09
1.8992793e-07
3.5344975e-08
3.0395763e-06
7.9779096e-07
3.7695095e-06
2.615759e-07
