1.5807958e-08
3.05479e-08
8.0421875e-10
2.4105398e-07
1.2970268e-07
1.769412e-08
1.01504185e-07
2.3278401e-08
1.2229513e-07
5.8190864e-08
1.6127156e-07
9.0708563e-10
5.2913794e-08
5.8322183e-08
4.964167e-07
3.9125453e-08
1.8185455e-08
4.0462034e-09
7.744749e-09
2.4640535e-08
4.4638256e-08
2.1041802e-09
8.880182e-09
3.529951e-11
1.1386121e-09
3.1501735e-08
8.244402e-10
1.945809e-08
2.3473437e-07
5.8210325e-08
2.6167661e-09
6.892829e-09
2.3887907e-08
2.4218355e-08
2.5491468e-07
1.3132981e-07
9.1027e-08
1.2715164e-07
1.2436845e-08
5.462276e-08
4.328075e-08
3.2550633e-09
3.121649e-08
5.9347492e-08
1.474833e-07
4.3848837e-07
2.8454411e-07
1.06037765e-08
4.15786e-08
4.0737223e-07
3.9305954e-09
2.599639e-07
3.8660154e-08
4.5261377e-08
1.8010938e-07
5.6871276e-08
1.3713726e-09
4.453374e-07
2.7521364e-07
2.8246723e-07
3.1194378e-07
7.426085e-07
8.399875e-08
9.870409e-09
6.8678355e-07
2.9392044e-07
8.141913e-07
6.322539e-07
1.6227217e-06
3.321539e-06
3.3921842e-06
2.5177337e-07
4.713639e-07
2.1138048e-07
4.956773e-06
2.6309046e-05
8.524314e-05
1.975755e-07
3.3904857e-07
8.7719434e-07
5.390331e-07
3.2916796e-07
1.2612957e-06
0.00080701883
0.9954098
9.184535e-06
1.2636703e-05
3.5795944e-07
6.6531893e-06
0.0034244126
6.099393e-06
1.4411962e-06
3.842499e-07
3.1707717e-05
1.3946565e-05
3.5288283e-06
4.942428e-07
1.9316783e-06
0.00012557075
1.4739703e-07
