1.8029196e-09
1.5251177e-07
1.0178639e-07
3.010212e-08
6.677409e-08
4.4397055e-08
5.740606e-09
5.552308e-10
6.8766104e-07
7.550697e-09
2.2177573e-09
1.2954662e-07
4.5544702e-08
1.4416909e-07
1.245277e-08
7.497817e-08
1.1624616e-08
3.465256e-07
1.2050378e-07
2.2304903e-07
3.3669608e-08
1.276487e-07
2.333814e-09
2.6411882e-08
2.7143685e-08
6.587922e-08
1.3833352e-07
1.5892581e-09
4.5495682e-08
1.8638582e-07
4.2503334e-09
1.36742e-07
9.066825e-08
2.9693786e-07
3.2305334e-08
1.1934878e-10
8.353385e-09
2.5190843e-09
9.428805e-09
1.2239381e-08
3.2315953e-08
5.4704756e-09
2.4174057e-07
1.6373614e-10
2.2474806e-08
6.9672446e-08
1.3516979e-08
1.0915593e-08
9.017755e-09
7.560225e-08
7.0018e-08
1.3976498e-07
3.6619315e-07
1.4561304e-08
3.2743054e-07
1.55348e-07
1.2252279e-07
4.51093e-08
2.4704494e-07
4.9410784e-07
3.3711933e-07
7.747292e-08
7.0831146e-07
1.2772173e-07
3.0142212e-06
4.2110396e-06
8.1504595e-07
2.2388774e-06
2.9640847e-05
1.879943e-05
4.3838302e-08
4.629104e-07
5.542449e-05
0.00023516951
1.7278225e-06
1.3841168e-05
3.0105391e-05
5.0804443e-05
0.93957895
9.065277e-07
7.516126e-06
1.7716143e-06
1.4899865e-06
0.059746668
4.684407e-07
2.3139098e-06
4.801409e-07
1.143458e-06
4.0722966e-06
8.2071796e-07
1.3136899e-08
5.405883e-07
3.2688713e-06
1.4416577e-06
1.1945362e-07
2.7838192e-07
4.855832e-08
1.2072724e-06
0.00018963496
9.429038e-06
