2.162217e-11
1.0383077e-09
1.1084494e-08
2.6919025e-08
1.0086467e-09
2.4789586e-09
2.4729518e-09
8.8610164e-10
2.544752e-07
7.598631e-08
8.353301e-09
1.5628707e-07
2.957698e-10
1.6598934e-08
3.3659378e-10
4.6036032e-08
9.522553e-09
1.4067334e-08
1.8737135e-08
1.7408314e-07
2.8094965e-10
4.4015476e-08
1.11111206e-07
9.0007255e-08
4.0831182e-08
1.2788273e-08
2.4259842e-07
1.2760752e-08
5.3977832e-08
6.4932117e-09
2.2057942e-09
6.432747e-08
4.127382e-07
2.353854e-08
3.0357942e-08
3.3346447e-07
2.7909413e-09
1.3550681e-07
4.8901992e-08
1.7638807e-07
6.3893054e-08
1.5895347e-09
2.880611e-08
1.2643921e-08
7.4695016e-08
2.8876533e-08
5.1997468e-08
5.20006e-09
8.245917e-09
6.4195696e-08
2.5285809e-08
1.2194721e-07
4.7015714e-08
1.6895862e-07
1.9156533e-07
7.757178e-09
1.3457313e-09
1.967716e-09
2.5612056e-07
1.3257825e-07
2.5970846e-07
1.346205e-07
8.800963e-08
6.1412926e-08
6.1197983e-07
5.026453e-07
2.9417413e-07
1.7284256e-07
1.646796e-08
1.3288042e-07
2.3641255e-07
7.934677e-07
7.8092336e-07
3.9301017e-07
3.728276e-08
2.6903524e-06
4.860644e-07
8.7831967e-07
5.069639e-07
1.2872667e-06
3.2547214e-06
2.8917768e-06
0.99876344
4.9454993e-06
6.9102807e-06
2.1978121e-06
0.0002626506
0.0007900637
1.8154868e-05
1.6748764e-07
1.9166644e-06
5.2818905e-06
3.9455284e-05
2.6146012e-07
6.787927e-07
6.6393113e-07
5.8405644e-06
1.4373466e-05
2.1794149e-06
5.6647623e-05
