8.921955e-15
7.492616e-09
1.1671533e-07
5.193975e-08
6.005472e-09
1.3554205e-07
1.7415336e-07
2.636397e-07
4.0325903e-09
9.7990515e-08
2.9749012e-08
7.229856e-08
2.0686642e-07
2.2874723e-08
2.095973e-07
1.1006376e-08
3.935871e-09
1.3028428e-08
3.2793626e-08
1.8780757e-09
8.394617e-09
7.559849e-08
1.7861424e-07
7.046736e-08
6.202968e-09
6.336701e-08
7.458742e-09
1.5777177e-07
3.1936692e-10
2.6098e-09
5.5203393e-09
5.0944124e-07
3.5039014e-09
7.8903135e-08
2.6189383e-07
7.85726e-09
1.2271346e-10
9.412341e-08
3.253782e-08
1.4952359e-07
1.3432512e-08
4.6784784e-08
7.794677e-08
1.5028691e-08
9.795939e-08
3.8323364e-08
4.0610777e-07
6.937498e-08
6.8403205e-10
3.0631838e-07
4.6318485e-10
1.8396608e-07
2.9362596e-07
6.511687e-09
3.907806e-08
3.2987714e-07
7.62252e-09
6.508702e-08
1.3722779e-07
9.444861e-08
4.2717483e-07
1.2847666e-07
7.0011396e-08
2.0606583e-07
1.7064185e-08
1.2327885e-07
4.4330104e-08
3.6437065e-08
1.609485e-07
1.547462e-07
5.274322e-08
2.9231865e-07
8.6291315e-08
1.6404367e-07
8.537383e-09
3.620568e-07
1.2611197e-07
9.2874023e-07
7.18063e-08
6.6696856e-08
8.4920984e-08
8.378435e-07
1.4548988e-06
6.719898e-09
3.975669e-07
1.2776994e-07
1.1845525e-06
8.8466214e-07
3.1129417e-07
2.168664e-06
0.9998772
1.2068193e-06
1.6456977e-06
4.9153216e-05
1.5159146e-06
4.896573e-06
4.2766977e-05
4.125262e-06
6.096071e-09
4.2398565e-09
