1.7697653e-09
7.603253e-09
8.85255e-08
4.5109985e-08
9.505014e-08
2.4397394e-07
9.801371e-09
1.5913623e-07
7.920479e-08
5.278814e-08
3.2476244e-08
1.02396754e-07
3.9242153e-07
2.2456626e-07
4.679169e-08
8.414604e-08
2.5951254e-09
1.6878141e-09
1.8935506e-08
1.6164457e-10
7.735147e-08
2.6092124e-09
3.1630867e-07
5.094653e-08
5.2846204e-08
1.2623904e-08
7.115323e-08
8.085598e-09
5.011872e-08
2.0268098e-08
3.6406554e-08
4.3017465e-09
9.8707735e-09
6.87906e-08
1.583429e-07
5.79244e-08
1.05435145e-08
2.6947081e-08
2.522505e-07
9.245185e-08
3.9262382e-10
3.6890797e-09
3.6444686e-07
2.3937902e-08
3.6630121e-09
4.534398e-08
3.6760452e-09
9.3285e-09
1.6571042e-07
2.6753042e-08
2.0661949e-07
2.6525825e-07
1.3527419e-07
3.5358788e-08
4.801894e-10
1.9215916e-08
6.3160186e-08
4.266586e-10
6.575544e-08
2.600821e-08
2.219899e-07
5.1285793e-09
9.682456e-09
2.2046023e-09
2.6341436e-08
6.743941e-09
2.7040496e-08
2.815049e-08
6.870098e-08
3.5337596e-08
6.3489e-07
3.1311694e-07
7.52952e-08
2.394907e-07
3.1741297e-07
3.1543564e-07
5.733485e-07
3.799595e-08
9.528125e-07
8.819229e-07
8.052822e-09
8.5671445e-07
9.959336e-07
1.5540649e-06
9.70245e-08
3.9436577e-06
4.989301e-07
2.1485246e-06
3.0713043e-05
9.306607e-06
0.9998262
9.224814e-06
6.3011825e-08
1.3681669e-06
1.6698573e-08
3.9950837e-06
1.5706604e-07
7.5012764e-07
9.8787496e-05
2.849436e-07
