5.508678e-10
1.3958453e-07
1.2529314e-07
2.843342e-10
1.5079255e-08
2.81549e-10
1.6286453e-08
4.675292e-10
8.981454e-09
3.9999986e-08
1.289135e-08
8.505635e-08
7.138771e-07
9.981186e-08
2.7715296e-07
2.9038747e-09
1.15519626e-07
1.8551559e-07
3.9101682e-08
1.8343442e-08
7.8816925e-08
2.8440454e-08
6.1345514e-07
7.1882533e-07
4.777591e-07
5.929471e-09
1.627278e-08
8.440682e-08
8.090606e-09
4.943531e-07
1.6641016e-09
3.8624984e-10
1.9317707e-09
2.9374073e-08
7.622858e-09
1.2829262e-08
7.713843e-08
9.0035666e-11
4.6103932e-07
4.7964438e-08
3.5935713e-08
1.205731e-07
4.013837e-09
4.0185814e-08
1.2327368e-09
2.0939044e-08
2.7211507e-13
2.4093768e-07
1.3949264e-07
1.6755244e-07
1.191439e-07
2.3891633e-09
3.4576956e-08
1.8539355e-08
8.308838e-09
1.4717374e-07
6.5205406e-08
1.4538722e-07
1.1319142e-07
9.028739e-08
1.3577904e-08
5.1634723e-09
1.398113e-07
1.6197144e-07
2.5684454e-07
6.578861e-08
4.6400054e-08
2.3878013e-07
1.044027e-07
2.1666351e-07
3.640277e-07
7.647406e-07
2.771295e-07
3.3500166e-07
3.6125428e-07
7.298871e-07
3.089351e-07
1.0738701e-06
6.69861e-07
1.0479712e-06
3.1502584e-06
5.5384817e-06
1.4104218e-05
1.4873747e-06
7.2967254e-07
0.9982903
1.830663e-07
5.2851134e-05
5.0982864e-05
0.0006613225
2.2202014e-06
5.6205033e-07
9.618801e-07
2.4162653e-06
3.6115548e-06
1.7472526e-05
0.00086447754
7.1170343e-06
3.8635453e-06
1.4077777e-07
