1.00991684e-07
1.2576444e-07
2.5099096e-09
2.481511e-07
4.404002e-09
7.9589505e-08
3.0666136e-10
1.4774187e-07
2.0577497e-08
2.6512309e-08
2.7911554e-07
2.895002e-07
2.85789e-07
2.0367468e-08
1.7081062e-08
4.4520748e-10
1.1570363e-07
6.193392e-08
2.8744844e-09
2.5650166e-08
2.3358709e-07
7.042013e-09
6.2339865e-08
4.8047955e-08
7.660068e-09
1.2729521e-08
3.6770604e-08
1.4992963e-07
2.4738627e-08
2.4131901e-07
1.1105058e-08
1.1271377e-07
3.680479e-08
1.3514941e-08
4.5960434e-08
1.3924255e-09
1.5672775e-07
5.182672e-09
2.683274e-08
2.214044e-07
9.3858205e-08
5.224995e-08
1.493095e-07
1.7536821e-11
2.6767224e-09
5.254191e-08
7.554186e-09
3.163612e-08
2.2512891e-08
2.5021833e-08
1.4128072e-09
7.970839e-08
4.009841e-07
1.0354297e-09
2.0171589e-08
4.7466713e-08
4.474351e-08
6.199255e-07
4.0693266e-08
1.5611027e-08
1.8390422e-08
1.7687036e-08
1.1240377e-10
3.055822e-07
3.8918703e-08
8.667014e-08
1.9451278e-09
3.2987213e-08
7.3158986e-08
1.6319386e-07
1.5755869e-07
1.2480757e-07
1.913613e-07
5.6971633e-08
0.9998877
4.1978223e-05
2.7343693e-05
8.320598e-06
3.3324877e-06
6.26683e-08
2.4554566e-08
2.2747938e-06
3.562536e-06
2.1446133e-06
1.0310867e-05
1.1957497e-06
4.950459e-07
6.4803646e-07
1.5344406e-06
2.390251e-07
8.192841e-08
3.2028268e-08
4.433535e-07
4.813435e-07
1.1181024e-06
1.4267962e-07
3.3835832e-08
3.5745748e-07
3.6972816e-07
2.778838e-07
