4.473538e-08
6.5629813e-09
3.8715982e-07
1.16116894e-07
6.0588627e-09
2.4929663e-11
3.4684783e-11
1.0584144e-08
4.717091e-09
6.197263e-08
2.68294e-07
2.5757813e-11
2.42528e-10
8.0986915e-08
2.6737067e-07
1.5659905e-08
2.2239644e-07
2.490395e-07
4.0495802e-09
7.610013e-08
1.907201e-08
2.4085253e-07
6.249389e-07
9.4101814e-08
2.2736637e-08
2.088876e-12
7.916623e-09
1.8819016e-07
1.6837208e-07
9.6302045e-08
3.2896263e-09
1.17803516e-07
4.490838e-08
3.0929106e-09
4.108186e-08
2.008114e-07
7.804592e-09
1.9148073e-08
7.444996e-08
3.2249548e-07
7.519627e-08
3.2772284e-08
4.1293804e-09
6.423847e-08
3.2456903e-08
4.151242e-09
3.4928732e-08
1.6287627e-08
1.5477804e-08
1.9603705e-08
6.435707e-08
2.5585272e-09
1.4528041e-10
5.6181847e-07
1.9056174e-07
2.8190277e-08
4.7604097e-08
3.123151e-08
5.7633272e-08
4.6140624e-08
2.9449606e-07
1.5545004e-08
1.0736003e-07
2.9545953e-07
2.3869506e-09
1.4377636e-07
6.7510044e-08
2.2929564e-07
4.0091953e-07
5.9789e-08
1.9797913e-08
1.4856504e-07
1.7005485e-07
4.6363948e-07
2.380501e-08
3.0965484e-08
1.6182312e-07
1.7655155e-07
1.7435077e-07
3.277933e-07
6.2837273e-07
2.928772e-07
4.5478797e-07
8.097795e-09
2.2345013e-07
6.41851e-07
1.9644386e-07
0.9995782
1.3738033e-06
1.5679999e-06
4.865228e-07
4.677023e-06
1.4476075e-05
0.0003621411
8.303642e-08
2.2126958e-06
8.4014266e-07
1.7943697e-05
4.6526525e-06
2.6331863e-06
