7.7936356e-08
1.3329242e-08
4.3698673e-08
9.491507e-08
2.0082078e-08
3.5669353e-07
3.2952634e-08
1.5796675e-07
1.3055216e-09
1.844159e-08
1.044823e-07
1.7448961e-07
1.11620714e-07
5.762115e-08
1.31546765e-08
3.9466403e-09
1.8948388e-07
3.3467018e-07
8.108061e-09
1.5970416e-08
1.806017e-08
5.8770798e-08
4.71642e-10
2.5110072e-08
1.1436226e-07
3.764015e-08
2.4363624e-07
3.9385686e-10
1.2513938e-09
1.3470247e-07
1.6522028e-08
7.623629e-08
4.1530257e-08
1.2537345e-07
6.527668e-08
2.2882753e-07
2.126384e-08
5.2528332e-11
9.64333e-08
2.3691688e-07
3.817525e-07
1.4525307e-07
3.565613e-07
1.970428e-08
8.970639e-08
6.856767e-08
9.482405e-08
4.818644e-09
1.361764e-08
1.0592409e-07
7.265787e-08
8.867482e-08
5.755327e-08
3.623393e-07
4.2093652e-07
1.3129489e-09
2.220389e-07
3.251048e-07
2.6493435e-06
1.8276753e-06
7.964618e-07
8.64288e-09
2.1820975e-08
1.0369008e-07
3.3953986e-06
7.739425e-06
2.5630434e-05
4.9776238e-05
1.3609859e-09
1.6589059e-08
3.0048622e-07
1.00355344e-07
8.202578e-05
0.00012400257
9.519987e-09
1.1921438e-07
6.354551e-07
1.6201392e-07
9.881498e-07
3.4026434e-06
1.9545001e-07
1.9269542e-06
3.684737e-06
0.0011553279
1.1575902e-08
7.204972e-06
0.00011335339
7.661238e-05
4.761234e-05
5.673101e-12
0.0004203554
6.437517e-08
0.082716405
2.6598063e-05
0.91511446
1.04167875e-05
1.1014582e-07
1.5916723e-06
1.0952272e-05
6.312372e-07
