1.4951684e-08
7.072316e-08
7.963887e-08
2.3104453e-08
3.9983905e-07
4.6002447e-07
4.749173e-08
2.3425508e-07
4.2837044e-07
4.532544e-08
1.6649631e-08
2.6982292e-07
3.906858e-08
4.044895e-08
1.24498065e-08
6.32187e-08
1.3422661e-07
6.28872e-08
3.8240633e-09
1.7145354e-07
4.979811e-09
4.08028e-07
1.3468913e-07
4.980882e-08
4.0272297e-09
9.773329e-08
2.5442783e-11
1.5028772e-07
1.05961e-08
1.1985168e-07
7.7372836e-10
2.5210318e-07
1.3299635e-08
1.1956715e-07
1.1277691e-09
6.8641968e-09
7.770258e-08
2.834209e-08
2.668921e-08
6.041438e-08
1.6944364e-08
6.481847e-10
4.952006e-07
1.2115582e-07
6.5748914e-08
4.399803e-08
2.3442164e-08
5.5189755e-08
5.7976685e-08
2.410476e-07
1.7599315e-09
5.4593725e-09
1.01401994e-07
7.472446e-08
3.776293e-07
6.187317e-08
3.3001054e-08
4.1305015e-08
5.480989e-07
1.8234691e-07
8.878418e-08
1.8206298e-09
1.7369706e-07
9.82857e-09
3.1590147e-08
9.388498e-08
4.8778486e-07
3.9397543e-07
1.9998993e-07
5.8516684e-07
6.6668343e-07
1.29518245e-08
8.98812e-08
1.1234867e-07
4.006192e-08
5.3043425e-07
8.859897e-07
5.234293e-07
7.468475e-07
3.4715808e-07
3.3463826e-07
6.596242e-07
1.1140144e-06
4.406125e-07
1.0323424e-06
5.117464e-07
4.100376e-07
0.98321044
0.016698696
1.8776856e-06
1.8391893e-06
9.002205e-06
3.203696e-05
2.8993725e-06
2.0052348e-06
3.2905575e-06
2.9887677e-05
5.872063e-07
1.8773545e-07
7.996811e-06
