1.9434765e-11
5.1741825e-08
5.3583083e-08
2.2498048e-07
7.2745635e-08
3.9986325e-08
7.745058e-08
8.154033e-08
1.8489088e-07
4.5895305e-07
1.5028917e-07
1.1700336e-08
1.7637636e-07
3.8902275e-08
2.7608733e-08
8.280854e-08
7.880488e-08
3.1488735e-08
1.1875886e-10
2.6976045e-07
8.6537915e-09
2.0690303e-08
2.17637e-08
1.0017857e-07
1.0279645e-07
4.3244544e-08
1.5699226e-07
1.8657482e-09
1.1228161e-08
8.402131e-09
1.0319859e-09
3.5543647e-07
3.3788525e-10
8.673341e-08
9.163769e-08
5.1556096e-08
6.3613665e-09
1.2405688e-07
3.704082e-08
3.3487384e-09
1.2871774e-07
1.4480361e-10
1.984345e-07
1.2759031e-08
3.8160213e-08
3.2023564e-08
1.6782884e-08
9.675839e-08
1.2498512e-08
6.609224e-08
1.3611871e-08
3.837322e-07
1.7793364e-07
3.9183692e-07
1.9329445e-07
5.1171327e-07
3.7497845e-08
5.0403236e-07
1.922689e-07
1.622242e-07
1.1225326e-08
1.2374784e-07
2.0788725e-07
7.441308e-07
6.75888e-07
8.272438e-07
7.883803e-07
3.9162956e-07
1.9954075e-07
4.2588933e-08
2.4864312e-07
1.8548107e-07
3.3162343e-07
2.6404676e-05
1.1829675e-06
1.4796422e-06
1.3678456e-06
4.1325516e-06
1.173738e-05
4.6379473e-06
5.2877887e-05
9.180483e-05
0.00010327968
0.00020476412
0.9868061
6.4876167e-07
2.3775726e-06
0.008591607
6.271416e-06
6.456864e-05
0.00016164998
0.0038024723
1.3925899e-06
1.1845835e-05
4.832912e-07
3.0182156e-05
2.2528705e-07
1.2289976e-07
1.09803985e-07
7.6617525e-06
