7.4017126e-09
2.796492e-11
7.866792e-08
2.0560488e-08
6.692329e-08
2.1086275e-09
3.4135528e-08
8.735941e-09
5.6358194e-09
1.2716617e-07
5.7120772e-08
1.2318814e-07
4.809345e-08
1.5638591e-07
2.2977883e-07
2.7640399e-09
9.5564324e-08
1.4398149e-09
1.10831635e-07
1.04458024e-08
6.53406e-08
3.8195324e-08
3.3313643e-07
2.9648847e-08
3.4723897e-07
2.9641575e-08
1.06851765e-07
2.0976674e-07
9.955197e-11
3.5777015e-07
5.9383427e-09
1.34634615e-08
1.4964458e-07
5.6456493e-08
1.6224474e-08
5.255734e-07
6.3944725e-08
3.2775045e-09
1.7733865e-12
4.354588e-08
7.217927e-08
3.8944524e-08
7.7881857e-10
2.9352503e-07
1.491838e-08
1.8365057e-07
1.230362e-07
1.2057139e-08
4.0409017e-08
2.920266e-07
4.2852495e-08
5.096763e-08
1.8373546e-08
2.4205317e-08
4.0307462e-08
2.7197132e-07
3.39719e-08
4.3386464e-08
2.0410791e-08
1.435925e-07
1.9858462e-07
1.54721e-07
3.0867886e-07
5.993737e-08
1.1262788e-07
6.776833e-08
5.809829e-07
2.650905e-13
4.1844373e-07
2.0238306e-07
2.8894382e-07
3.927041e-07
6.687885e-08
1.249441e-06
1.2710373e-06
2.0317927e-06
1.9489194e-06
1.0633315e-07
4.2607408e-07
9.961765e-07
7.2554263e-07
5.9095715e-08
1.5410014e-05
2.5537736e-06
6.690139e-06
1.673376e-05
4.0698324e-05
0.00026729703
5.1239917e-05
0.99918884
4.744457e-07
7.875266e-07
5.3299473e-06
0.0003801388
2.730535e-06
3.2401537e-08
4.097754e-07
4.8178845e-07
4.0204213e-06
2.4617464e-07
