3.3799247e-07
4.560956e-07
3.391637e-08
8.3412424e-08
5.4051412e-09
8.920719e-08
3.1264621e-10
2.2942429e-10
2.9361608e-08
1.5805249e-08
8.360141e-09
5.1540505e-11
6.635145e-09
4.250063e-09
1.2166153e-07
2.2909743e-08
2.6055298e-08
6.1223145e-11
2.4880313e-07
3.770288e-08
4.0897692e-08
2.426733e-09
1.2506759e-07
3.6406416e-08
1.7408677e-09
8.110888e-10
8.094773e-08
5.856901e-07
4.5391078e-09
9.94655e-09
9.390312e-09
2.766362e-07
2.2645628e-07
7.674273e-11
1.2880697e-08
1.5456665e-07
5.1295604e-12
4.919181e-08
1.1656293e-07
3.0028056e-07
2.491081e-09
3.0859308e-08
7.581588e-09
4.8365187e-08
5.77731e-09
3.272729e-07
3.9315225e-08
7.994021e-08
3.6313257e-09
1.0083137e-07
1.7443148e-07
3.234419e-07
1.7972209e-08
1.9499456e-07
3.4277419e-09
1.3086354e-07
3.4419864e-07
5.4368024e-07
3.0336224e-07
1.3717066e-07
2.871176e-07
2.0941312e-07
1.3249208e-06
1.9721451e-08
5.266062e-08
8.543064e-07
1.8477575e-06
1.8650787e-06
2.838406e-06
1.665397e-07
2.388437e-08
2.5677463e-07
3.1810448e-06
1.5744158e-07
8.967198e-07
1.9858533e-05
5.173521e-07
9.5345865e-07
3.897336e-06
2.4338667e-06
4.7557724e-06
2.3296304e-06
0.99873835
4.2943432e-07
9.48225e-05
4.1507003e-05
1.0435471e-05
0.00047780943
0.00010007908
4.1603944e-06
2.2334796e-05
5.4574652e-06
4.5513718e-07
5.001509e-06
4.204588e-05
1.029548e-05
2.1723339e-07
1.8944735e-06
1.5534876e-06
0.0003880095
