2.8845928e-08
5.687112e-10
1.1458117e-08
2.5894817e-10
4.8332428e-08
5.808899e-08
6.331306e-08
1.697692e-07
2.121377e-07
1.3156409e-08
3.4226836e-08
1.8820086e-07
1.2071789e-07
2.1896176e-08
1.3217844e-08
1.2580591e-07
2.2069213e-07
8.146107e-09
2.5472534e-07
2.2040294e-07
7.778971e-08
3.3154478e-07
1.1449115e-07
3.0987593e-08
6.3107166e-07
5.2674505e-08
2.161534e-08
1.3911334e-07
4.7141253e-08
5.441115e-08
7.295066e-09
2.4385553e-08
2.326167e-09
2.7480992e-08
2.1802663e-07
2.127787e-08
1.1466765e-07
2.5123033e-09
7.751028e-09
1.2969679e-09
5.965654e-11
4.6632234e-08
1.8183712e-07
6.3220584e-09
2.273942e-08
4.6980578e-08
8.64761e-08
5.135375e-08
1.13433984e-07
1.4906836e-07
1.0704547e-07
2.6063924e-08
4.305013e-08
4.6810918e-08
4.0663681e-07
3.3745982e-07
1.1651901e-07
3.343406e-07
4.828454e-07
5.895173e-07
1.2247814e-06
6.13367e-07
2.6090495e-06
1.9665235e-06
6.663366e-08
4.6861314e-07
1.995078e-06
3.6674614e-06
6.5314575e-06
1.4620325e-05
2.7576934e-05
9.3931874e-07
5.1651154e-05
2.7377214e-07
0.00013840257
4.343194e-05
9.348523e-05
0.99682367
2.7581038e-06
1.5476326e-06
3.817852e-06
0.0007914456
1.8072592e-06
5.2609257e-06
2.148115e-05
1.395195e-06
1.0900663e-06
5.414797e-07
1.8182412e-07
1.3997153e-06
6.091471e-06
7.1261695e-07
8.8167994e-08
1.2150609e-06
9.561097e-06
1.3449492e-06
0.0019182981
6.8008144e-06
1.2533313e-07
4.1248305e-07
