1.5076667e-11
5.5841436e-08
1.1722573e-08
2.5906647e-07
6.5832086e-07
8.459725e-08
2.9082915e-07
2.8044575e-08
1.3960438e-07
8.687461e-09
8.131148e-08
1.8687894e-08
9.764817e-08
3.6069953e-11
1.9603522e-07
5.6104166e-11
1.3978301e-07
5.316374e-09
4.943588e-09
2.0917328e-07
2.9664124e-09
3.5678882e-09
2.2764443e-08
1.2589757e-09
2.4486047e-08
7.28815e-08
1.7755901e-09
9.513215e-08
1.370156e-08
2.4443779e-08
1.8062684e-08
2.2388356e-08
1.1005121e-08
8.347193e-08
1.1549187e-07
2.648308e-07
1.9893139e-07
1.8834898e-09
8.98986e-08
1.4294044e-07
1.0435357e-07
1.9510024e-08
5.8059375e-09
1.4468009e-07
1.9003933e-07
2.1196962e-08
9.29101e-10
4.3410344e-07
1.2113813e-07
1.5025297e-11
1.8407268e-07
3.3546943e-09
1.6685608e-07
6.2235195e-08
1.5767449e-07
1.085111e-08
2.8843417e-07
1.6337116e-10
1.1046269e-07
1.2420864e-07
2.8151609e-08
2.5301116e-08
3.2670857e-07
5.3434064e-08
1.2415856e-08
5.525613e-08
4.826956e-09
3.0136306e-08
5.7057164e-08
2.3849616e-09
1.35880684e-08
1.4498981e-08
1.1893265e-07
6.9524226e-08
2.247429e-07
2.073862e-07
4.973942e-07
5.7243017e-07
3.677567e-07
3.5096406e-07
3.3675835e-07
8.5534214e-07
5.966656e-07
2.3046685e-07
2.7465738e-08
7.40535e-09
1.08163206e-07
3.433125e-08
3.3988155e-07
1.5543142e-06
1.6328149e-06
2.4388905e-06
7.7759205e-06
3.6571741e-06
3.4258836e-05
0.99749506
0.0024425487
4.717927e-06
1.9263962e-06
1.8566996e-05
