3.603025e-08
5.1397137e-08
1.0756989e-07
3.2612766e-09
8.872494e-08
5.988406e-09
2.0279973e-09
6.8173534e-08
6.370157e-08
6.1182877e-09
2.1995368e-07
6.429686e-09
3.8961312e-07
4.2180297e-08
2.1652416e-07
4.55122e-08
3.6587668e-08
3.1513778e-07
1.3996716e-07
1.1475759e-07
1.4488137e-07
1.8542446e-08
6.231014e-08
1.309446e-07
3.293566e-07
1.2545352e-07
7.749598e-11
1.0903211e-07
1.7835893e-08
6.91891e-09
1.9534292e-09
3.1846253e-07
1.5075567e-08
2.5683815e-09
4.270355e-08
7.878768e-10
1.3595167e-08
3.9512727e-08
5.4349e-08
4.594307e-08
9.9930446e-08
8.3335155e-10
6.9918414e-08
2.8521102e-08
1.2387333e-07
1.0648402e-08
3.1715494e-08
1.0088381e-07
9.34923e-08
2.776587e-07
8.087321e-10
1.4412355e-08
1.6130697e-07
8.553367e-08
1.984667e-10
4.1181753e-08
2.5706417e-09
6.491185e-08
5.1770545e-08
2.1559837e-08
6.451567e-09
1.0695211e-08
2.723332e-07
4.7537572e-08
4.7840654e-08
2.256834e-08
3.3727582e-07
4.5551484e-08
4.9660493e-08
2.4610736e-07
4.2590807e-07
2.8349288e-07
4.8200707e-07
1.6472814e-07
8.170215e-08
1.2034333e-08
2.4569937e-08
6.0388567e-07
2.1124359e-07
3.7049992e-07
5.181307e-07
1.0960341e-06
1.3273058e-07
8.246723e-07
2.77537e-07
5.1138557e-07
0.99990654
2.2546742e-07
9.042836e-07
2.07985e-06
3.6206572e-07
9.9543215e-08
3.8052417e-06
4.384452e-05
1.3466675e-06
1.1530002e-06
4.9059686e-06
2.1315554e-05
1.7493676e-06
1.2956708e-07
