1.2517465e-07
2.5020779e-09
4.5298125e-09
5.57597e-08
1.1831605e-10
5.8708824e-08
1.2201924e-07
4.4387467e-09
3.415431e-07
5.095487e-08
9.5251075e-08
1.0510581e-08
1.4937278e-07
1.729029e-08
1.7030901e-08
2.5587152e-09
2.1377454e-07
1.8369898e-08
9.880343e-08
5.115024e-09
1.3160598e-10
6.3652045e-08
1.3823687e-10
1.6310381e-09
1.7102312e-08
3.06488e-08
6.651434e-08
5.9170153e-09
3.3707426e-08
1.3878625e-07
3.0573852e-07
4.283068e-11
8.385243e-08
7.919642e-08
8.8945455e-09
1.8485257e-07
6.4831287e-09
1.55106e-08
9.128449e-08
5.42365e-10
1.2548968e-07
6.235159e-08
1.3951855e-07
2.2240895e-08
5.2350497e-08
5.197257e-08
1.3470523e-08
2.9662766e-07
1.1957666e-09
1.5505242e-07
1.171089e-07
6.1124057e-09
4.545332e-08
7.7646806e-10
2.5464225e-08
9.487423e-09
1.837565e-10
1.592782e-08
4.216706e-09
6.399079e-09
3.5840316e-08
1.188508e-07
2.5859964e-07
7.089474e-07
9.126791e-08
8.292543e-08
9.174341e-07
2.2813815e-07
4.273454e-07
1.12181475e-07
1.0699128e-07
4.5039536e-07
6.2230015e-07
2.8932178e-07
7.5869167e-07
7.254813e-07
3.3488936e-07
1.3204992e-07
7.184602e-08
9.671306e-07
5.883025e-07
3.856663e-07
8.702338e-07
2.1873407e-07
9.052073e-07
0.999727
6.82316e-08
7.2778386e-07
2.0679283e-06
2.8649586e-06
2.8364996e-06
7.009002e-05
1.0420873e-05
0.0001440526
4.3455766e-06
1.5924985e-05
3.797209e-06
1.7036427e-07
1.669204e-07
1.6713828e-06
