7.877997e-08
8.443172e-08
3.5414817e-07
2.5685956e-08
2.0631059e-07
2.3629373e-07
3.137442e-10
9.16864e-09
1.3829026e-08
3.2369922e-08
8.8787715e-08
3.99676e-08
1.6074443e-10
1.6328707e-09
2.1619675e-08
2.5685566e-08
1.6832853e-08
8.379282e-08
2.9082017e-08
3.4949032e-08
1.8373551e-07
1.470786e-07
5.626288e-08
3.2989394e-08
1.0595553e-09
1.24396555e-08
2.0484609e-07
6.442173e-09
4.583362e-08
3.1490647e-08
3.231588e-08
2.6067394e-07
3.0269533e-08
2.567045e-08
3.5717502e-08
8.6202974e-08
2.628593e-08
1.2751656e-07
1.7739343e-09
1.5899838e-08
3.362408e-08
8.3660254e-08
2.3603446e-08
3.4148822e-08
1.9306482e-07
1.6096795e-08
1.6261396e-07
4.2590457e-07
1.215196e-07
1.333168e-07
9.704869e-10
2.2243812e-07
3.9483766e-08
7.4197466e-08
4.9206065e-08
4.6736993e-08
3.7319776e-08
4.416134e-07
1.0480315e-07
8.678981e-08
4.9785097e-08
2.4866455e-07
1.2073721e-07
4.8284255e-07
1.17723516e-07
6.8554556e-07
2.0889993e-07
5.480546e-07
1.9458221e-07
1.8925008e-06
3.2487667e-06
4.5128495e-06
2.553647e-06
1.4050099e-06
5.3377316e-06
0.98266464
7.410572e-07
7.2771804e-06
9.148588e-06
0.015751747
0.0010834597
9.94516e-05
4.132297e-07
7.319594e-07
9.44393e-07
3.1652922e-05
0.00023018746
2.1018965e-05
3.4016898e-07
5.9552053e-07
1.3230252e-06
8.51802e-07
1.0215011e-06
5.579375e-05
8.097743e-07
7.4199576e-08
9.819329e-07
9.1586685e-08
1.44027e-06
1.1931853e-05
