1.0340374e-07
1.4617648e-09
1.4176509e-07
2.2850827e-08
4.7790934e-07
5.9215e-10
5.8438154e-08
6.1103144e-08
2.9658244e-07
1.1914563e-08
6.053351e-09
4.627227e-08
2.9540504e-07
7.083581e-12
1.7092366e-07
3.3704808e-08
1.1277294e-07
2.3234112e-08
7.522042e-08
9.063835e-09
2.1742254e-08
2.450224e-07
7.799129e-09
6.96386e-08
2.09864e-08
9.2037417e-10
2.1439195e-09
1.5261492e-08
9.517819e-09
2.7211934e-07
6.857491e-08
4.8226166e-08
4.0782012e-07
2.5573472e-08
3.702752e-08
4.059953e-07
6.819543e-08
2.545151e-09
4.3938563e-08
3.987599e-09
2.611428e-08
7.855214e-08
2.2105452e-07
2.3646734e-08
4.3082593e-08
1.1206113e-08
7.999398e-08
1.9030765e-07
1.7617928e-08
1.653771e-08
1.8000271e-08
3.1164092e-07
3.811205e-09
9.064133e-08
2.6738883e-07
1.2088305e-08
6.528743e-09
1.3287546e-09
5.107756e-09
1.587379e-09
1.9290221e-08
5.033591e-08
1.9518909e-07
2.2528283e-08
7.009411e-08
4.431962e-08
3.849567e-08
2.2594742e-07
2.7114424e-08
1.8773336e-07
6.643551e-07
5.1066195e-07
1.0163894e-07
1.1685702e-07
1.8134104e-08
1.6617918e-07
2.633219e-07
1.2434052e-07
2.6505262e-07
5.4683636e-07
0.9996958
1.7348665e-06
2.7292735e-06
4.5525994e-06
5.1590854e-05
5.9613546e-07
1.8480428e-06
0.0001828193
6.6594316e-07
2.8358227e-06
3.8796566e-07
2.8702761e-06
4.1042686e-06
5.905506e-06
1.6545147e-05
1.4934906e-06
5.015407e-07
7.342165e-07
7.6139287e-07
1.33291705e-05
