4.568731e-08
2.8454776e-08
1.01371526e-07
1.8309639e-07
1.8540106e-07
2.5742147e-10
3.61229e-08
4.6361674e-07
1.5370185e-07
1.858113e-07
1.7304266e-11
1.06995884e-10
2.8669973e-07
4.869139e-08
8.10363e-09
5.035939e-07
1.2130567e-07
1.1602385e-07
2.985244e-08
1.6680639e-07
5.615316e-09
2.2735385e-07
1.4475106e-07
2.5267524e-09
2.3635915e-10
1.05340705e-08
7.620979e-09
3.495522e-08
1.0306588e-08
1.3248671e-09
6.8013986e-09
9.7196994e-11
1.9930637e-07
1.7710796e-07
8.8007035e-08
7.065335e-07
3.4890348e-07
3.3510081e-09
2.4430435e-08
2.4514513e-08
7.935256e-08
1.6925402e-08
8.944016e-09
2.385363e-09
2.9625735e-09
1.32512e-07
1.7337971e-08
2.8324136e-08
1.2228573e-07
6.6794614e-09
2.3075762e-07
6.861485e-08
1.1888821e-07
1.8420743e-09
1.2294943e-07
1.4560752e-07
1.5931221e-07
4.98197e-08
2.1087954e-08
5.807683e-08
4.9718288e-08
1.4780373e-08
1.2785478e-07
8.754297e-08
4.7186623e-07
3.092569e-07
9.956948e-08
5.7229727e-07
3.1555243e-07
6.904623e-07
5.2378937e-07
3.6323445e-07
2.675676e-07
1.8115605e-07
2.9839336e-07
7.181834e-07
3.303897e-07
1.9812355e-06
2.943359e-06
7.289308e-07
0.9961691
3.2606246e-07
3.7498228e-06
3.024392e-06
7.11955e-05
0.0033709642
0.00028484335
3.507003e-05
7.4444665e-06
3.249494e-07
6.594228e-06
9.3209036e-07
5.0807347e-07
1.2836864e-06
5.2693446e-07
3.2812596e-07
7.664805e-07
1.180767e-05
1.3897377e-06
1.7092058e-05
