1.2876694e-08
5.832919e-10
1.4771184e-07
1.2450575e-08
1.4967142e-07
2.1480614e-07
9.167825e-09
9.464051e-08
9.744737e-09
1.4219495e-08
1.7648566e-09
2.8898762e-07
1.3077307e-07
9.714447e-08
5.9552445e-08
6.157212e-08
4.2607873e-08
1.9068512e-08
4.6225752e-11
7.628058e-08
8.025893e-08
2.6724178e-08
3.359701e-09
2.8210138e-07
2.1604791e-11
1.7438374e-08
1.13200205e-08
2.8995828e-07
2.1705593e-09
3.3694498e-08
2.0356586e-08
4.487734e-08
8.310758e-09
5.3271383e-09
3.585508e-08
5.8643803e-08
1.5673521e-07
2.1340732e-07
1.6854973e-08
3.511137e-08
2.3369789e-07
5.1341438e-08
5.351519e-07
1.3145328e-09
1.2448363e-07
8.306804e-09
3.725632e-08
5.847241e-08
1.4994521e-09
3.9735962e-10
2.2249522e-07
5.17043e-08
1.3494219e-08
2.4285715e-08
1.5359677e-07
1.4532742e-07
4.6986464e-08
4.0770647e-08
8.99525e-08
3.342998e-08
1.5453469e-09
1.2052765e-08
1.7006914e-07
3.381391e-08
1.9370843e-08
1.7230274e-08
2.078298e-07
1.4642292e-07
1.4977216e-07
5.612562e-08
5.6252038e-08
4.7867314e-07
6.345174e-08
9.898017e-07
3.683451e-08
9.168417e-07
6.2516546e-07
2.3878968e-07
1.3519933e-07
9.584453e-07
2.9613038e-06
2.9423344e-07
0.9999001
4.4106815e-10
1.8504791e-06
3.7719626e-06
6.3632187e-06
1.3429336e-05
1.7459702e-07
9.0033853e-07
4.4737686e-07
3.1261818e-10
5.5311585e-07
5.6747096e-05
1.3507052e-07
1.3512587e-07
4.549881e-07
2.3101278e-07
1.3358222e-06
1.6808163e-07
