3.5396536e-07
9.257308e-09
4.6339654e-11
6.425536e-07
1.4383891e-08
4.5449205e-08
1.427424e-08
5.4116672e-08
4.8822894e-08
1.4629398e-07
3.5378886e-14
6.474367e-08
3.6229874e-08
6.428153e-08
9.628215e-10
2.4323393e-07
1.3147789e-07
3.6601797e-08
1.1041741e-07
1.18129606e-07
8.880903e-08
6.139098e-08
1.1634091e-08
1.2721549e-07
4.080595e-08
4.6672643e-08
6.2458714e-09
1.5996672e-07
3.415585e-07
8.4400895e-09
1.7233985e-07
2.720764e-11
1.3624569e-07
1.58493e-08
9.388373e-09
1.7508775e-08
1.387966e-07
3.8081474e-08
8.5774225e-08
3.9613592e-08
2.8078317e-08
1.6641174e-08
6.553551e-08
2.3886745e-08
3.812598e-09
2.205493e-12
1.3378301e-10
2.5416253e-07
4.002196e-10
1.11143684e-07
1.6375606e-07
4.8521212e-08
1.0803177e-07
2.2233814e-07
1.2192116e-09
1.6813007e-16
6.645028e-08
7.332308e-09
2.1881283e-09
1.5276242e-08
5.7976663e-09
5.0755e-07
1.4333878e-07
2.3289861e-07
2.1563834e-07
3.9103178e-08
1.45133034e-08
1.2073867e-09
1.4921618e-07
9.571653e-10
2.6183468e-08
4.2372992e-08
8.73152e-09
6.5647e-07
8.928426e-08
2.1633343e-07
1.0321445e-07
4.636012e-09
1.5623064e-07
7.061458e-07
7.047591e-08
0.9998424
3.7960427e-07
1.545559e-07
1.0001885e-06
3.979075e-08
5.53136e-07
8.862387e-07
1.5588498e-07
6.078204e-09
4.5301158e-07
2.19075e-07
9.933889e-07
4.645813e-06
6.9272945e-05
6.015206e-05
6.6532843e-06
9.4139375e-07
1.547475e-06
1.1458426e-06
