5.3995386e-08
1.1284382e-07
1.1037579e-07
7.2858265e-12
2.9139846e-07
1.6083254e-08
9.570198e-08
1.1857069e-08
1.9630438e-07
2.4466647e-07
9.496152e-09
7.053692e-08
3.8401417e-08
3.281558e-09
3.6437594e-08
2.1437756e-08
2.132578e-07
1.1421519e-07
3.536051e-08
1.566971e-07
1.5094033e-08
2.0721303e-07
6.264091e-08
2.748893e-08
7.707505e-08
6.150524e-09
1.34667015e-08
6.8175976e-09
2.625889e-08
2.1661053e-07
2.2897896e-07
2.459154e-08
4.860691e-09
9.9884524e-08
2.2541942e-09
1.8744688e-10
5.407582e-08
1.973084e-07
1.4259156e-08
3.6446623e-11
1.3039487e-07
7.1700903e-09
4.1346514e-08
1.7908661e-07
7.849955e-08
1.3035846e-07
5.916748e-07
2.4622788e-09
4.4784972e-08
5.000449e-08
2.582687e-07
3.964382e-07
6.9469246e-07
2.684259e-07
2.3857578e-07
6.0477066e-07
5.5654357e-07
7.914812e-08
4.6765038e-07
5.8651864e-07
1.8155107e-07
1.6495589e-07
1.5143634e-06
5.1995016e-06
2.4434928e-06
6.4049354e-06
1.2208955e-07
4.4559226e-07
7.428615e-06
9.598571e-06
1.0799873e-05
1.2046043e-05
2.465355e-05
3.006863e-07
1.4233757e-06
3.8732785e-05
6.2168965e-07
1.04643185e-07
0.98405486
2.8659877e-06
1.2056835e-06
0.00038259893
0.014816054
0.00011695023
3.9434824e-05
1.0876062e-05
9.219615e-05
9.178878e-06
9.66291e-06
1.0087647e-05
3.7780271e-06
0.00026610374
8.157649e-06
5.079314e-07
2.4842839e-05
5.359909e-06
3.5067916e-07
7.9903955e-08
9.432655e-06
2.281957e-06
