4.944367e-09
2.2097388e-09
2.8949088e-07
3.7767487e-07
6.0460845e-09
1.9100737e-08
1.3743916e-07
2.1620142e-08
2.6161532e-08
1.3831583e-10
4.224913e-09
1.2773903e-07
2.0535945e-08
4.224644e-09
2.7611382e-09
3.0529677e-08
4.667583e-10
4.5479595e-08
5.622608e-07
2.4691404e-08
1.8351369e-07
8.016264e-09
1.36035e-07
1.4723493e-07
4.9104995e-07
2.7090703e-08
4.7275066e-08
2.2485849e-09
2.607229e-08
9.2021956e-08
6.0134944e-08
5.4603476e-08
3.2952652e-08
1.2025364e-08
8.8957194e-08
2.7051013e-07
4.7647418e-07
2.535015e-08
1.09151244e-07
3.8559104e-08
6.0931193e-10
2.670146e-08
1.3767958e-07
5.8827183e-09
7.3407675e-09
8.108655e-08
1.3631707e-09
7.600261e-09
1.991701e-07
3.786e-07
1.384204e-07
1.735442e-07
9.527583e-08
2.9033686e-08
1.2744353e-07
8.692762e-08
3.6117473e-08
2.7139504e-07
1.2424962e-07
6.864592e-08
4.0383092e-08
1.3356241e-08
2.4048708e-07
5.125569e-07
3.927853e-07
4.6886807e-08
1.509492e-07
2.810164e-07
5.895975e-07
9.7037955e-08
4.7704054e-07
9.259006e-07
3.015705e-07
6.0407166e-07
2.1425303e-06
3.4144836e-07
3.5348748e-07
4.5678954e-07
1.0711481e-06
2.8504624e-06
9.403406e-06
1.2181928e-06
5.2466913e-07
1.871992e-05
4.2943564e-05
3.4374175e-06
5.7274733e-06
0.00018335444
0.9793281
0.017805617
2.5002682e-06
1.7775068e-06
0.00196359
0.0004269663
1.16672345e-05
6.452741e-05
4.438395e-06
9.797124e-05
2.792734e-05
6.3502233e-07
