6.944683e-09
1.3556659e-08
6.359945e-08
1.7618675e-08
8.407988e-09
7.728413e-08
2.580998e-08
8.254278e-09
2.8615412e-08
7.060607e-08
2.3558877e-07
2.3428855e-08
1.0118687e-08
1.8126421e-07
7.031266e-08
9.4140745e-08
9.011858e-08
1.1301997e-08
1.7750527e-07
1.1716422e-07
8.164632e-08
6.232497e-11
1.3415787e-08
6.7325416e-09
5.650817e-08
1.5829185e-07
3.2017875e-09
5.0129287e-08
1.7699848e-09
4.085918e-08
1.0299902e-07
2.0496785e-08
5.0711253e-07
6.3782263e-10
3.497079e-08
2.2468543e-08
7.832021e-08
3.7272204e-07
4.9436344e-09
4.1220087e-08
2.4957367e-07
9.1066275e-09
4.524724e-08
2.0095797e-07
1.6527615e-08
2.9416967e-09
1.2723113e-09
1.5877028e-07
3.5110922e-08
2.4814549e-08
5.1743307e-08
2.3994374e-07
1.7550498e-08
1.6604533e-08
1.0210427e-07
2.2855469e-08
4.2952184e-08
1.115115e-08
2.941384e-08
2.440829e-07
1.0465173e-07
8.518949e-07
1.0753024e-07
1.1479204e-07
1.7614732e-07
4.2470745e-07
5.469849e-07
3.7951727e-07
1.3057806e-07
7.109197e-07
2.105699e-07
5.572724e-07
6.046754e-07
1.0242687e-06
5.1430936e-07
0.99369067
0.00010777539
0.005887418
5.842432e-07
2.4997471e-05
9.96545e-06
5.8853475e-06
1.0546461e-05
3.3912395e-06
3.5098587e-05
2.8165673e-06
1.3551885e-06
3.908149e-06
3.1412478e-06
1.2615694e-06
7.113287e-07
6.061333e-07
8.113619e-07
1.3957192e-06
2.9796217e-07
2.6205341e-06
1.0466371e-06
0.00018572275
7.545148e-06
1.4456305e-06
