7.794393e-08
2.8680603e-08
5.45421e-07
1.452114e-09
2.4073307e-08
4.839233e-08
2.3887326e-08
1.6682355e-08
2.8080725e-08
7.348255e-08
1.616301e-08
1.8427864e-09
3.6641303e-08
4.886323e-07
3.7638057e-09
1.05037316e-07
8.349931e-09
2.1575937e-08
1.5378373e-09
1.7973602e-07
2.8737264e-07
8.2277465e-09
1.2619623e-07
5.317102e-08
3.0012824e-08
2.1079649e-10
2.1234751e-10
4.2900194e-08
1.083726e-07
1.9891228e-07
4.1193104e-08
1.40066065e-08
1.1794321e-08
1.3826666e-09
8.182859e-09
8.354606e-08
2.2820842e-08
6.6792785e-09
8.507447e-09
2.8301879e-09
5.043407e-08
1.1365928e-08
1.6306263e-08
1.4501653e-08
3.560215e-08
2.7830843e-08
1.6441835e-08
3.0808106e-08
3.066106e-08
9.631895e-08
5.325659e-07
1.778105e-07
3.0661695e-08
6.973899e-08
2.4749036e-10
2.8281372e-08
3.8132214e-08
1.0064943e-07
2.5029182e-08
1.9300944e-07
2.1773044e-08
2.3101234e-07
1.4913927e-07
1.4679033e-07
3.5919456e-07
4.2476344e-07
7.7232545e-07
2.0295025e-07
2.496997e-07
4.168626e-07
2.5468995e-07
6.1504034e-07
5.2646436e-07
8.649958e-07
2.1743466e-07
1.4255696e-06
1.185219e-06
1.4355148e-06
1.5814512e-06
2.6473058e-06
9.893181e-07
1.4097724e-06
0.000108956316
3.0128034e-05
9.857673e-06
1.3804992e-05
1.914901e-05
0.0016590045
0.99140567
1.5915194e-07
1.4153592e-06
0.006482209
4.1419693e-07
2.629823e-07
3.8534504e-06
4.287877e-06
4.2456682e-05
0.00018636756
6.706106e-06
3.0326917e-06
