1.166135e-08
1.4234865e-07
1.3054273e-10
6.532606e-08
2.0900711e-07
3.929632e-08
6.8897506e-08
1.9242844e-07
1.0508871e-07
1.8469597e-10
3.776089e-09
4.1992805e-11
1.120617e-10
1.12050266e-07
6.941049e-08
1.4907644e-07
3.790513e-08
2.3413765e-08
5.822553e-08
3.1789654e-07
5.2285776e-09
3.7618804e-07
9.0316334e-08
1.198499e-08
2.653022e-08
5.870281e-08
1.9520282e-08
6.014618e-08
2.583754e-08
9.4026284e-08
2.4057445e-07
6.575878e-07
6.209571e-08
5.702789e-07
2.7236092e-07
1.4475904e-07
9.844536e-08
1.560328e-07
3.1597668e-07
4.0902358e-07
4.5355782e-07
4.035272e-07
8.598781e-08
4.6657627e-07
1.1036119e-07
7.9742446e-10
5.229112e-07
1.9222182e-06
1.4129882e-06
2.3897578e-06
1.9878715e-07
1.04759365e-05
9.930334e-06
2.5789732e-06
4.1926353e-07
1.3585744e-05
7.282686e-06
0.9967681
2.3684035e-07
1.731266e-05
0.0013466094
0.001148002
0.00017485622
0.00018062034
3.7295134e-08
3.422529e-07
2.9315777e-07
1.0041752e-05
2.0848368e-07
1.1665485e-05
1.2241236e-05
5.408892e-05
8.109491e-06
1.624593e-05
5.100115e-06
4.6267886e-07
3.9762784e-07
8.6352077e-07
1.6007627e-06
3.3219264e-06
4.08029e-06
1.2349793e-06
4.3161197e-07
2.845869e-07
2.3027935e-05
3.2044718e-05
5.620789e-07
7.173524e-07
3.0957378e-06
8.548015e-07
8.5457486e-07
4.9062495e-05
3.273782e-05
4.234132e-06
9.3778155e-08
4.4380187e-08
9.060476e-07
4.6757377e-06
2.2093309e-05
8.1131236e-07
