3.3513075e-08
1.5399212e-09
8.887914e-08
1.1587042e-07
3.5269886e-07
2.7316824e-08
1.0132194e-08
6.15283e-10
3.1966392e-09
1.822518e-07
2.3944085e-07
3.2417722e-09
1.3362109e-07
5.2907224e-11
1.085091e-07
4.5852378e-08
3.30132e-07
1.9042832e-07
1.8208237e-08
1.2911671e-08
4.5717863e-07
1.1573178e-07
1.327719e-07
7.907954e-08
3.083001e-08
1.7542133e-08
2.4472482e-10
3.1622662e-07
2.4768976e-08
1.9446304e-07
1.3243651e-07
2.7265747e-07
8.464283e-09
5.363202e-08
1.91617e-09
7.050021e-08
1.3575735e-10
5.1064397e-10
2.2871018e-07
4.94622e-08
8.046753e-10
5.8191874e-09
4.066671e-07
9.502773e-13
3.5059657e-08
3.2161562e-08
3.4032496e-13
3.2741283e-08
4.9946987e-08
1.0933418e-08
9.279293e-08
2.6089797e-08
1.1838241e-12
4.5786308e-08
8.249892e-08
1.4590412e-07
6.529012e-08
3.0898786e-08
3.4913352e-08
5.530266e-07
6.5090927e-07
1.768457e-08
3.7777104e-07
4.2738833e-07
2.6573494e-07
1.7836886e-07
1.16083456e-07
3.0739056e-07
5.525633e-07
5.221616e-07
7.474738e-07
5.4304127e-07
6.9820125e-08
9.613037e-08
8.6733905e-08
1.9145055e-07
7.7667073e-07
3.1411517e-08
1.1844869e-06
1.5558525e-06
2.4693065e-07
1.9091522e-06
2.1957098e-06
3.5224065e-07
1.3691529e-05
3.4265818e-07
4.0618477e-07
6.009199e-06
5.3106196e-05
9.56881e-06
2.0613415e-05
7.833573e-05
0.99396676
0.005819575
1.3791639e-06
2.0418436e-06
3.697739e-06
2.1396056e-06
4.0398245e-06
1.2874741e-06
