8.559752e-08
1.4262993e-09
1.3634716e-09
8.891977e-08
3.0337384e-07
2.893517e-09
5.4067804e-09
2.1817582e-08
2.1393927e-08
2.6262683e-07
8.9664816e-08
1.7806417e-07
4.7800572e-08
9.854124e-10
3.279976e-08
3.485471e-08
1.2307703e-07
1.8862619e-07
4.607285e-08
1.1074544e-09
9.290658e-09
2.39772e-10
3.3693528e-09
5.9567725e-08
3.9200367e-07
9.911706e-09
1.2636149e-09
1.5993702e-08
1.7524981e-07
1.7131353e-07
4.618884e-09
4.661054e-08
4.6144493e-08
3.4750323e-09
3.8038643e-09
3.232378e-09
1.6436934e-07
1.5381451e-07
4.144519e-08
8.990301e-08
3.4114834e-08
2.7445144e-09
1.2809301e-08
9.319986e-10
1.4334404e-09
6.5459433e-09
3.083257e-08
4.610429e-08
1.7846675e-07
1.2321079e-08
1.7212232e-08
7.9558816e-08
1.4766192e-07
3.6642007e-08
7.5147064e-08
6.231719e-08
2.9359116e-08
1.4449451e-08
9.581776e-08
1.6332214e-07
1.6945523e-07
4.7499643e-07
4.0507166e-07
1.6361716e-07
9.185973e-08
3.764777e-07
9.756958e-07
1.1605523e-07
4.8871124e-07
2.8258182e-07
2.386339e-07
1.0723494e-06
2.0465048e-07
5.795767e-07
1.9327792e-06
8.5799775e-07
3.9185816e-06
3.6594533e-06
7.571956e-06
1.0606191e-05
0.00011872814
8.1160215e-05
0.99550074
2.7576534e-05
1.1365927e-06
8.039345e-07
1.6155345e-06
0.00419498
4.404297e-07
3.049354e-07
1.949395e-06
5.2091987e-06
1.9672524e-07
3.5693162e-07
1.6141341e-06
8.881642e-08
1.0270745e-06
4.9089294e-07
2.0303372e-05
9.447914e-06
