9.211095e-09
2.2764642e-07
3.5981194e-09
3.2235523e-08
1.1285816e-08
1.8849523e-08
7.702488e-09
9.957989e-08
2.514139e-09
3.0506405e-07
2.1896762e-09
2.7908743e-07
1.307277e-07
5.762162e-07
9.301267e-09
9.39793e-09
1.4990254e-11
5.365592e-09
4.5553094e-08
1.0509388e-07
1.0962059e-07
2.3692406e-08
6.11726e-08
3.759149e-08
2.7848296e-07
2.7459068e-08
2.7955542e-09
5.0633e-07
3.9534833e-09
1.6244537e-07
6.945276e-08
3.91548e-09
1.4970605e-07
5.6729803e-08
1.1027492e-08
1.0640852e-08
8.146729e-09
1.09198116e-10
1.3500561e-09
7.530535e-09
1.2883324e-07
3.99934e-08
5.7016024e-08
6.5202586e-09
6.053992e-07
4.5062624e-08
5.938005e-09
1.3206241e-07
7.352624e-08
1.5140483e-07
7.112467e-08
1.4800844e-07
4.473036e-07
5.7703442e-08
8.590934e-08
1.9353247e-07
1.2241757e-07
3.4540852e-07
1.3455035e-07
1.09445786e-07
6.708506e-07
1.226752e-06
4.97009e-07
8.906433e-06
1.0326114e-05
4.4675985e-06
2.8233337e-06
5.7449342e-06
1.0433014e-06
1.5096721e-06
1.6509896e-06
1.2224992e-06
1.254183e-05
3.0211145e-06
3.4971727e-05
8.160052e-06
0.0001010768
5.518312e-06
4.2195447e-06
2.1522928e-05
9.4822843e-07
0.0004621158
5.414961e-05
0.996713
1.2586182e-06
3.0091186e-07
5.7243656e-06
5.1739707e-06
0.0023394523
4.8288473e-07
5.231299e-07
2.9119471e-08
9.153373e-09
5.726898e-07
9.36102e-08
0.00016422817
7.5775374e-06
4.5616156e-07
2.524274e-06
5.800583e-06
