2.1960937e-11
2.2369404e-09
1.2898049e-08
6.3454744e-09
8.630205e-09
1.3496315e-08
2.0788555e-07
5.4654308e-09
1.4789255e-09
3.803315e-08
1.7015294e-08
5.0912412e-12
2.7817333e-09
2.7488829e-08
3.8291663e-08
7.963304e-08
1.558683e-08
1.9757768e-07
2.9568705e-11
1.2032432e-07
3.8502826e-08
2.760975e-07
7.527292e-07
2.2993946e-08
2.2682614e-10
3.346312e-08
2.503071e-08
1.8634857e-08
4.7584254e-07
5.236345e-08
4.311837e-09
1.0849117e-08
2.7590807e-09
5.3217782e-08
2.0454351e-08
4.0155633e-08
3.7227945e-08
1.3621932e-08
1.4191095e-07
1.0674937e-07
1.688217e-07
5.7720438e-08
1.14677135e-07
8.838266e-08
1.3783764e-08
1.0403586e-07
9.987415e-08
1.8416866e-07
7.102262e-08
3.960238e-08
2.6057483e-08
7.517732e-08
4.4854983e-07
2.999798e-08
4.459703e-08
3.0637187e-07
7.546731e-07
1.7737071e-06
1.4451655e-06
1.3531126e-06
2.493987e-06
1.1254148e-05
5.7526613e-06
1.0838021e-07
1.9790763e-05
1.2491567e-07
3.9981078e-05
7.5145006e-05
3.1783256e-07
7.192753e-08
0.001579477
0.00078296283
0.12548865
3.301861e-08
1.3009485e-07
9.033551e-06
6.7465444e-05
0.00013632764
0.8714928
6.7570936e-06
1.9120284e-07
3.1363e-07
1.5064545e-06
5.272111e-06
1.8420473e-05
1.2499933e-06
6.184733e-07
3.2939722e-06
1.2546207e-06
1.0182088e-06
9.380671e-07
8.9367074e-07
6.5540644e-07
5.198908e-07
1.58223e-07
1.7631316e-06
3.7989317e-08
0.00017169314
3.213218e-05
3.562453e-06
