5.9010823e-08
4.5150152e-08
2.008121e-09
5.2266014e-10
2.9757206e-07
3.0340942e-07
6.572599e-08
2.1214342e-08
1.176789e-07
2.6496076e-08
8.221785e-08
1.8217803e-07
1.5748032e-08
5.6527836e-09
2.6519066e-07
6.075258e-08
1.3933672e-07
6.666687e-08
5.775518e-08
4.0581818e-07
2.6784926e-08
6.364586e-10
4.7874984e-08
4.1421713e-10
9.0467644e-08
4.4714035e-10
2.6006668e-07
1.734725e-10
2.0773582e-07
8.327592e-09
3.2259055e-07
1.135405e-09
2.598768e-07
7.547998e-09
1.38203715e-08
7.36754e-08
1.2966495e-08
6.7279227e-09
2.1691049e-08
3.0679274e-07
6.8455646e-09
8.7077705e-09
5.5882903e-09
7.867386e-08
4.307332e-08
4.2347716e-07
1.6533882e-08
2.225835e-07
9.278311e-10
1.815261e-07
4.399943e-07
3.5459826e-09
2.4642471e-08
2.4338198e-07
4.0647357e-08
1.0474009e-08
6.3092243e-09
3.5582127e-07
1.5146018e-07
1.16270286e-07
1.1117813e-11
8.903224e-08
2.6068264e-07
3.2663605e-09
2.0876072e-09
1.4428771e-07
1.0671604e-08
3.1791911e-09
8.068955e-08
1.468456e-08
2.285081e-09
1.335841e-07
1.3357219e-07
3.8537797e-07
4.517165e-10
2.9668003e-08
1.2960042e-08
1.7485641e-08
3.4112395e-07
4.219264e-07
1.0058676e-06
1.5680678e-06
0.999918
2.6584746e-07
1.1988908e-07
3.179811e-05
2.5792372e-07
3.416186e-08
1.7726896e-07
4.552369e-06
5.3554986e-06
2.1130156e-05
1.5703574e-07
2.5136449e-06
1.4170064e-07
2.3905159e-06
1.0958355e-06
1.4099822e-06
1.5901561e-07
1.9557501e-07
