1.9654662e-08
8.171701e-09
1.3180718e-07
1.592281e-09
4.629899e-08
3.337971e-08
1.0019482e-07
1.1217348e-07
4.7313396e-11
3.4270215e-08
1.5821009e-07
4.1850686e-08
1.7295841e-07
1.4050555e-07
2.2601888e-08
1.9253742e-08
2.7220594e-07
5.8561334e-10
6.11851e-08
1.2347068e-07
1.7934386e-07
1.0015227e-08
2.414095e-09
5.244322e-07
3.216597e-10
8.888565e-08
2.8628187e-07
4.0849745e-08
5.8350555e-08
2.3558455e-08
1.9065405e-07
3.600167e-08
1.0059086e-08
1.1471116e-09
1.7875432e-07
9.347013e-09
9.485853e-09
1.7665272e-07
3.1524627e-07
8.8716416e-11
9.581544e-08
1.8674777e-09
2.443318e-09
6.106416e-09
5.6543414e-09
1.5924604e-08
8.464078e-08
1.8729423e-08
9.1728674e-07
7.427685e-08
8.876073e-08
2.9596876e-07
6.0538234e-08
1.8535455e-07
4.739954e-08
3.1786982e-09
2.0290749e-07
9.504262e-08
1.9994864e-09
4.0870498e-07
3.380768e-07
2.1813815e-07
2.8205375e-07
2.9499054e-07
1.202858e-07
3.8434314e-07
3.3332526e-07
1.963271e-06
3.323663e-07
1.0592814e-06
5.8802084e-07
1.1831868e-06
6.012241e-07
1.1997947e-06
9.762746e-07
1.5145588e-06
2.454546e-06
5.8021806e-06
8.370659e-05
1.5893555e-06
9.124605e-06
2.8794404e-06
2.8301365e-05
0.00068880233
0.97339153
0.02541495
2.499853e-06
1.3920411e-05
4.811799e-06
1.9500243e-05
5.3450945e-05
3.1615574e-08
0.0002466753
4.7050221e-07
3.4474872e-06
8.8054855e-07
6.5820896e-06
1.4061503e-07
2.9852032e-08
4.7662937e-07
