9.379017e-09
1.7591401e-07
1.00258095e-08
1.1102501e-09
8.936011e-08
1.1835348e-07
6.538247e-09
7.989897e-08
3.6824474e-08
1.9555443e-08
2.1063116e-08
3.3348445e-07
6.405013e-08
1.1215866e-08
4.3770225e-08
1.1740935e-08
1.0090012e-08
2.712825e-07
8.453152e-09
2.104138e-08
3.8639487e-09
7.015957e-08
3.6668533e-11
3.4039132e-08
3.1149387e-08
5.020955e-08
3.050326e-09
8.750196e-09
6.184634e-07
6.0272285e-08
4.0915662e-08
1.705821e-07
2.6908191e-09
2.1080977e-07
3.7663582e-08
5.8708597e-08
2.0271466e-07
4.9265587e-08
2.54484e-07
5.6877536e-08
1.8188916e-09
2.5695497e-08
4.5051646e-08
2.2289994e-07
2.9084137e-09
5.9549494e-09
2.9792994e-07
6.255124e-07
4.5108823e-08
6.10945e-08
1.0087414e-08
5.9532006e-08
1.9752082e-09
1.6712674e-07
3.4450138e-09
2.4480983e-08
2.0485387e-09
2.1386482e-08
4.8403805e-09
5.846854e-08
6.9552414e-08
8.531675e-09
1.7108416e-09
7.055473e-10
2.438445e-07
1.7183857e-09
9.7838795e-09
2.4013977e-07
1.9334664e-07
4.9370726e-08
5.005512e-08
1.383125e-07
7.1898694e-07
5.2044605e-08
2.5262565e-07
3.578201e-09
7.261062e-08
7.963097e-09
3.9384517e-07
3.6782433e-07
3.5275514e-07
2.869561e-07
7.9528974e-07
1.9094861e-07
1.3019446e-06
3.1755013e-07
2.865049e-07
1.0319427e-06
3.0180363e-06
0.99971604
4.4169406e-06
9.652317e-07
2.208323e-06
3.6405581e-06
7.744786e-06
1.2256035e-05
0.00015268754
8.496314e-05
1.195098e-07
2.0540134e-07
