3.1697638e-07
9.783741e-08
9.27677e-08
8.149906e-08
1.2627525e-07
4.6467616e-09
2.3298828e-07
1.6230578e-08
3.408008e-09
5.3044246e-08
7.2216517e-12
6.892487e-08
9.180603e-09
4.1682743e-08
9.822489e-09
2.535383e-10
5.414805e-08
4.8622677e-08
9.284909e-08
3.8003257e-08
4.0885503e-08
7.6732796e-08
9.297313e-10
5.393449e-09
5.574029e-07
1.3490337e-07
8.050028e-08
1.3439929e-07
3.6789254e-07
6.360968e-08
1.1183614e-08
5.7134237e-08
4.3560917e-08
5.6440584e-08
5.747148e-08
1.6654296e-08
7.3326525e-08
1.05006265e-07
5.662013e-08
1.06521696e-07
1.17664946e-07
1.4892943e-07
2.1263855e-08
1.2847371e-08
1.2326599e-07
2.5437776e-09
1.0799908e-07
1.2230583e-09
1.4212686e-07
8.206149e-08
1.4667265e-07
4.941182e-08
4.0754475e-09
6.4004084e-08
3.823477e-07
7.7633686e-08
7.2768195e-08
2.7061994e-08
1.4196547e-08
4.3899426e-08
4.8597553e-07
5.0443543e-07
8.682713e-08
1.9069398e-07
1.3383143e-07
1.4054936e-07
1.6262712e-07
2.9130686e-07
2.3565303e-07
6.311869e-07
1.04054315e-07
8.1905483e-07
2.3236508e-08
7.2762634e-07
7.3732014e-07
2.3470973e-08
2.9351293e-07
1.1020521e-06
0.99620503
5.869087e-08
3.2033543e-07
2.2251697e-06
7.61402e-07
3.7384382e-06
2.6863678e-05
0.0036897478
2.278602e-06
8.015968e-07
3.3909546e-05
5.9905943e-07
5.8254875e-07
5.5923175e-07
7.019493e-06
7.1781096e-07
2.5838733e-06
1.2311859e-06
3.9141204e-07
8.764503e-06
4.2141e-09
2.0764498e-08
