6.8979745e-08
4.6985733e-08
8.7103835e-09
5.6155557e-08
4.8013533e-08
5.5893437e-09
1.8754287e-07
1.912214e-07
9.350351e-11
1.1931854e-07
1.6828062e-07
2.191883e-09
3.148597e-08
4.570047e-08
6.01583e-08
7.080353e-09
1.928054e-07
1.3364277e-07
8.1578594e-10
9.8863716e-11
5.6710082e-08
1.0347578e-08
3.401814e-08
1.41709515e-08
9.387597e-08
4.654769e-09
3.946531e-08
7.523092e-08
1.225989e-07
4.792741e-10
3.2942687e-08
8.798273e-08
3.7839452e-08
2.0196657e-07
7.291386e-09
9.935731e-08
7.63391e-07
3.1822856e-07
1.01945496e-07
5.7731113e-09
4.3389097e-09
2.0354012e-08
7.7934295e-08
9.518605e-08
1.05232136e-10
1.618363e-07
6.410219e-09
1.5153451e-07
1.0624784e-08
8.3858644e-09
8.917503e-08
6.019941e-08
3.160326e-09
2.3665142e-07
4.3037653e-09
4.23552e-09
1.8051702e-08
2.792299e-08
1.8552372e-08
2.2280545e-08
1.29600215e-08
4.2488142e-07
1.7950478e-08
1.3740836e-07
4.867029e-07
2.4528737e-07
5.896952e-09
8.935224e-09
1.5145885e-08
1.5959832e-07
4.5876895e-08
6.586055e-10
2.385263e-08
7.903208e-09
7.9983444e-08
1.7971272e-09
3.5106975e-08
6.564646e-08
5.5018536e-08
2.4354073e-08
7.35984e-08
3.53706e-07
1.9386088e-07
5.8497164e-07
4.458315e-07
1.7531167e-06
1.2847498e-07
4.484042e-07
3.8864687e-06
0.9999299
2.4454753e-06
5.8996386e-07
5.595685e-06
3.0192161e-05
1.4559477e-05
2.044114e-06
1.981966e-07
6.454534e-08
1.13623855e-07
1.01132315e-07
