5.233636e-08
2.056217e-07
6.7810885e-10
6.5139126e-08
4.2121298e-09
1.2973589e-09
2.5195815e-08
8.192095e-08
1.8235067e-08
2.5555446e-08
9.306063e-09
4.5345208e-09
8.990294e-09
1.2530302e-07
4.494168e-09
2.4366468e-08
7.6872836e-10
3.8521438e-07
5.8755063e-07
9.5269165e-08
5.9151912e-08
2.0322895e-07
2.122796e-07
3.0838778e-09
8.9350124e-08
2.0137809e-07
6.9458156e-10
1.433092e-08
4.0628768e-07
4.7042653e-10
4.910033e-11
1.9644471e-08
3.4652095e-09
7.1201356e-09
2.2993059e-09
6.5380505e-09
1.48097055e-08
6.865551e-09
4.7336562e-07
2.1564816e-07
1.6956598e-07
2.4183686e-08
1.1914206e-10
4.0435655e-10
3.1272555e-07
2.5935196e-07
1.0185675e-07
2.2813217e-10
8.9639074e-10
5.6308007e-09
5.6199305e-08
7.1968356e-09
1.295128e-10
6.613599e-07
4.9939892e-08
1.00817426e-08
1.1376841e-07
8.401122e-09
1.0912271e-07
5.2728335e-08
1.0179145e-09
8.497419e-08
5.3442484e-08
9.06756e-08
1.2397739e-07
2.9305968e-07
6.97083e-07
2.7877296e-09
4.557033e-13
1.5371145e-07
1.4797051e-07
1.2837653e-09
2.5420833e-08
0.99991226
4.0056165e-08
6.530562e-08
5.420475e-07
1.6997701e-05
4.0827563e-05
4.2197524e-07
2.1233923e-08
1.2232497e-08
5.389005e-07
6.777656e-08
1.2886558e-07
7.845282e-09
1.11999185e-07
2.802436e-07
1.0536456e-06
1.1857385e-06
4.089711e-06
3.3305363e-07
2.5572126e-07
9.318113e-07
1.7028073e-06
5.8573164e-06
3.0595982e-06
1.1059641e-06
5.749543e-08
3.1657572e-07
