4.6863626e-08
1.3093006e-07
4.047875e-08
1.3832514e-08
2.5848725e-09
1.3059492e-10
1.8643287e-07
4.7907147e-11
7.2399985e-08
2.456845e-08
5.0877155e-08
1.4005276e-07
3.7860065e-08
2.9048174e-08
2.375128e-08
2.408361e-07
7.047237e-09
1.5164892e-09
1.0872149e-09
4.0170185e-08
4.4706158e-07
1.5469982e-07
4.103452e-08
2.4646122e-08
1.6462008e-07
6.3151564e-09
4.0457917e-09
7.453946e-09
1.1218088e-08
3.8195282e-09
3.606637e-07
6.641146e-08
2.1206244e-08
1.3084134e-09
1.0271685e-09
5.419651e-08
1.220444e-07
6.464625e-10
2.2581117e-08
2.1902727e-08
4.682628e-08
6.1650707e-09
8.894032e-08
1.5488637e-07
1.8908449e-07
1.0571902e-08
1.5181183e-08
2.145032e-08
3.154836e-08
2.5057952e-07
1.7945284e-08
6.8259446e-08
1.7559755e-07
1.6090279e-07
4.9181006e-07
1.7348522e-07
2.8686227e-08
3.445148e-08
5.1497054e-08
1.4411583e-08
3.6341604e-07
2.4950242e-07
6.2518785e-07
9.0997395e-07
1.9009791e-07
1.4444947e-07
6.704098e-08
4.3563826e-08
7.514577e-08
1.6505776e-06
1.3138481e-06
1.017514e-06
2.2332406e-06
2.4801759e-07
4.7644403e-07
4.6292973e-07
4.6919274e-07
6.0539134e-07
9.500905e-07
1.0612486e-06
7.9695565e-06
4.6886375e-06
1.5190882e-05
3.100235e-05
2.5530483e-06
1.18271494e-07
6.3155356e-05
4.4507256e-06
0.96308446
9.530016e-05
0.03549743
1.2369502e-05
2.5518444e-05
7.503892e-06
0.00030817365
0.00082058634
6.4730887e-07
4.649817e-08
9.4643906e-07
2.5660463e-06
