4.1558593e-08
2.708802e-07
7.374838e-09
1.3683784e-07
5.7512448e-08
4.6412914e-08
1.0892613e-08
2.3354981e-07
1.1069541e-07
9.2711474e-08
3.2772142e-08
2.5749475e-08
6.553363e-10
4.253886e-09
8.577366e-09
4.681345e-09
3.0022097e-08
3.334055e-08
2.1363856e-08
9.739392e-08
9.44268e-10
2.0956142e-08
2.1118717e-08
1.614227e-07
2.7852818e-07
2.8159568e-09
7.4706974e-10
1.2617295e-07
1.2425193e-07
5.498382e-08
1.6913987e-07
8.172583e-08
6.5984193e-12
7.082409e-08
7.140755e-10
2.0853118e-07
7.1969124e-09
2.1379622e-08
5.579709e-07
3.050531e-08
3.3163296e-08
5.155351e-09
5.755208e-09
2.3034646e-08
9.30171e-09
4.6767482e-08
6.458618e-08
3.730637e-08
2.2909929e-07
3.8522776e-09
1.5353966e-07
1.6614354e-07
1.6982892e-08
5.1910398e-08
2.489352e-07
3.1210777e-07
3.9602508e-08
5.964544e-08
1.1260165e-07
3.4002618e-08
5.813305e-08
2.1133025e-07
1.4432183e-08
4.5471788e-07
1.3808044e-07
3.5192136e-07
4.6216167e-07
4.2845937e-07
1.0255505e-06
7.795583e-07
6.267279e-07
2.9969874e-07
5.9976526e-07
3.5506267e-07
4.5166136e-08
1.8258246e-06
6.8194055e-07
9.752973e-07
5.1237686e-07
6.4387854e-07
2.7890494e-06
5.351641e-07
2.8744616e-05
0.00010101579
0.0013737932
0.9891184
1.465195e-06
9.679472e-06
4.0390364e-06
0.009047851
4.541028e-06
1.40479e-05
2.6959099e-06
1.9084015e-05
0.00020704704
4.490827e-05
1.0186594e-07
1.165489e-06
2.0850582e-06
7.183891e-06
