1.1349163e-08
1.0554947e-08
8.286977e-11
6.6900196e-09
3.5403238e-09
2.3895874e-08
2.4679932e-07
3.0542384e-09
2.445933e-08
6.773667e-08
4.0476223e-07
1.1737437e-08
6.8685485e-10
1.6803205e-07
3.7680267e-10
7.862847e-09
2.2266336e-07
5.3662447e-08
6.382254e-08
4.812801e-08
2.4298796e-08
1.0038e-07
2.3918972e-07
3.9487727e-08
2.2949637e-08
4.401765e-10
4.238314e-09
1.7256053e-08
1.4329939e-08
9.916333e-09
2.4761752e-07
9.253342e-08
4.147851e-08
1.3005527e-07
1.30107e-07
1.3105669e-08
9.51393e-09
1.2465027e-07
9.258238e-09
3.796303e-08
2.0234297e-07
7.1844205e-08
4.9351314e-09
7.6479095e-10
1.3562136e-08
1.22422e-07
4.0005556e-08
2.751206e-07
3.8143844e-07
2.3360096e-07
2.6544575e-10
1.6119213e-07
5.671061e-08
1.9048604e-08
1.3700051e-08
1.5508093e-08
7.326804e-08
2.3027351e-09
5.456584e-07
3.3966035e-07
5.1541335e-08
1.0170791e-07
3.76058e-08
1.4882066e-07
3.1008483e-07
1.830627e-07
8.1350706e-08
1.2418455e-07
7.962183e-07
4.859979e-07
3.567105e-07
4.6112882e-07
5.337171e-07
6.836283e-07
4.2279314e-07
2.123217e-07
4.880037e-07
1.3021235e-06
3.967741e-07
2.3983134e-07
1.0166107e-06
3.7176383e-06
8.48559e-06
1.3265468e-06
1.8676204e-05
4.093725e-06
8.531775e-06
5.2727987e-06
5.291444e-07
1.8337197e-06
7.813421e-05
0.9920509
2.84344e-09
1.7165755e-07
2.2768127e-05
0.007663402
0.000118288386
9.8434e-07
1.3341773e-06
2.3627967e-06
