1.5220314e-07
4.7546783e-10
1.4450423e-07
3.5620818e-07
1.3456819e-09
2.3856087e-08
7.786468e-09
3.860342e-08
2.0310735e-07
5.4265165e-08
1.1539085e-07
1.1523371e-07
1.8640952e-07
6.9670363e-09
2.2171294e-07
1.4080237e-07
2.6144516e-08
7.696969e-08
8.741717e-09
8.928155e-08
6.162412e-10
2.4689427e-07
2.010797e-09
2.5217582e-07
4.2921634e-08
4.4092342e-08
4.0148346e-11
1.599534e-08
4.07725e-08
7.3004736e-10
2.3534395e-07
1.517746e-08
4.0870716e-09
6.1823155e-09
2.4197837e-08
2.4191948e-07
2.9710764e-08
1.7236601e-08
8.538578e-08
9.068303e-08
9.2775554e-10
1.0927295e-07
1.826459e-07
6.918469e-07
2.1906172e-09
5.473323e-08
5.1966353e-08
2.4541252e-10
1.0618669e-07
9.43274e-08
1.2003206e-07
1.8002274e-07
1.6092665e-07
5.8247447e-09
8.8643624e-08
7.0261194e-08
3.540056e-07
1.8645129e-07
7.1155443e-07
2.1902804e-07
2.2273316e-07
3.4845164e-07
3.003744e-07
2.3017828e-08
1.836304e-07
1.4569684e-07
7.436356e-08
2.522985e-07
9.456526e-08
3.173927e-07
5.925653e-07
7.2828766e-07
1.1905051e-06
2.1068902e-06
5.2240057e-07
5.435292e-07
9.76568e-06
4.7314647e-06
1.417963e-05
2.4174184e-07
9.45962e-07
1.7956601e-06
1.8501149e-06
2.8992255e-05
1.3772453e-05
4.4812322e-07
2.5906917e-05
7.2824696e-05
0.000104217856
3.0788233e-06
0.9977294
6.978734e-06
0.0019583933
3.6222283e-07
3.5910818e-07
1.6618827e-07
3.4450188e-06
4.1409894e-06
6.8196937e-07
2.1868311e-07
