5.0111546e-09
3.5261536e-07
1.899993e-08
5.102001e-08
1.5268523e-07
5.8932034e-08
4.5926978e-08
1.0857385e-08
2.5507373e-07
2.985887e-08
4.4678366e-08
4.6465702e-09
5.2404104e-08
1.9020288e-07
4.807918e-07
9.740621e-09
7.484839e-10
1.3405041e-08
7.253237e-08
1.9304353e-07
1.5885847e-08
5.030733e-08
1.2919234e-08
1.2793352e-11
1.06184565e-07
2.1573507e-09
3.376049e-07
5.0186948e-08
4.7541235e-08
3.271967e-08
5.831354e-07
1.746951e-07
1.1925685e-07
1.3429038e-09
2.0287187e-08
1.3016284e-08
1.3658838e-08
1.064506e-07
1.19101244e-07
3.1478297e-08
3.8979184e-08
9.6249934e-08
1.337608e-10
4.0752745e-08
1.9100549e-08
4.2389863e-07
2.5505459e-08
1.4435713e-07
1.4379088e-07
1.3712764e-13
7.260356e-10
1.1266099e-08
1.5909182e-08
4.476652e-09
6.050958e-08
2.9075924e-08
1.2300961e-08
1.687387e-08
2.830539e-08
8.928753e-08
7.0829174e-08
1.7163512e-08
2.3930224e-07
3.1639765e-08
8.483596e-08
9.6925746e-08
2.9360846e-08
2.5527962e-07
5.2742948e-08
7.192119e-08
7.073429e-08
3.4052952e-08
1.5718287e-07
1.842004e-07
3.1616374e-08
1.9956933e-07
4.9425566e-08
6.405794e-07
6.648529e-07
3.9657095e-07
1.6480436e-07
2.0085076e-07
0.9996629
8.252572e-07
5.808916e-07
6.1712626e-07
1.3230193e-06
3.0797614e-06
7.735473e-06
2.6003376e-05
0.00026220916
7.943167e-07
9.37025e-07
8.551169e-07
2.6114906e-06
5.5287182e-06
1.4606887e-05
1.3173411e-06
1.795377e-07
1.2424586e-07
