2.5942282e-07
1.5715763e-08
1.2797612e-07
1.7387609e-07
3.373521e-07
3.414732e-07
4.4113268e-08
1.1459767e-11
6.440442e-08
1.2617431e-07
1.3742729e-07
4.0645332e-08
9.501155e-09
1.6160512e-09
1.6064044e-08
3.6061338e-09
3.027028e-08
7.5680006e-08
4.757319e-09
4.6121738e-09
4.801594e-08
6.599035e-09
1.6731688e-08
1.1941196e-07
3.4699306e-07
1.4908352e-08
8.0038156e-08
1.3666924e-07
4.6811743e-10
2.9680637e-08
9.83862e-11
1.0677401e-08
3.5022623e-07
2.3101339e-07
2.6153335e-08
3.7149764e-08
7.614217e-08
8.905548e-09
1.7410844e-08
8.035913e-09
2.3145835e-08
2.9188625e-08
4.81182e-08
8.8993204e-08
2.9870776e-08
1.6138253e-07
6.692966e-08
2.2085242e-08
1.676869e-08
8.4159645e-08
4.1109978e-09
5.0871193e-08
3.354815e-09
7.833182e-10
1.1333712e-08
2.4487892e-09
5.033396e-09
7.544087e-08
4.4162013e-07
2.3820588e-08
9.365148e-08
8.050256e-09
1.12244905e-07
1.583008e-07
5.0239375e-08
1.0012301e-08
2.87491e-08
1.5604864e-07
3.1972752e-07
1.4422571e-06
2.569648e-07
8.5469736e-07
2.25478e-09
8.075714e-08
1.0686833e-06
1.3533587e-06
1.1952658e-06
3.4059457e-07
2.7966541e-07
2.2412944e-06
2.503053e-07
8.936166e-07
8.5161855e-07
5.0354083e-07
8.082648e-07
7.818344e-07
1.3850758e-06
2.3331147e-06
0.9448074
7.4826994e-07
2.668996e-06
0.05504717
3.469375e-05
4.8083225e-06
2.4433967e-07
3.6520538e-07
3.148098e-05
4.2528422e-06
8.138928e-06
1.098274e-05
