2.2363508e-07
6.80979e-08
4.3929937e-08
9.655765e-08
1.0234103e-08
7.6158635e-08
1.1831946e-07
4.38524e-08
2.3100233e-08
7.3250035e-08
7.9629964e-10
4.711306e-09
6.233658e-09
1.9961923e-09
2.9818352e-08
2.3243243e-07
3.7075086e-08
4.026562e-07
1.4166643e-08
1.4674086e-07
5.6808307e-08
6.6311117e-09
3.3522078e-08
6.6261194e-08
3.4681432e-07
1.2502584e-07
1.5721889e-07
1.14832375e-07
6.9618417e-10
4.578074e-08
7.952994e-08
1.1170508e-07
9.806299e-08
1.9748647e-07
2.3259008e-07
1.260824e-08
4.9160963e-08
8.866655e-08
6.1955335e-10
4.273634e-08
2.6578011e-08
6.4335445e-08
2.637555e-08
1.9140127e-07
8.453541e-09
9.798623e-08
2.3656948e-08
9.724423e-12
1.5828455e-07
6.7553366e-08
3.0620682e-09
4.2681575e-10
4.0612065e-08
4.3209486e-08
7.6332704e-08
1.2217099e-07
3.596212e-09
1.9327063e-08
7.9840925e-09
1.07661706e-10
2.4237218e-08
2.0203656e-07
3.3040328e-07
3.1015222e-09
9.228829e-09
1.8075e-07
1.808319e-07
1.6012244e-07
3.2771473e-07
4.1349242e-08
3.9926132e-07
5.3539094e-07
3.3041356e-08
1.093871e-07
1.1842272e-07
3.324541e-07
2.8202768e-08
0.99990034
2.0352434e-08
1.5873358e-07
1.1139987e-06
9.0799443e-07
7.363803e-08
1.8326166e-07
3.6801012e-07
1.2167475e-06
4.9959002e-05
2.8264576e-06
8.194004e-07
1.878398e-05
1.7540977e-07
1.4682607e-06
1.7677452e-06
1.1430719e-07
5.9317024e-08
5.270708e-07
6.400551e-07
6.057217e-06
4.709929e-06
1.4224784e-07
