5.805855e-08
1.5584334e-08
7.747953e-08
6.779201e-08
1.4656537e-07
2.2561617e-09
2.1936785e-08
3.047935e-08
2.9828329e-09
4.309564e-12
7.819614e-09
4.5073943e-08
3.3630606e-08
1.1200497e-07
4.9567e-08
2.8618691e-08
1.0860476e-07
1.234907e-08
2.2882413e-07
7.744855e-09
1.4504306e-08
4.0240968e-07
5.6899562e-08
2.963897e-07
4.3069697e-08
5.613824e-08
3.4587413e-07
2.3798444e-08
5.3592036e-08
5.0254704e-07
1.2629693e-09
3.5266942e-07
1.4826788e-08
1.4043137e-07
1.878799e-09
7.658717e-15
1.5438149e-08
1.5500233e-07
9.7845145e-08
2.950623e-08
3.0125625e-07
2.1225611e-07
3.0788794e-08
3.2126587e-07
2.4021232e-10
3.9007706e-08
5.798319e-09
5.0853448e-08
1.3731318e-08
6.815004e-08
1.4879487e-07
2.1632326e-07
9.893503e-10
4.3460568e-07
1.087527e-06
5.8974102e-08
5.795967e-07
1.2241865e-07
1.1801274e-07
1.0734972e-08
2.4372666e-08
2.8030942e-07
6.8666735e-09
1.415527e-08
3.5125242e-07
2.2040287e-07
3.7105917e-07
9.082017e-08
2.784289e-07
5.822099e-07
6.2391786e-07
6.729216e-07
1.28082425e-08
4.1732687e-07
4.7575844e-07
7.412956e-07
1.2970419e-06
8.1085756e-07
1.5640402e-06
1.1773591e-06
0.88771534
3.4839652e-06
6.9777398e-06
0.11032981
2.5071795e-05
1.1913678e-05
0.00057345856
6.326994e-06
5.8224454e-05
3.9468148e-07
2.5620238e-06
0.00096894556
8.983373e-06
1.9115774e-05
0.0001085995
2.2543352e-06
5.1389772e-05
3.5796286e-06
0.00013487061
3.1032474e-07
