9.880195e-08
4.8748948e-08
2.443269e-08
4.608268e-09
1.22957315e-08
3.3235072e-09
2.0894818e-08
4.4734346e-08
1.1539292e-08
1.5842881e-10
7.4718043e-10
1.2371564e-07
1.5642564e-07
1.469444e-08
2.6010716e-09
5.215125e-07
1.4208076e-07
2.2075169e-07
3.1360095e-08
1.3296705e-09
3.864707e-08
4.52714e-08
1.03676e-07
4.0788713e-11
2.6798599e-08
4.441896e-07
6.64527e-10
4.2160937e-07
1.6428162e-07
2.5441358e-09
7.451965e-08
5.477049e-08
5.358017e-08
9.763091e-08
2.970273e-07
6.416664e-08
3.7543553e-12
1.8121542e-09
2.5266496e-07
2.9906897e-08
1.6287265e-07
1.2475037e-07
2.2235916e-10
3.9644283e-09
1.2189845e-07
6.801299e-08
2.0860189e-07
4.1085686e-09
8.187761e-08
7.9216115e-08
7.3958454e-08
8.249337e-08
1.7745803e-07
3.7512635e-08
1.7327179e-07
4.0456776e-08
7.549944e-08
3.4193587e-07
2.6506353e-07
3.5391196e-07
1.2502609e-07
1.9753452e-06
4.5427546e-06
1.7550434e-06
2.4706683e-06
5.234075e-07
1.5021311e-06
2.3837983e-05
1.2144629e-05
9.923457e-06
4.8921203e-05
2.159899e-07
4.9606236e-08
3.0070808e-07
2.9050497e-07
0.00018637677
1.9635523e-07
1.6026003e-07
6.222127e-07
2.2912116e-06
4.335068e-07
2.7646033e-06
1.1877261e-06
6.950744e-05
1.5883505e-05
3.0456544e-05
0.99897933
6.558043e-08
3.3026018e-07
4.4629755e-06
8.9045225e-06
9.3486335e-08
9.5361975e-07
1.3897621e-06
6.647286e-06
0.00056154834
4.515571e-06
5.302663e-07
8.535572e-07
5.9580775e-06
