2.1032989e-08
1.3547967e-09
1.0551851e-08
6.8575645e-10
1.5169478e-10
2.576305e-07
1.631577e-09
1.5993523e-08
9.883251e-10
7.649509e-08
7.1735127e-07
2.7067687e-08
5.755004e-08
8.895917e-12
4.116733e-08
8.062605e-08
1.5183105e-08
6.0934155e-07
4.255264e-09
5.132907e-09
2.0022629e-08
1.0919695e-08
7.787059e-10
1.6452683e-09
1.9172136e-07
1.03693694e-07
1.4072401e-07
5.5700717e-08
1.7973638e-09
9.326937e-08
2.3280533e-07
5.8240126e-08
9.858503e-10
3.6209527e-10
9.178703e-08
2.6549806e-11
1.5269298e-11
1.2882023e-07
3.8724565e-07
1.04947065e-10
4.493976e-09
2.4204335e-08
9.269791e-08
3.252473e-07
1.0143195e-09
2.9715616e-07
2.9192305e-08
2.7210756e-09
1.0816535e-08
1.0868705e-07
6.1959965e-10
4.1684464e-07
2.8801335e-08
4.636983e-07
1.0411225e-09
1.3780522e-07
6.6723363e-12
1.0681526e-07
1.8321136e-07
1.0937501e-08
3.7454805e-07
4.5271438e-08
1.0497307e-08
2.6658062e-08
8.406771e-08
5.2493796e-08
2.6922796e-08
2.0463973e-07
1.1769852e-09
3.1661398e-07
3.2388613e-13
6.6377844e-08
1.7876342e-09
4.1065384e-08
1.7569162e-07
2.4855942e-07
4.4547943e-07
2.4916508e-07
2.8617836e-07
2.786018e-07
2.4898986e-07
4.5883155e-07
5.674056e-07
4.1175528e-07
5.272901e-07
9.292857e-07
7.9280414e-07
1.7335511e-06
3.2787573e-06
5.7978223e-06
1.1063501e-05
2.2835373e-05
0.9996712
0.00026354758
2.1270089e-06
4.8480257e-07
5.417081e-07
9.204981e-07
9.1672615e-07
1.5326774e-06
