3.9890318e-09
5.8704e-08
4.3987097e-07
3.883608e-07
3.2455418e-08
1.7457519e-07
9.026365e-10
4.5459696e-08
2.2037314e-08
5.2751943e-08
8.741804e-09
4.6034998e-07
1.6816877e-08
7.242151e-08
2.4643128e-11
2.5569253e-09
9.323318e-08
2.9771671e-08
3.6961005e-08
6.961212e-09
2.8576985e-09
2.8656196e-08
8.474087e-09
3.7582176e-08
8.691677e-08
4.3605056e-08
2.6014773e-08
2.2721789e-08
2.0901554e-08
2.1911135e-09
1.0475573e-08
1.6132965e-09
1.7770643e-07
1.407058e-07
1.3849554e-07
2.7396105e-10
4.4849773e-09
4.5475727e-07
1.8758354e-07
8.127902e-09
4.428094e-08
5.8346593e-08
7.534415e-08
2.7064118e-08
1.4064693e-09
9.471129e-08
1.0718631e-08
2.5501276e-07
1.537461e-07
4.6722088e-11
9.02914e-09
8.585135e-08
1.6660158e-07
1.2374981e-07
5.0216773e-08
4.299225e-08
1.8545809e-07
5.5660642e-08
2.1578609e-07
2.0386594e-08
6.2597366e-07
9.114964e-08
8.539774e-09
1.6537223e-07
4.283519e-08
2.0265009e-07
1.8489266e-07
1.5743291e-07
2.6259127e-07
3.1203228e-07
4.668979e-07
1.3341577e-06
3.5397068e-07
1.9033298e-07
1.0164625e-06
3.4494926e-06
1.9341965e-06
8.2917796e-07
5.4554694e-06
0.00012223385
4.015898e-05
0.9958418
7.153904e-07
7.5124717e-06
1.9055624e-05
0.002348216
8.7861594e-07
1.36959e-06
3.5922255e-06
6.4421106e-06
1.0002649e-05
0.0013698225
1.2741749e-06
0.00014264548
1.5142301e-06
2.0731122e-06
3.9250727e-07
3.992836e-05
2.0375749e-06
1.7493861e-05
