1.3986366e-08
1.0786071e-08
5.5625115e-08
8.180184e-08
1.17395835e-07
1.8574507e-09
1.3054891e-07
1.6271084e-08
5.4090052e-09
9.7296855e-08
8.161265e-08
4.3699875e-09
3.4756535e-08
2.149319e-08
1.6718676e-07
1.1777345e-07
1.1221948e-08
7.588766e-08
1.2479238e-07
3.4373306e-07
5.490716e-09
7.912012e-10
4.2839216e-07
3.0719015e-08
2.6927497e-08
7.718551e-08
3.6291848e-07
6.3527733e-07
2.1970203e-07
1.7683134e-07
1.383004e-07
6.71923e-09
1.4881012e-07
8.859748e-09
1.3341904e-08
4.7625056e-07
7.7129926e-08
1.7145562e-07
1.9603483e-07
1.3374439e-08
2.286071e-08
1.4359862e-10
9.062612e-08
1.750774e-08
6.84906e-08
5.377135e-08
2.3280342e-10
1.229714e-07
3.9261042e-07
2.9791037e-08
1.4227325e-08
1.256528e-07
1.7627268e-07
9.6617924e-08
1.1202621e-07
6.370044e-08
1.4891256e-07
4.131155e-08
5.83759e-08
2.8972605e-07
4.91755e-08
1.214535e-07
2.0517115e-07
4.863241e-07
2.4774897e-07
1.1994497e-07
1.272908e-06
2.0222246e-06
1.0186134e-06
5.154226e-07
2.5148777e-08
2.5599575e-06
1.6296141e-07
6.435535e-06
5.999838e-08
0.9997177
1.3440006e-08
7.458635e-07
4.376577e-07
6.1589714e-07
1.39404765e-05
7.460798e-05
0.00012901601
2.4646636e-07
1.9525021e-05
2.107835e-07
6.8100405e-07
7.0145074e-07
4.8676475e-07
4.1952046e-07
2.427923e-07
3.4303895e-07
3.4004916e-07
3.4483903e-06
7.4813593e-06
1.1889687e-06
2.7381172e-06
6.0606396e-07
3.7177418e-07
1.4942295e-06
