3.0823657e-08
1.5177676e-08
2.4077828e-08
1.8219723e-08
2.6007874e-07
4.0301879e-10
2.7847346e-08
8.8722665e-08
6.9048145e-09
1.5456901e-07
3.9085072e-07
1.3487319e-07
1.5168536e-07
4.442141e-09
7.971212e-09
8.388658e-08
2.5376501e-08
3.3459937e-08
7.395646e-08
4.4940847e-08
5.709003e-09
3.94852e-09
7.764634e-08
3.2318374e-07
1.1708693e-07
6.553952e-08
7.655417e-09
1.4431897e-07
1.3562128e-07
1.7085158e-08
1.1200429e-07
7.020398e-07
5.213233e-08
2.0835866e-11
6.999865e-09
1.2493928e-07
1.0584791e-07
3.3190842e-10
3.0242198e-08
2.1512959e-07
1.6402409e-07
9.992232e-08
2.5023708e-08
5.3159994e-07
5.4465325e-08
1.2067829e-08
4.8003358e-11
2.8902628e-08
8.3656737e-10
2.5072957e-08
7.964229e-08
3.852523e-08
8.1126195e-10
1.811142e-08
2.8189449e-09
1.7960217e-09
1.8450709e-07
1.4729684e-07
2.2952455e-07
2.7801693e-07
3.13404e-08
3.038959e-07
5.583096e-09
2.7594882e-07
1.2643362e-07
6.905571e-07
6.7716707e-07
2.8509663e-07
5.6526794e-08
8.702244e-07
4.2781951e-07
3.5531667e-07
1.3442656e-06
1.7615405e-06
3.474766e-06
3.9521087e-06
0.9876005
6.625037e-05
0.00026051005
0.0057183295
5.998292e-07
2.2483877e-05
1.0065228e-05
1.6185656e-07
2.2668382e-05
7.5091026e-05
0.005929715
6.067037e-07
1.1826459e-06
2.9186801e-06
4.911517e-06
1.1483363e-07
6.8283555e-07
1.7300993e-06
1.0178311e-05
0.00024968488
4.6226555e-06
7.319971e-08
3.9087845e-07
4.2973502e-07
