2.1954811e-07
8.632025e-09
1.7131928e-08
5.0435402e-12
4.8559013e-08
2.7281075e-07
1.325396e-09
1.240993e-08
2.2158027e-09
6.858084e-08
8.205254e-08
1.0758356e-07
4.936843e-08
6.8320546e-08
3.5232514e-08
2.5505957e-09
3.1679932e-07
5.7963706e-10
1.3533705e-07
1.6627444e-08
9.558504e-08
7.791965e-09
1.2145303e-07
3.680512e-08
6.281712e-09
5.3314782e-08
8.432923e-09
8.404592e-08
1.7173711e-08
4.588899e-09
2.2712392e-07
1.4813445e-07
6.605367e-08
4.128816e-08
2.6890318e-10
1.41941e-08
3.3781394e-08
3.7190674e-08
2.0955501e-10
1.2548325e-08
6.139933e-08
6.6046147e-07
7.748293e-08
1.2476487e-07
1.416992e-07
3.2998017e-07
1.0704315e-09
2.9039855e-08
1.3741705e-07
2.747014e-09
1.7701767e-08
4.2027466e-08
1.17147266e-07
1.6774415e-07
1.5121233e-07
1.5603149e-08
9.713288e-08
1.4035162e-07
2.533542e-07
3.6537052e-08
2.3448328e-08
5.7619417e-08
2.6591798e-09
2.7913888e-08
1.07732966e-07
3.4035423e-09
1.03780025e-07
3.121526e-07
9.230325e-08
2.7446752e-08
1.13340164e-07
2.1401474e-09
6.6495346e-07
9.256851e-08
1.3757627e-07
2.6344844e-07
9.669851e-08
6.132703e-07
2.2691192e-07
4.3424336e-07
2.5717102e-07
3.0928442e-07
5.9903005e-07
9.2991905e-07
1.127648e-06
7.746264e-07
1.2237612e-06
1.4453882e-07
2.0551279e-06
0.9994754
2.2615188e-06
4.6379514e-06
1.1878739e-05
0.00046732026
3.5808642e-07
3.1814748e-06
5.0426465e-06
3.0492208e-07
1.3925384e-05
6.813995e-07
