2.6340869e-08
1.8495531e-07
8.089159e-07
1.1309098e-07
2.3092401e-09
1.4827434e-07
8.96782e-08
7.2657813e-09
2.296887e-09
4.42329e-11
3.1891e-08
5.18458e-08
4.0354783e-07
1.1128662e-07
2.72734e-07
2.4074158e-09
1.5965062e-08
5.1652048e-08
1.3765862e-07
1.2453214e-08
5.0811746e-08
3.0933275e-08
8.824142e-09
3.1987653e-08
2.1777247e-07
1.5700705e-08
3.0372572e-08
5.7890073e-08
1.3080252e-07
2.6259244e-08
1.2928591e-07
7.003593e-08
5.8997166e-08
2.1956393e-11
8.0356727e-10
5.0195257e-09
5.7881294e-08
3.6807237e-09
9.523961e-08
2.4995881e-08
1.693394e-08
5.827477e-09
6.4430374e-08
1.163872e-07
3.2762028e-07
1.8401823e-07
7.4628915e-08
2.6046283e-08
3.5251733e-07
5.9817706e-09
2.1688233e-08
3.1951637e-07
3.5542293e-08
1.5433368e-07
2.7615667e-07
2.3838888e-07
1.4343008e-09
2.5667495e-07
4.213582e-08
2.9752226e-07
1.130014e-08
7.296647e-08
7.23265e-08
2.7016335e-07
2.4853557e-07
9.759518e-07
9.1373046e-08
1.0147892e-08
9.910491e-08
1.5359582e-07
1.65291e-07
5.2512024e-07
4.1377618e-07
3.14985e-07
1.3830384e-06
1.3329709e-06
4.8671684e-08
2.318726e-06
3.3277176e-06
1.2305172e-06
3.7351663e-07
1.2813507e-06
2.265865e-06
3.1999841e-06
2.7166872e-05
5.913373e-07
7.585926e-05
5.3764065e-06
5.8136062e-05
2.3687957e-05
0.00017543271
0.00012927252
0.0005925622
1.2920894e-05
8.910445e-06
0.0015631471
0.050063234
0.94720423
2.3565138e-07
7.2998155e-06
