1.08191294e-07
6.375127e-07
2.9301842e-07
2.0075974e-07
4.4188933e-09
3.3475285e-09
8.501469e-09
1.1154965e-07
2.5778546e-09
1.874353e-07
1.6575571e-08
1.7786532e-07
1.4028271e-07
2.3085724e-10
7.886851e-08
9.502695e-09
2.2193307e-08
3.686977e-10
2.2942892e-08
1.0157526e-07
3.964168e-08
9.66704e-09
1.962861e-09
5.974015e-08
3.3405908e-07
1.08583195e-11
3.555656e-08
1.0473677e-07
1.1625791e-10
5.684577e-08
2.147203e-09
3.788047e-08
3.1282067e-08
2.2535457e-07
3.6650917e-07
1.452278e-08
6.582323e-09
3.4500935e-09
1.5576342e-08
2.544444e-07
1.4259123e-07
2.2604956e-07
1.18363076e-07
9.864234e-08
1.1260148e-07
1.12328744e-10
2.669734e-07
2.9282907e-08
4.8103557e-09
2.0632112e-07
1.4576296e-08
7.920835e-08
1.252609e-08
1.3733637e-07
2.5246107e-08
1.07807665e-08
3.5604012e-07
1.3968044e-07
1.6135326e-07
2.6756416e-07
4.5983214e-07
3.1865103e-08
1.6163675e-07
1.1133518e-08
2.53869e-07
9.878056e-09
1.3605671e-07
1.6148854e-07
3.812922e-07
4.075634e-10
1.7833111e-08
1.1265414e-07
2.53141e-07
2.4156043e-07
3.933798e-09
0.99987626
8.8106944e-08
2.2676888e-05
6.66793e-05
8.643278e-06
2.4917417e-06
7.439254e-08
7.9319534e-08
8.1574456e-08
4.7938432e-08
4.5888996e-08
1.1131254e-07
3.4903053e-08
7.486925e-07
7.3298884e-07
3.193016e-06
5.466889e-06
3.2143376e-08
2.2702645e-07
1.6364306e-06
1.1241355e-07
3.3123303e-07
4.5847966e-07
4.557077e-07
7.5973935e-07
