5.821917e-07
9.791061e-09
9.068911e-08
2.8717628e-09
6.6252936e-10
1.9355882e-08
1.9033189e-07
1.11131406e-07
2.66268e-08
2.9833924e-08
4.7929618e-08
5.630989e-10
3.8579762e-07
9.352398e-08
2.9823533e-09
1.2906519e-07
1.3175015e-08
3.7596375e-09
1.2662907e-08
5.153202e-08
5.5660603e-08
1.0507594e-08
6.3568023e-10
1.6939618e-08
9.78938e-08
1.793205e-08
1.4047274e-07
7.848122e-08
2.1188489e-09
2.0086636e-08
6.486426e-08
1.9672845e-07
1.763095e-07
7.520736e-09
2.0577101e-08
6.272186e-08
1.166111e-08
3.4401413e-08
2.36384e-07
1.0049437e-07
3.3301185e-07
1.15738914e-07
1.8931729e-08
5.0142064e-09
7.633374e-09
3.9304325e-08
9.026624e-08
1.0801411e-08
3.588664e-08
1.1217356e-07
9.176456e-08
9.766087e-09
2.974588e-08
5.1643838e-08
2.5825084e-12
1.3651818e-07
3.9862473e-09
8.730395e-11
6.268775e-08
1.4882797e-07
8.185161e-08
1.0266763e-08
3.1528293e-07
1.3709817e-08
1.404129e-07
1.1130288e-08
3.4954638e-07
1.0911937e-06
2.0555558e-06
4.131784e-06
1.0326253e-05
0.9998448
5.1665982e-05
5.7479007e-05
5.671436e-07
5.7806994e-07
8.813862e-06
3.253517e-07
2.5510613e-07
2.2438772e-07
7.644579e-08
6.866223e-07
5.2488724e-07
2.40615e-08
2.5753195e-06
1.8205996e-07
3.2912606e-08
5.832818e-07
1.9155544e-07
3.0383922e-07
2.0590545e-07
2.1756725e-06
7.049314e-07
3.8020823e-07
1.4969904e-08
1.4659698e-06
8.5124947e-07
3.1777256e-07
4.897384e-08
2.639835e-07
