2.0294773e-07
2.2732811e-08
2.2942565e-08
1.06807434e-07
2.583495e-07
4.9857334e-08
8.334077e-08
4.4091886e-09
2.9306324e-09
1.4351937e-08
2.2416702e-09
2.674397e-07
3.1893098e-08
5.5388583e-08
1.1359262e-07
2.1599214e-10
6.7554917e-10
6.926915e-08
8.994704e-08
1.8248961e-12
1.9643375e-07
1.798679e-07
1.3639603e-09
3.867267e-08
6.3817154e-08
2.9170742e-08
2.3905507e-08
4.1139753e-08
3.3815635e-08
3.0861062e-07
1.5194274e-07
6.322402e-07
2.8207383e-09
2.2991532e-08
9.375536e-10
1.0399247e-09
1.3342286e-07
1.0505624e-07
1.600256e-08
3.6279953e-08
1.8227513e-07
7.0460837e-09
8.6093216e-10
9.2151224e-11
1.0848981e-09
1.7315888e-07
1.893267e-07
8.454562e-08
1.2744689e-08
1.9003e-07
4.0465803e-08
8.4732727e-07
3.611054e-08
1.3187287e-07
1.2873279e-08
1.2987141e-07
8.19605e-09
8.303055e-07
2.3080938e-07
1.2446212e-08
1.3877191e-07
2.7847926e-07
2.0759958e-07
3.4896638e-07
1.8994777e-08
2.1899187e-07
5.822062e-07
4.4096e-07
5.1756075e-07
1.3054985e-06
1.7791883e-06
4.2671468e-07
8.3526317e-07
2.4898827e-06
7.557732e-07
5.040645e-07
3.07349e-07
2.972033e-06
1.5298159e-06
1.8871431e-06
7.8596795e-06
1.627682e-05
4.9551512e-05
8.6726254e-07
5.49975e-07
2.0831667e-06
1.4978094e-05
3.3733253e-05
0.00023916394
0.9921536
2.644386e-07
1.5151835e-06
3.969156e-06
6.8902546e-06
0.00012241602
0.0073059294
2.9614032e-06
7.9357085e-07
3.8154994e-06
8.8516094e-07
