1.0125206e-07
5.3719383e-08
5.653418e-08
7.715668e-09
1.3309523e-07
1.131065e-07
3.9094267e-08
2.3591681e-07
1.1445159e-08
4.112761e-08
9.646638e-10
3.7578283e-09
1.4638664e-07
3.0646983e-09
2.5032224e-07
8.325721e-08
2.0160364e-10
1.4182356e-08
1.2998379e-09
1.341298e-07
6.257858e-08
3.7224375e-08
7.559022e-10
1.6501211e-07
9.791976e-11
4.2559365e-09
1.2200043e-08
9.472368e-10
1.7443172e-08
4.201258e-07
2.8556826e-08
2.3647357e-07
1.3932562e-07
2.8269696e-08
3.069179e-08
2.8823115e-08
2.846791e-08
1.1938559e-07
7.12657e-08
1.2525913e-08
5.0089703e-08
6.627698e-09
6.9073764e-08
9.362846e-09
8.0323645e-08
9.764986e-08
4.263191e-07
3.3149181e-09
8.843246e-09
2.5909541e-08
1.4507968e-07
1.6917457e-07
3.8011586e-07
1.3617762e-07
4.903601e-08
1.5560639e-08
4.6413934e-08
1.4116222e-08
9.519548e-08
8.694341e-08
2.3702552e-07
3.066211e-07
8.823104e-08
2.8264473e-09
1.994534e-07
9.039752e-09
5.2513442e-08
1.619679e-07
2.0792709e-07
1.08099584e-07
5.383573e-07
4.7468043e-07
1.0064243e-07
2.4433265e-07
5.6930848e-08
3.7014635e-07
1.495174e-06
8.417654e-07
2.2432166e-06
2.5140636e-07
1.7909913e-06
2.1658927e-06
1.4109727e-06
1.0144952e-05
1.664135e-05
1.6572396e-05
5.6836576e-05
0.9980169
0.0008489471
8.7886946e-07
5.145422e-06
3.6849842e-06
6.333717e-05
3.3979393e-06
3.6868191e-06
6.026897e-06
0.00092530134
6.889356e-07
4.4166228e-07
8.827269e-08
