2.0975413e-08
2.0722526e-10
3.0681726e-09
1.2488573e-07
2.0822662e-07
2.147578e-08
9.101498e-10
2.8866884e-07
8.649005e-08
1.0333381e-07
2.7134033e-12
1.0630672e-08
1.1693001e-08
2.3468974e-08
7.925186e-08
1.1211808e-07
2.626177e-07
1.9864841e-07
4.349132e-08
3.4537142e-09
1.589247e-08
5.151399e-09
4.637104e-08
1.905087e-07
1.0098946e-07
2.1652205e-08
1.4433431e-07
1.9245471e-08
8.330458e-09
1.6800184e-08
8.242369e-08
4.4731115e-07
7.133204e-09
2.7782196e-08
1.6464205e-07
2.822344e-07
8.6156206e-08
4.2394102e-08
1.6651422e-08
1.9251803e-07
5.4262298e-08
2.0940114e-08
2.0538177e-07
3.1214326e-10
1.4392345e-08
1.2397861e-07
1.4532876e-09
5.146647e-09
4.475402e-09
1.289999e-07
9.06885e-10
8.303568e-08
2.413536e-08
2.5165962e-08
1.1434572e-08
2.2513525e-07
7.320067e-08
1.1790237e-07
1.939455e-08
2.884144e-07
1.23677335e-08
3.5464146e-07
9.906491e-08
2.022942e-09
1.9543783e-07
2.3927745e-07
1.7506009e-09
1.38366625e-08
3.1269778e-09
2.8844303e-07
4.36564e-07
5.3738787e-09
1.5582158e-10
1.4916867e-07
2.0801107e-10
2.1859286e-07
2.706682e-08
2.2747807e-08
5.9041804e-07
1.6442256e-07
8.1447087e-07
7.0250906e-07
3.6311103e-08
4.0277308e-07
1.4907546e-06
8.1311504e-07
8.084223e-07
1.5812562e-06
0.99974704
1.9022868e-07
6.6335986e-07
1.8030464e-06
8.193788e-06
7.537583e-07
3.8035643e-07
7.17208e-07
2.856463e-07
2.8074983e-06
2.0898355e-05
0.00020129715
