4.2269252e-07
9.572002e-08
4.8379967e-09
9.773255e-07
1.4377112e-08
3.4281207e-08
1.2054726e-07
1.8673994e-07
1.7024222e-07
1.2202246e-07
1.0180677e-07
8.736747e-10
3.191126e-07
8.114154e-09
1.1647674e-08
1.0238187e-08
2.7967155e-07
1.896686e-11
1.4665913e-09
1.9482023e-07
2.9792797e-09
5.0407306e-07
1.1222149e-09
3.9049006e-08
2.5507816e-08
1.8709666e-07
4.095866e-08
5.639184e-08
2.2173714e-07
2.673853e-08
5.531583e-09
2.453584e-08
8.1777097e-07
4.048769e-07
1.2349949e-07
9.048239e-11
4.0280245e-08
6.594473e-08
4.0943133e-09
3.6063952e-08
3.8227682e-08
2.3086285e-07
3.7393086e-08
4.4932122e-10
1.5931394e-07
2.1064385e-07
3.3051982e-08
8.1754735e-08
2.6607907e-08
2.6000257e-07
1.4510839e-07
4.1557456e-07
1.2488258e-07
3.1235763e-07
6.567334e-08
1.2314706e-07
2.5482123e-07
2.7235168e-07
3.1731514e-07
1.888155e-07
9.449407e-08
7.86121e-09
2.9752957e-07
1.0958308e-06
9.692405e-07
1.1178407e-06
3.542604e-07
1.14972465e-07
3.562277e-07
1.8576338e-06
3.3573212e-07
4.142084e-07
5.3565117e-07
1.6645164e-06
3.844386e-05
2.151789e-05
4.559615e-06
8.844946e-07
6.586423e-05
7.811049e-05
0.00021232959
1.4563654e-05
3.4963023e-06
5.6719387e-06
3.265149e-06
4.7733784e-07
0.98894024
4.1799816e-05
8.65412e-06
0.00781875
2.8245827e-06
0.00015356024
1.5370547e-06
2.4034285e-05
1.5097895e-05
0.0025179698
1.0604049e-06
2.0151822e-06
8.267804e-06
4.795017e-08
