6.6655708e-09
2.6721043e-08
1.80768e-08
1.3065574e-07
3.0206155e-07
7.450387e-09
1.0630098e-07
4.3904993e-08
1.9901917e-08
1.9585695e-09
1.4003285e-07
3.056137e-08
2.9046582e-08
6.027437e-08
3.767864e-08
5.5702003e-09
1.8597161e-07
2.843669e-09
7.0995505e-08
1.319117e-08
1.7444906e-08
5.7740074e-08
9.5933075e-08
1.7670511e-09
4.7374378e-08
1.2714462e-07
1.922866e-09
3.4682712e-09
7.596771e-10
4.0191836e-08
7.2510005e-08
4.734627e-07
2.0642695e-08
4.5914766e-07
1.128371e-09
1.7548956e-08
1.3872034e-07
1.4420019e-07
1.3244579e-07
1.1620886e-09
1.4364147e-07
2.3367858e-07
2.1809317e-08
5.8365996e-09
1.8884112e-10
6.365774e-09
7.301565e-09
1.3519576e-07
3.0596798e-09
2.04491e-07
2.658237e-10
9.835973e-09
9.747147e-08
3.73655e-07
5.604892e-09
1.6096743e-08
2.276186e-08
2.272052e-07
2.1636886e-08
3.061853e-08
2.266712e-08
2.0133118e-07
1.577482e-07
2.139199e-07
1.9491766e-07
7.940103e-08
1.2455307e-08
2.264859e-07
7.376177e-08
2.5266638e-07
5.2709873e-07
1.0431839e-07
4.687691e-08
1.8381532e-07
1.2740771e-06
3.3061733e-07
1.8124275e-07
4.791808e-08
1.7592323e-07
9.892979e-08
7.5261084e-07
2.187562e-07
2.2097034e-07
4.0574707e-07
3.9929405e-06
2.303207e-06
0.9992598
4.7772273e-06
0.00017774371
3.2971035e-05
2.3555929e-06
4.3530836e-06
6.299989e-06
0.00042683329
4.394939e-05
1.0650592e-06
9.847954e-06
1.0792454e-07
7.4179354e-07
1.2637965e-05
