3.8610995e-08
3.863498e-08
2.106643e-08
2.637571e-07
1.7145476e-09
2.1247202e-09
2.2821573e-07
9.787878e-10
5.123581e-07
7.396454e-09
5.8008766e-08
1.8120323e-07
8.122649e-08
6.832286e-10
3.3504925e-08
1.0092606e-08
5.715316e-09
1.6504971e-07
7.723548e-09
5.7601905e-08
5.619058e-11
6.1513174e-07
9.74459e-08
3.6113121e-09
7.609633e-08
1.8794973e-08
1.4824998e-07
1.3701159e-09
3.242021e-08
4.86098e-09
6.409809e-08
1.6515774e-08
2.4232017e-08
4.3096182e-07
1.0425522e-13
1.3224526e-09
4.2484377e-10
4.572039e-09
2.881736e-08
4.2444104e-10
1.4936364e-07
6.156913e-08
1.5640353e-08
2.0694537e-09
2.3417094e-07
1.00631254e-07
3.9049017e-09
8.563245e-09
1.3543205e-08
4.4775643e-08
6.632671e-08
4.776695e-07
5.5968513e-08
6.7350914e-10
2.8041484e-11
2.5936302e-08
3.937071e-08
1.9189887e-08
6.364445e-08
1.4143089e-08
4.779431e-10
5.7814695e-09
4.3068827e-08
6.009856e-09
8.020946e-08
7.4539685e-08
3.4982764e-07
1.9162408e-07
1.01463854e-07
1.5488867e-08
1.7599387e-08
8.081306e-08
4.7915023e-08
1.8211685e-07
3.146812e-07
3.844182e-07
8.963588e-07
3.4623714e-08
2.3858038e-07
5.219206e-07
5.564267e-07
1.2083704e-08
2.0723213e-07
2.5810147e-07
6.6871735e-07
8.111333e-07
6.4394897e-07
3.967869e-08
2.1436252e-08
6.725984e-07
1.5191121e-06
1.0728314e-06
2.6100884e-06
0.9998536
1.3257346e-06
1.3426978e-06
8.658996e-06
1.8959e-05
4.9277905e-06
9.369203e-05
