8.0279854e-08
1.2676891e-07
2.2280693e-08
1.422231e-07
5.7249505e-10
5.660759e-08
1.6944536e-07
4.470446e-08
5.5895155e-09
2.0512879e-08
1.615519e-08
3.6712386e-08
1.902021e-07
8.2336875e-09
1.0490521e-07
4.81123e-07
2.132426e-07
2.1757582e-07
3.571348e-08
3.571488e-07
5.091156e-08
1.9064224e-07
1.0872026e-08
1.4510649e-09
2.1771424e-08
3.2564853e-09
2.0420055e-07
5.830527e-08
1.6139734e-09
1.8611651e-10
2.8155451e-08
3.4336242e-08
4.8536453e-08
4.6512486e-08
3.4527855e-07
1.6906495e-07
2.2733818e-07
3.4347558e-08
2.672194e-07
2.4099075e-08
1.514508e-07
2.8972732e-08
1.4923087e-08
9.881984e-08
8.931124e-09
4.0937536e-08
4.435492e-09
7.633119e-08
1.6204165e-08
1.6183303e-07
9.402771e-08
9.472116e-08
6.27052e-08
2.2664938e-08
5.073615e-07
3.6502593e-07
3.3676147e-07
1.7820274e-07
3.2261383e-08
1.2492926e-07
0.99567455
9.321621e-08
7.718897e-08
4.25788e-05
0.00013688691
0.0023978036
4.2200936e-06
7.1793424e-06
0.0015025795
1.7538473e-07
2.4282988e-06
1.235707e-07
1.8939274e-06
2.022462e-08
8.068835e-06
1.4576592e-07
1.6367065e-05
3.4020172e-06
9.4011364e-07
4.2722465e-07
1.6296003e-07
5.991044e-07
5.810689e-07
6.6836956e-06
4.4893812e-07
1.088638e-06
1.667519e-06
7.6387886e-07
1.785985e-07
0.000119633994
2.8012843e-07
1.6097057e-06
4.4016453e-08
3.661434e-07
2.0357427e-06
1.6518672e-05
9.3060436e-08
7.6266565e-07
4.0830248e-05
5.830211e-07
