6.6785674e-08
1.3038048e-08
9.452003e-09
3.349187e-08
5.702952e-09
1.8977893e-07
1.6647991e-07
7.5312606e-08
3.176871e-10
1.0124141e-08
1.0450457e-07
3.0651175e-09
4.5766264e-08
2.1529202e-07
2.9242798e-07
3.760344e-07
1.8557142e-08
1.0602254e-08
9.92417e-09
4.495136e-08
4.7087765e-09
1.8295879e-07
8.509235e-09
1.1540946e-08
2.0435758e-07
3.5274976e-09
5.415116e-11
9.0849205e-08
2.9265582e-08
1.6031598e-07
1.5064194e-07
5.3623946e-12
8.7045215e-08
1.4053388e-07
1.180467e-07
1.0709056e-08
1.2952845e-08
1.8103644e-07
2.5633017e-07
1.3088591e-07
6.904025e-08
5.3518323e-10
8.278481e-08
2.3440403e-07
1.5399436e-07
3.029677e-08
1.9362831e-07
1.5771159e-08
5.0721527e-10
2.8894945e-07
6.4524114e-10
1.6037676e-08
1.7358575e-07
3.927682e-08
1.227382e-08
1.2545168e-07
8.655258e-10
1.7207265e-08
1.4241199e-07
5.0390727e-09
2.795298e-08
3.041625e-08
6.5972925e-09
1.2438466e-07
1.15111234e-07
6.7492074e-08
3.6859743e-07
1.089468e-07
2.9117908e-07
1.4120761e-07
1.5562139e-09
1.14435146e-07
2.871681e-07
5.6305137e-08
2.443384e-07
2.6566838e-07
3.3750968e-07
6.257293e-07
8.1247117e-07
3.1067697e-07
1.1529778e-06
7.5054146e-08
7.783916e-07
2.8824668e-06
9.645187e-07
8.302236e-07
6.500945e-07
6.076897e-06
1.6345795e-05
0.00033646333
0.99951714
6.443095e-07
9.5042554e-07
8.725102e-07
2.3088975e-05
9.4159594e-07
6.9456466e-05
7.5636462e-06
3.428452e-06
1.4256296e-06
