2.0703232e-09
1.1303699e-09
5.095625e-07
1.2896897e-08
3.3303357e-07
3.5980707e-07
1.6639027e-07
1.3139248e-08
1.06402005e-07
2.0410786e-08
4.3918857e-10
1.3942203e-11
3.263048e-08
2.2075062e-08
3.661684e-08
5.309782e-09
2.0802641e-08
4.5653763e-08
7.338687e-08
1.0165124e-09
2.1833304e-07
4.0828714e-09
6.739551e-07
1.2373941e-08
1.4067132e-09
9.0205134e-08
1.0234591e-07
1.44958845e-08
5.4470484e-10
3.1972133e-10
1.06050656e-07
2.550154e-08
6.32715e-08
1.678256e-07
6.2986896e-07
4.8422773e-08
9.6811995e-08
8.467873e-08
2.4086775e-08
3.6588986e-07
5.0244817e-09
4.0127766e-08
2.2777034e-07
6.96084e-07
1.7634163e-09
1.0855882e-07
4.7203046e-09
7.970742e-08
3.5187885e-08
3.98029e-09
1.4918546e-08
5.3753677e-08
1.245627e-07
5.875749e-09
1.614414e-08
1.1030728e-07
1.4781074e-07
2.459074e-07
1.3309628e-10
1.0028775e-08
2.9059558e-07
2.9126381e-08
3.94201e-08
4.987523e-07
1.4206772e-09
4.7053895e-08
1.0949923e-08
3.584997e-07
3.4519494e-09
2.4757778e-09
6.283127e-08
3.590385e-07
2.182601e-07
7.839298e-08
2.9376386e-07
5.793548e-08
2.8830914e-06
1.6122451e-06
9.918905e-08
4.3281358e-07
6.095295e-07
4.6267933e-06
2.5823758e-05
0.9915079
0.008420448
3.8178204e-08
1.5691386e-07
2.4982739e-05
2.3095957e-07
2.19469e-07
6.0752855e-06
2.9296052e-06
1.9121605e-06
5.5688486e-07
2.783224e-07
5.2206485e-07
4.9396967e-08
9.895041e-07
6.774877e-07
1.0307198e-06
