5.944484e-10
5.3581317e-08
9.07054e-08
7.089047e-10
4.4289118e-11
3.7974928e-08
3.7203655e-08
1.7799248e-08
3.9334276e-07
3.1100402e-08
4.609691e-09
1.644158e-08
5.371541e-08
5.610089e-10
6.2875233e-10
3.0861347e-08
4.177146e-08
4.2290478e-07
1.1312854e-07
4.966071e-09
6.102733e-08
3.0432307e-08
4.4663658e-08
8.271137e-09
1.545646e-08
1.419967e-07
4.001468e-08
1.981672e-10
2.6599224e-08
3.1394325e-08
1.3436231e-07
1.2741699e-09
1.2812413e-07
5.245579e-10
2.684752e-07
4.0198167e-08
7.9514805e-08
1.6322854e-08
3.9438476e-08
3.879342e-07
2.1932095e-08
3.7616893e-08
3.698483e-08
8.54272e-08
6.993807e-08
5.880166e-08
2.8691514e-07
9.2390586e-08
1.0346614e-07
2.1868526e-07
6.987756e-08
1.435542e-07
3.7569123e-07
6.1609555e-08
1.14991884e-07
6.465974e-07
2.8893837e-07
3.2856778e-07
1.5261872e-07
5.1086164e-07
6.6131423e-07
6.923589e-07
6.5440713e-07
7.506379e-07
1.7230285e-07
9.862323e-07
1.1875212e-06
1.1500885e-06
3.1463962e-06
4.4812723e-06
5.2005817e-06
1.6024102e-06
3.6501777e-07
8.322558e-06
0.0012210002
0.7661417
0.23112446
1.9802023e-06
2.188867e-05
1.3514137e-05
0.00018603844
3.1337077e-06
3.0303927e-06
4.0288247e-05
2.0295545e-05
1.2218619e-05
7.546421e-07
8.787514e-06
0.0008121748
8.004843e-05
5.2291653e-06
7.3335665e-05
4.5951347e-06
0.00015503324
2.3186358e-07
8.526169e-07
1.7834428e-07
4.3435826e-05
2.6008188e-06
5.138162e-08
