4.271462e-08
5.4493974e-09
6.887303e-08
3.393623e-11
2.7313076e-08
2.2344632e-07
1.5497547e-07
1.5840189e-07
7.123289e-08
1.4120167e-07
1.6148405e-07
1.298351e-08
5.2171956e-09
1.0044777e-08
4.5812888e-07
9.990587e-08
8.704163e-08
2.4616579e-08
5.709551e-10
5.3536553e-08
3.3330299e-09
8.711366e-09
3.9456115e-08
2.007035e-08
2.0352354e-08
2.4324745e-08
1.4816494e-09
1.21432e-08
9.236746e-08
3.1808156e-09
3.3066946e-10
1.457919e-09
9.495959e-08
3.2666147e-08
1.6524037e-08
1.9357242e-07
1.6814847e-07
1.9912223e-07
1.127109e-08
2.2052706e-07
3.799671e-10
1.422627e-07
2.4766852e-08
5.215658e-08
7.5970746e-08
1.622665e-08
2.3763517e-08
1.0464119e-07
2.0577336e-07
1.03819204e-07
7.116874e-08
6.951929e-08
2.284765e-07
4.913383e-08
1.7120323e-09
1.6469375e-08
3.4142536e-07
1.6803613e-09
4.9379892e-08
2.016135e-09
1.2868056e-09
1.8804832e-07
8.6935306e-11
2.1476126e-08
1.24879485e-08
4.28031e-08
1.7405813e-07
9.6384774e-08
7.384666e-08
6.583553e-08
4.3340518e-07
1.3518166e-08
2.0550432e-08
8.942365e-08
4.5284048e-07
1.3079048e-07
4.966757e-08
9.040216e-08
3.399548e-07
3.06907e-07
1.6876889e-07
3.402341e-07
7.5458524e-07
2.4979883e-07
3.3732823e-07
5.6031e-07
1.4695675e-06
9.844297e-07
1.3296041e-06
4.566729e-06
0.9965815
1.542672e-06
2.8260088e-06
3.9862853e-06
1.7042363e-05
1.1481493e-05
0.0033616489
3.7101384e-07
2.0700536e-07
5.784084e-07
