5.932651e-08
4.555716e-08
1.2412714e-09
1.2410092e-07
1.6730124e-07
1.727536e-08
1.5377667e-08
3.3400318e-07
1.4751106e-09
3.836134e-09
1.2107573e-08
1.2141207e-07
2.2087384e-07
8.843929e-08
2.4827e-07
1.7657852e-08
4.81264e-08
6.4146366e-12
2.5664907e-08
3.9743537e-09
3.4974892e-08
2.299928e-07
7.893213e-10
7.1753896e-12
4.064498e-08
4.5513553e-09
1.6315728e-07
7.111106e-09
4.2760024e-07
3.30599e-09
1.5995989e-09
2.1428306e-07
1.13351604e-07
3.0160786e-07
2.2440969e-07
5.5409134e-07
3.6986943e-08
1.7030631e-08
2.6844007e-09
1.7973842e-12
1.0274451e-08
1.2097448e-07
2.5363383e-07
2.9778323e-07
5.2809654e-08
1.828284e-11
3.8487344e-10
1.2066997e-08
1.1099872e-08
3.3742202e-07
9.2572144e-08
6.2388605e-09
4.9599254e-08
1.4932994e-07
3.532174e-08
2.4897506e-09
1.9036161e-08
8.855885e-08
9.800156e-08
1.3549196e-07
4.9585033e-08
1.3108702e-07
1.4088221e-07
4.2218173e-07
1.6940353e-08
2.7750891e-08
2.6120736e-07
4.3783706e-07
1.7375555e-07
8.9910536e-08
4.82949e-07
1.6168227e-07
3.931695e-08
2.5824662e-07
8.634738e-08
1.0956826e-08
3.9699597e-07
5.639305e-07
3.0868202e-07
4.5379522e-07
1.5228749e-06
0.99962753
1.15219564e-07
0.0003155358
1.7700357e-07
3.877639e-07
7.3284343e-07
2.3170292e-06
1.4215218e-05
1.4672283e-07
5.205421e-06
1.2558713e-05
7.7598855e-07
1.8149565e-07
4.7245067e-06
1.057022e-06
2.088722e-06
5.931495e-07
2.8367996e-08
2.4118722e-07
