2.6334098e-07
3.121236e-09
2.6530472e-07
2.4348884e-07
1.7147924e-08
2.8822296e-08
7.046444e-08
1.2738148e-07
2.045327e-07
2.9625904e-08
6.668498e-08
4.107553e-09
1.0646063e-09
6.0256387e-09
2.4082755e-08
1.05886785e-10
2.540539e-07
8.7112e-10
1.910116e-08
6.839281e-08
1.0083477e-07
9.594227e-08
4.4610182e-08
6.304361e-07
1.3837848e-07
1.9747668e-07
1.1926695e-08
9.6440786e-08
2.0943308e-08
1.0154749e-07
1.1805156e-07
1.1846256e-07
1.3477673e-07
1.2315879e-08
5.075062e-10
6.7471078e-09
7.338209e-09
1.06652344e-07
5.294176e-08
1.8781165e-08
3.1449622e-07
3.493137e-07
5.4923078e-08
7.4441e-08
5.9120975e-08
1.2238904e-07
7.273411e-08
1.5587112e-07
4.2175458e-08
1.8353397e-07
1.9072372e-07
2.1660935e-07
6.590511e-08
1.542572e-07
3.4316537e-07
2.4342592e-08
3.1139894e-07
2.9766127e-07
2.5095304e-07
3.1125995e-07
6.295613e-09
2.1088648e-07
4.8441115e-07
4.8108546e-07
3.349976e-08
1.2151254e-06
6.306128e-07
3.2702113e-07
3.3364802e-07
7.386452e-07
1.0376557e-06
1.9063738e-07
2.520605e-07
2.0966942e-07
6.4874946e-08
9.921023e-07
3.261215e-07
1.2154097e-05
5.1731085e-06
2.3121022e-05
8.085048e-05
2.451422e-05
0.0005889778
5.638032e-07
8.437258e-07
1.1502985e-06
3.3766014e-06
7.5767646e-05
0.37733346
0.62147325
1.2140082e-06
9.5371215e-06
3.2073558e-06
2.8873427e-07
5.957924e-07
1.2378673e-06
2.179886e-06
4.152633e-06
0.0005146664
1.4396457e-07
