1.32312e-07
2.4072006e-07
6.621513e-08
5.8509467e-08
6.9696564e-09
5.6608224e-07
2.9735732e-08
7.457392e-09
1.6546773e-11
1.2652267e-08
1.8097576e-07
1.8584233e-08
2.7720187e-08
8.9844615e-10
6.232346e-09
2.8036572e-08
4.8088094e-09
1.9578819e-08
3.7286493e-10
5.4839764e-09
7.598903e-09
2.6916632e-08
1.6172091e-08
7.4183517e-09
1.208557e-07
1.1949655e-08
9.537271e-08
3.2143433e-08
2.2032937e-10
5.337179e-08
2.462811e-08
2.4403792e-07
4.9187488e-08
3.977699e-07
6.3512715e-08
1.2268591e-09
2.9488026e-08
1.8200297e-09
1.9635425e-07
6.215628e-08
2.0470712e-07
3.319007e-09
1.4376971e-07
8.374528e-08
4.7341718e-08
2.2038318e-08
7.022422e-08
1.4801634e-07
5.3457317e-08
1.8847086e-08
3.041669e-08
2.5674265e-07
6.5719967e-09
1.71739e-07
3.9108045e-07
4.388322e-08
5.640475e-08
1.9408839e-07
3.235828e-07
8.7983216e-07
2.7358862e-08
3.0809218e-07
2.6480166e-08
6.1551896e-07
6.693863e-07
1.3783825e-06
1.5759357e-06
3.099762e-08
2.125966e-08
6.6864544e-08
6.243991e-08
1.6887965e-06
7.485083e-07
6.1409696e-07
5.0140334e-06
9.818353e-06
1.1279934e-07
1.431238e-07
6.0095437e-07
6.427155e-07
1.1459675e-06
1.47567935e-05
1.1845708e-06
0.99011207
4.9710693e-06
8.3027335e-06
0.0056288703
0.0002552102
3.8348644e-06
0.0034188537
2.3960376e-07
4.4417444e-05
0.00021861559
9.65429e-05
1.9540399e-05
2.9483897e-06
4.5594865e-05
8.8860616e-05
7.370457e-07
3.3525273e-06
