3.3476963e-09
6.2788786e-08
4.9125834e-08
1.164547e-09
1.9980863e-08
2.9692308e-07
1.8698594e-09
1.7162306e-07
4.220588e-08
6.0755543e-09
2.0696955e-08
2.9973886e-09
2.9764626e-08
9.999535e-09
2.390651e-07
1.4362739e-08
2.4624106e-07
2.613088e-08
2.6469634e-08
4.137807e-08
6.1475953e-07
1.9028919e-08
1.3443598e-07
9.425707e-10
2.0419115e-08
5.6294144e-08
1.608594e-07
2.0426054e-07
5.0554018e-08
2.1543994e-07
1.3189684e-08
4.1001755e-08
1.7285142e-09
8.916775e-08
9.854441e-08
4.9137707e-08
1.1129202e-09
2.674222e-07
1.3960869e-07
5.4184646e-11
5.9180505e-09
1.861707e-07
1.04141535e-07
2.6743308e-08
2.3783564e-08
3.0083774e-07
4.568141e-07
1.8776603e-08
3.9039495e-08
7.776829e-08
2.0206316e-07
4.5566622e-08
1.6881098e-07
2.9104973e-08
1.4855105e-07
4.2274423e-10
7.181302e-08
2.666278e-07
1.1283495e-07
2.3534666e-07
2.2258423e-07
1.2974205e-07
2.624544e-07
2.6214508e-07
3.607873e-07
4.957427e-07
8.177821e-07
8.0494445e-08
1.5491304e-06
3.27689e-07
7.392581e-07
4.3074053e-07
3.222903e-07
2.2425671e-07
1.2692755e-06
1.5720518e-06
6.338213e-07
2.0126006e-06
6.927516e-06
4.4639446e-06
9.906835e-06
0.00010590217
0.00026935176
0.010638185
0.9837164
0.0046936003
1.1262117e-06
5.7618316e-05
3.126626e-05
1.9895018e-05
1.2036466e-05
6.358038e-05
0.00010324998
1.7848498e-06
9.85146e-06
3.620879e-05
1.2811483e-06
4.6242894e-06
0.00019804738
1.3154033e-06
