1.8665848e-07
1.3368623e-07
1.3591417e-09
2.7351224e-08
2.816925e-08
9.829718e-07
6.7745487e-10
6.2541936e-08
6.163717e-09
1.4134002e-07
2.348048e-08
5.8046257e-09
1.4154931e-09
2.1099576e-07
5.969076e-08
2.1257034e-07
3.2981748e-07
3.8889003e-09
6.6039413e-10
7.129606e-08
1.0352108e-07
1.0765037e-08
2.3675262e-09
1.1288107e-08
1.21804815e-08
1.8467884e-09
8.9691454e-08
1.0981035e-07
9.130266e-08
2.69087e-07
7.975632e-08
1.0141912e-08
8.956777e-09
3.6453777e-08
3.6703618e-08
1.4045311e-08
2.8965889e-07
1.4532939e-10
3.2862941e-09
3.7922294e-07
3.70329e-08
2.452738e-07
1.6009949e-07
7.406357e-09
1.7320052e-07
6.216075e-08
6.0895117e-10
4.9490914e-08
8.412856e-08
5.9362446e-07
1.2697802e-07
3.3449555e-07
8.008322e-08
3.712526e-09
4.6079495e-07
4.9574957e-08
1.8195415e-07
7.5063303e-07
8.0054144e-07
8.0599324e-07
8.578719e-07
3.145804e-08
1.16327676e-07
2.247005e-07
3.7655718e-06
2.5877266e-06
2.7893882e-06
2.015319e-06
2.390289e-07
4.8224865e-07
5.323095e-06
1.85532e-05
2.8655426e-05
4.8920545e-05
7.226766e-07
8.884447e-07
1.3300398e-06
1.7242062e-06
8.641257e-05
1.008839e-05
3.98468e-06
0.973712
2.8825862e-06
4.3615955e-06
5.071212e-06
0.000114211456
0.024866832
0.0006053075
8.21857e-06
5.4529388e-05
3.266966e-05
3.0374446e-07
5.8614756e-07
2.3480604e-06
5.3574445e-07
1.3140139e-05
5.6745707e-06
0.00032435352
2.7983297e-06
2.1363287e-05
