1.7094037e-10
1.1435909e-08
1.3064932e-10
5.7179257e-09
2.06102e-08
3.1076597e-10
1.551334e-07
1.7187791e-07
3.798403e-07
5.127886e-07
1.7874486e-09
3.4070872e-08
1.1429412e-09
6.1333125e-08
2.4774193e-08
4.3516597e-08
6.521049e-07
4.8640686e-08
1.7006329e-07
1.5256799e-09
8.852754e-09
1.0647606e-08
9.318559e-08
5.9080293e-08
4.367603e-08
4.2370445e-08
2.0423824e-08
3.0775944e-11
1.129187e-08
5.211994e-09
2.1623775e-08
9.049746e-08
1.2364417e-07
1.744667e-08
8.468075e-08
8.809934e-08
1.5957517e-07
1.2507441e-07
1.0748224e-07
6.2794476e-07
6.3865317e-09
6.7618494e-08
1.1590176e-07
2.3692388e-08
5.8409615e-08
2.5819392e-07
7.180048e-08
2.296793e-10
1.760704e-07
6.987211e-08
6.134104e-08
8.597511e-08
3.9059525e-08
9.5408545e-08
2.3366309e-07
2.733346e-07
1.0320014e-07
2.6345053e-09
1.3569091e-07
5.905275e-07
2.844526e-07
5.3815427e-07
1.709635e-07
8.4182616e-08
5.8535385e-08
2.1315238e-08
2.7240702e-07
1.6983315e-06
8.1234305e-07
9.776144e-07
6.4307e-08
3.1790148e-07
1.3698971e-06
9.287158e-08
2.7242418e-06
4.643605e-06
4.2309043e-07
2.648616e-07
9.676908e-07
0.9983152
1.9524853e-06
1.730946e-05
0.0008700028
0.00048495198
1.8770992e-08
8.186521e-06
7.983199e-05
8.657406e-07
0.00010070552
1.3896847e-06
4.145892e-06
1.987937e-06
9.18965e-06
2.1585106e-06
3.1341995e-05
1.6714e-05
1.0208842e-06
4.0438658e-07
3.2250948e-05
4.9111344e-07
