1.0573401e-07
8.9183094e-10
7.768307e-08
1.6351777e-08
2.614396e-07
2.1255524e-08
9.953525e-08
8.094079e-09
2.1281203e-08
5.985039e-08
1.5579507e-09
8.273904e-08
2.6971196e-07
5.402074e-08
2.1402795e-07
2.5734346e-07
3.404603e-07
4.4807265e-08
3.0709628e-09
5.981084e-08
4.2936223e-09
2.0744955e-09
1.5228332e-07
2.986924e-08
1.0680858e-07
1.6003321e-08
4.1222656e-08
1.9767658e-08
3.3846712e-09
1.00692276e-07
3.742116e-08
1.13299755e-07
2.962627e-08
1.1123221e-07
1.11490905e-07
2.9527175e-08
1.3688583e-07
2.2212696e-07
7.405922e-10
3.956898e-09
1.4257878e-07
1.294278e-08
1.0860007e-09
1.3713202e-07
1.5078129e-07
2.485135e-08
1.3879767e-07
8.134036e-07
1.5436082e-07
3.1915274e-08
1.5918992e-08
1.2259586e-07
4.779335e-08
1.2128933e-07
5.2965408e-08
1.3313693e-09
3.4491818e-09
3.3470386e-07
2.048174e-07
4.466642e-08
3.6559587e-07
8.945441e-08
3.6937515e-09
3.5428639e-07
3.4793377e-08
1.0458143e-06
6.36258e-07
3.1962497e-07
1.405516e-07
8.3662206e-07
8.5295676e-07
2.328647e-06
1.354582e-06
4.230163e-07
4.1887753e-07
3.0854892e-07
8.085006e-06
2.1827421e-07
1.1649125e-05
2.3108862e-05
7.185792e-07
9.162049e-06
1.8874709e-05
1.2454926e-06
1.3262247e-06
1.3788747e-06
5.5356417e-05
8.058124e-05
0.0005360201
0.99756914
1.0719509e-06
4.1038697e-06
4.6917103e-06
1.9976446e-07
9.799897e-07
1.908641e-06
0.0016515106
8.748249e-07
5.988116e-07
1.9945217e-06
