7.15816e-08
1.6052866e-08
1.4418259e-08
8.956403e-08
2.2418279e-08
1.9145649e-08
1.3193306e-09
2.2857296e-07
1.7691542e-08
1.1740037e-11
2.9442289e-08
1.6231125e-07
4.0205322e-07
6.3649736e-08
3.7690597e-09
3.0500775e-08
1.0500384e-08
5.1967202e-08
2.5517906e-07
1.8919586e-09
2.3428242e-09
2.4979492e-08
2.327948e-09
1.158592e-07
6.308701e-08
4.7510024e-08
3.8776196e-09
1.4659298e-07
3.759853e-09
2.112826e-08
1.6214777e-07
7.613618e-08
1.14383845e-08
1.6469335e-07
1.559284e-07
1.839857e-07
3.3390137e-07
1.2499142e-08
9.319574e-11
4.071176e-09
2.379555e-07
9.976557e-08
1.34875755e-08
2.5217908e-08
1.1728655e-07
1.0127997e-07
7.478015e-09
2.9139062e-09
7.832096e-08
2.7326917e-07
5.6518864e-08
5.126785e-08
3.815492e-08
8.634271e-08
2.5689482e-07
7.1489253e-10
4.9713364e-08
2.743071e-09
1.0439699e-07
5.673591e-08
1.5005935e-07
1.7689803e-07
1.378975e-07
2.8615386e-07
2.382251e-07
4.3259112e-07
1.01287476e-07
1.7070596e-07
4.8005256e-07
4.8241196e-07
1.1607958e-07
4.7858106e-07
5.5221545e-07
7.1491223e-07
8.154288e-07
3.8116994e-07
7.208403e-07
0.9861002
3.7016858e-07
7.297316e-07
7.183644e-07
1.7787719e-06
0.010836522
2.4256693e-07
4.991686e-06
1.12693115e-05
0.0021597557
0.00038688414
1.5418083e-05
7.365616e-06
2.8817187e-05
2.938611e-06
0.00021277845
1.9159693e-06
3.454347e-06
3.6140304e-05
0.00010496846
1.8399687e-06
8.0459744e-05
3.0013869e-06
