1.945333e-07
1.0507631e-08
1.08636144e-07
1.4227551e-08
1.0790055e-07
2.1904398e-08
1.6877803e-07
1.4326163e-07
1.8893889e-10
1.8982147e-08
1.1134779e-07
4.0240486e-08
2.1037971e-09
3.2565188e-07
6.385643e-10
6.2679995e-08
1.5083901e-07
1.2467839e-08
2.5174913e-07
1.0854687e-08
9.671394e-09
4.257574e-08
3.2174033e-10
4.2842098e-07
5.646829e-07
1.3241246e-08
1.5832025e-09
9.5281605e-09
1.2078158e-07
3.083348e-08
2.824121e-07
3.3236374e-09
2.7401175e-09
6.498307e-08
5.8775055e-07
4.3490416e-09
7.7407385e-08
1.3045283e-07
2.8813679e-08
1.708714e-08
9.476366e-08
2.7302056e-07
3.162315e-08
1.9302195e-08
9.746392e-09
4.9969967e-10
1.7945878e-08
2.0465798e-07
6.557372e-08
1.9476983e-07
2.2136752e-10
1.3772516e-09
2.3185831e-07
5.4758218e-08
3.607061e-09
3.1336217e-08
2.5906932e-08
9.458575e-09
3.486713e-08
1.939171e-09
5.674579e-09
4.7109406e-08
9.668067e-09
6.799359e-08
1.3498651e-07
3.7973827e-08
1.1267039e-07
5.6832103e-08
1.8868792e-07
1.3767938e-09
3.6581902e-08
3.196905e-07
1.2875738e-07
1.4996046e-07
1.3008926e-06
1.4978044e-06
1.3398192e-06
6.7719094e-07
1.7092663e-06
3.2914115e-06
9.878822e-06
0.9985692
3.1760539e-09
9.028994e-09
4.1028267e-07
9.661165e-07
2.46989e-06
7.993333e-06
0.0013899899
7.3794433e-07
2.931982e-07
1.8928681e-07
1.9983e-07
2.489798e-06
1.4327593e-07
9.5328645e-08
6.209967e-08
1.7492547e-07
1.1877394e-07
1.5470263e-07
