9.6751815e-09
2.286805e-08
3.3336143e-08
1.5585408e-11
1.8847942e-07
2.3088344e-10
4.1597727e-07
8.431332e-10
2.4453213e-08
7.786874e-08
2.4840798e-08
1.14702644e-07
9.788426e-08
7.2228863e-09
4.2369027e-08
1.6869793e-10
3.5713077e-07
4.4928445e-08
1.9016366e-07
1.9110222e-07
3.3860852e-09
2.234138e-08
3.9509978e-08
4.9192607e-08
4.324764e-08
4.639096e-08
1.0958747e-07
1.466007e-07
4.1923343e-08
4.2115838e-07
1.9808816e-07
2.1369308e-07
2.4390954e-07
3.5335052e-07
6.1204086e-10
7.001129e-09
4.8254165e-08
3.119171e-08
5.977893e-08
4.4837637e-07
4.4089205e-08
2.4141386e-10
6.044121e-08
1.3550138e-07
1.8893238e-07
2.1781842e-07
1.693079e-08
9.253783e-09
2.579652e-07
1.5021838e-08
1.1155525e-07
3.382922e-07
2.0754744e-07
2.6603652e-07
1.9216273e-07
1.0278309e-06
1.5510199e-06
5.2845667e-08
1.9090633e-06
1.0852815e-06
2.361252e-07
6.384285e-07
4.8659746e-07
1.2426079e-06
1.3844544e-07
4.7365738e-08
1.2009112e-06
6.122136e-08
2.2454824e-07
2.4250314e-06
6.3644356e-06
3.2196506e-06
8.8365175e-07
1.9194152e-07
2.1326368e-05
3.3430973e-05
7.33648e-05
1.0072662e-06
1.9382974e-06
0.98979384
1.5128492e-06
0.0002655123
4.1716344e-06
0.0025327078
0.06685722
0.0014890811
0.00036864655
1.8247894e-05
8.199105e-06
2.7164595e-05
1.6793123e-05
0.0017015181
0.00011166759
8.929982e-06
1.317012e-06
2.512584e-06
0.0003065595
7.599772e-06
1.2828756e-05
5.4674114e-05
