9.628665e-09
1.1544463e-08
2.171039e-08
1.0555131e-07
1.9866299e-08
6.422344e-10
3.095001e-09
2.2782503e-09
1.4715441e-13
4.862415e-07
1.7111871e-09
3.6430787e-08
1.9711055e-07
5.8503083e-08
2.7628545e-07
1.3236901e-07
9.047896e-09
2.1516995e-07
1.9332839e-07
5.908198e-10
6.2820895e-09
4.060688e-07
1.4925679e-07
4.5041787e-08
6.0785574e-08
2.4924452e-07
2.543607e-07
8.720725e-08
1.5385409e-07
3.219482e-07
2.7423056e-07
3.698794e-08
9.320995e-09
3.150645e-07
3.129917e-07
2.936028e-07
2.2556153e-08
6.931012e-07
3.008922e-08
5.989459e-07
1.0700545e-07
7.680921e-08
3.6820569e-09
4.8790334e-08
1.272773e-07
5.525772e-07
2.7735905e-07
3.2583063e-07
1.459449e-09
6.639961e-08
3.1095456e-07
1.2294839e-07
5.7568974e-07
8.352636e-08
6.818977e-07
2.1317705e-08
1.0169102e-07
3.3899738e-07
2.2396098e-07
2.1105195e-06
1.3760625e-06
1.7848957e-07
9.429619e-08
3.0194244e-07
2.0882293e-07
2.1499316e-06
1.2148313e-06
4.4155363e-06
1.2069222e-06
2.9527014e-06
8.503964e-07
1.2758765e-06
6.5018025e-07
1.2744712e-06
1.1152949e-05
1.0966995e-05
1.9005582e-05
0.00039678498
0.000533334
3.5907402e-07
1.5472111e-06
2.4207484e-06
0.0021571491
0.00013550237
0.00012189859
4.713343e-06
0.0010516909
0.3120923
2.9811981e-06
8.2522765e-06
4.1645704e-05
6.778676e-05
0.8105958
1.4984956e-05
3.7406917e-06
8.022119e-05
5.64065e-06
2.3960507e-05
0.0039963475
4.948906e-07
