7.651468e-09
1.546749e-08
3.9807615e-09
5.7007817e-08
5.81922e-08
7.4209625e-09
6.508322e-08
1.2405604e-07
3.794645e-08
1.9218922e-07
9.287774e-08
1.0297248e-07
1.9266473e-07
1.19082564e-07
1.4076478e-07
5.755029e-09
2.6765528e-07
9.6532304e-08
1.8626801e-08
1.2236754e-08
2.1774144e-07
1.2070264e-07
2.885934e-07
4.6290938e-07
3.8855052e-07
3.087574e-07
3.0913276e-07
5.162916e-08
2.5848877e-08
5.1260514e-08
1.322737e-07
7.8611585e-08
6.0062484e-07
8.0705934e-07
9.19515e-08
5.8973015e-08
6.541184e-08
5.922481e-07
1.799563e-08
1.3778065e-07
6.5802044e-09
8.482318e-08
3.7542e-08
6.662564e-08
8.999805e-08
3.2834086e-07
1.1300811e-07
9.256492e-08
4.6510092e-08
8.078646e-08
3.631189e-07
3.9291663e-07
3.8554495e-07
2.8331925e-08
2.2943757e-07
4.548069e-07
1.790735e-07
1.2161841e-07
1.8875572e-07
3.1550746e-09
4.5799487e-07
1.279471e-06
7.6580375e-07
3.9127988e-07
2.7185519e-07
3.1491743e-07
3.113827e-07
2.3725086e-06
7.05613e-07
7.673221e-07
4.9806363e-06
1.3203928e-06
3.969343e-06
1.5863812e-05
4.437675e-06
7.3362635e-06
5.545036e-06
1.3945549e-05
1.3288405e-06
2.9150195e-05
8.011276e-06
2.2552069e-05
0.00016556802
0.00055622484
8.7848515e-05
0.0001274823
0.0003276853
0.0074941088
0.9895608
6.8728965e-05
0.00059319404
1.14671575e-05
0.000100799996
5.261823e-05
0.01555606
1.564606e-07
3.1767144e-07
1.797231e-06
1.3837764e-07
2.9292758e-06
