6.9374355e-09
2.2748049e-08
5.0806516e-08
8.75272e-10
1.1900998e-07
8.525954e-09
1.7461884e-08
2.6332609e-08
1.8832239e-07
2.602973e-10
1.1082605e-08
2.4701032e-07
2.38393e-08
2.2409434e-07
3.0732662e-07
1.1298668e-08
2.2379923e-07
3.3541077e-09
5.1547644e-08
1.689451e-08
4.3980382e-08
1.6802188e-08
3.110297e-09
7.640165e-08
1.7296417e-08
2.3736852e-08
3.1949348e-08
4.432287e-08
3.0573094e-08
8.332834e-08
2.6486015e-07
3.346493e-08
2.844846e-08
1.4161311e-07
9.569296e-09
2.5930412e-08
4.3762967e-07
4.7958525e-07
2.2846046e-07
2.612565e-08
2.7127484e-07
2.496256e-08
9.2509886e-08
1.0589192e-07
4.6636302e-07
2.255346e-07
1.430911e-07
6.15894e-07
1.9159404e-07
5.083281e-07
4.4334034e-09
2.913908e-07
7.077034e-07
4.3125482e-07
5.1189243e-08
1.1354886e-07
1.3356263e-06
2.4240558e-08
3.1355464e-07
4.104125e-07
6.5116177e-07
8.499219e-07
5.2278483e-07
1.5422642e-06
1.0471798e-06
8.9607255e-08
8.7127216e-07
2.4197964e-06
1.0016997e-06
3.7769348e-07
3.8549643e-07
1.0920024e-06
1.0270414e-06
2.138974e-06
5.060112e-06
7.0609275e-08
3.6429135e-06
5.921462e-06
5.62617e-06
3.1218701e-06
6.700378e-07
1.6664182e-05
5.8220644e-06
2.8338143e-05
4.331292e-05
2.3925906e-05
1.8347198e-05
0.00022879777
0.0012521574
0.9904465
0.032897614
3.0711934e-05
0.00035064886
0.00010661502
0.0004243353
0.00034442602
0.006514607
1.2737781e-05
5.968748e-05
0.00013182675
