6.8007364e-09
1.18225095e-07
4.5159727e-08
2.445589e-07
1.0058115e-07
1.0766315e-07
2.2218305e-08
4.632622e-08
3.864102e-08
8.561534e-09
2.403178e-07
3.1095317e-09
3.1687635e-09
3.336315e-08
4.856491e-07
2.20598e-08
6.556636e-07
1.5046409e-07
3.3594056e-08
4.8187314e-08
1.661826e-07
7.864103e-10
1.3282013e-07
5.4819975e-07
7.238171e-07
4.4448666e-07
3.270046e-07
4.034905e-07
4.954876e-07
3.2543742e-08
7.295334e-08
1.640665e-08
7.8192197e-10
5.313134e-07
4.827808e-07
5.0220154e-07
6.326838e-08
1.1661764e-07
4.0606028e-07
1.7348515e-07
2.0866582e-07
4.453184e-09
2.1336473e-07
3.397072e-07
2.856348e-08
2.3945972e-07
9.9091494e-08
8.4884675e-07
4.996444e-07
4.1929067e-07
2.9530474e-07
6.282588e-07
3.8153553e-07
1.997897e-07
9.375522e-08
2.4098733e-07
2.1281237e-07
5.8245087e-07
1.0300192e-06
5.626593e-07
4.9230175e-07
1.2434597e-06
1.0961228e-06
7.717566e-07
2.0931802e-07
2.5732418e-06
1.6444427e-07
3.923991e-06
1.4496039e-05
1.3655308e-05
1.6433924e-05
1.1578358e-06
3.7536992e-07
9.1074037e-07
6.313991e-07
4.565772e-05
2.2925133e-06
6.5037448e-06
3.400079e-06
0.00041619613
0.00014209811
6.0689006e-05
0.00019217099
0.0023825392
0.00013639093
3.1718377e-05
4.169953e-06
9.308356e-06
0.01864306
0.9780815
6.2280066e-07
9.715672e-05
0.0056210537
4.703422e-05
1.2238741e-05
3.7617796e-05
1.2035895e-06
7.423833e-07
1.8258766e-06
0.001049146
