1.2684669e-08
3.1308545e-08
1.419683e-09
3.3223344e-08
1.1710123e-07
2.3481777e-08
2.879318e-08
2.7524248e-08
5.714321e-08
9.9735e-08
2.8165465e-08
1.7579481e-08
2.1000751e-07
3.1093816e-08
3.5608062e-07
1.9259032e-07
2.6699048e-08
4.894188e-08
4.8941246e-08
8.766991e-08
8.349095e-08
6.404696e-08
6.074285e-08
5.0854845e-11
8.0906695e-08
5.1415747e-09
9.207138e-08
1.254661e-07
7.126404e-08
3.9786034e-08
1.0673911e-08
9.198171e-09
1.03380145e-07
1.3822269e-07
4.692662e-07
2.2328008e-07
1.8422367e-07
8.4495035e-08
2.2745643e-07
8.330158e-09
1.268744e-07
1.0599387e-12
9.994121e-08
6.721673e-07
2.7514065e-07
1.8763915e-07
1.2983966e-08
1.0462276e-07
1.349994e-07
9.1873636e-07
1.5177461e-06
1.1118891e-07
3.3637352e-07
5.818553e-07
1.4132456e-06
3.1947184e-07
1.6112173e-08
2.6569871e-06
2.9944317e-08
1.1650457e-06
6.0693324e-06
1.0242541e-06
7.7673735e-07
1.0640824e-06
3.0796355e-07
2.7010889e-05
2.1478638e-05
6.68332e-06
9.319435e-07
3.0831637e-07
0.98763275
5.7981873e-07
1.7511316e-05
9.6834956e-05
0.001693707
0.021388298
0.0045806975
1.2032572e-06
0.00018326112
3.7839477e-06
8.194435e-05
5.171643e-05
4.6327033e-05
0.00044116648
4.3037467e-06
7.983612e-06
5.3186254e-06
1.8124258e-05
9.90099e-06
9.08276e-06
3.1147704e-06
1.3424348e-05
2.4932115e-07
2.5201766e-08
2.816193e-07
7.744702e-07
1.0957546e-06
6.130379e-06
0.00011605543
0.0015770631
