1.4149609e-08
2.6997938e-08
2.1336207e-08
7.6406586e-08
2.1950506e-09
1.9731132e-07
1.1625371e-08
1.0368639e-08
9.256734e-09
4.520868e-08
1.8041967e-09
2.2507629e-07
8.7993115e-08
7.3584233e-10
7.9278266e-08
7.8373474e-11
6.960995e-07
4.0269835e-08
1.04517355e-08
1.2701503e-08
1.7363081e-07
5.7619772e-08
1.1203068e-07
2.6761975e-07
4.0806533e-08
5.2737327e-08
5.4070756e-07
7.4728587e-07
7.438575e-07
2.1540325e-07
5.474421e-07
5.371846e-07
1.2468112e-07
6.421232e-07
1.194866e-08
9.941888e-07
5.3671886e-07
1.3268631e-07
1.5500407e-07
1.1378133e-06
3.841665e-09
3.2393348e-07
6.302796e-07
8.5113305e-07
6.630731e-09
6.2521815e-07
1.3648069e-08
2.7402126e-07
1.5787617e-07
4.016471e-07
6.7389465e-07
5.7825905e-10
2.4238378e-08
2.1960409e-07
4.651123e-08
6.04932e-08
1.4577037e-06
3.6881932e-08
4.205364e-07
1.13544566e-07
1.7045934e-07
1.3405752e-06
1.8666425e-06
1.0199265e-06
1.7391005e-07
1.6480587e-06
1.0036381e-06
4.1110047e-07
1.0146256e-06
3.3417234e-07
1.8932411e-07
2.5738202e-06
5.9213306e-07
6.1363636e-07
1.4915546e-06
4.0367486e-06
1.0104023e-05
1.978694e-06
1.3802913e-05
3.7490667e-05
0.00021092195
4.7544752e-05
6.657908e-06
1.6753234e-05
4.2810785e-05
0.00018759508
1.4632876e-06
0.00069715903
0.00010641912
0.005489556
1.4763418e-05
3.0164433e-06
8.425341e-06
4.589905e-05
0.0008620081
0.0557715
0.937531
0.009246347
1.259874e-05
8.7130684e-05
