1.3490291e-09
4.4808937e-10
1.5905796e-09
1.47507055e-08
2.2718986e-08
8.406234e-12
2.4563318e-08
1.8452234e-08
9.949742e-08
5.3013096e-08
6.632736e-08
1.5906469e-08
3.1036215e-08
2.5026512e-09
1.9551504e-08
2.2398454e-07
1.1412676e-07
9.864364e-08
1.2658808e-08
2.3527345e-07
1.2074075e-07
6.523463e-08
8.806385e-09
1.9972778e-07
1.2642235e-07
2.6962061e-08
8.468129e-08
1.8164735e-07
2.3584384e-08
5.1643944e-08
2.276098e-07
3.011917e-07
2.6815957e-07
3.3982538e-08
2.1581526e-07
4.3250115e-08
1.3531844e-07
1.1133571e-07
4.042932e-08
9.047428e-08
4.6700968e-09
1.8853248e-07
2.8720854e-07
3.5273013e-07
1.3044778e-10
2.5500836e-07
2.9622214e-07
8.10535e-08
1.8757798e-07
4.5233847e-08
8.698726e-07
1.2649699e-08
7.403865e-08
2.2561613e-07
2.0570647e-08
6.282162e-08
1.7059326e-06
5.007389e-07
2.1851538e-07
7.3172725e-07
1.0969354e-06
8.781002e-07
6.03873e-08
3.1725573e-08
6.127731e-07
4.4268884e-08
1.134209e-06
2.1464978e-06
6.7429382e-06
1.22441525e-05
1.3346613e-05
1.400932e-05
5.8894526e-05
8.3138667e-07
2.8912675e-07
0.00010505201
4.674041e-07
2.032122e-06
4.451408e-06
0.9756357
3.939783e-05
8.599754e-06
8.0040525e-05
0.002949397
0.0047664773
0.0011978745
0.016067937
2.597039e-06
1.3031455e-06
2.6426587e-06
5.9445214e-05
7.1020696e-07
3.921206e-07
1.0353015e-05
5.750229e-05
1.8183994e-07
8.097225e-06
1.6714885e-05
9.657326e-05
0.00067427
