4.3217163e-09
4.189592e-09
1.1766994e-08
9.379742e-09
6.1470307e-10
9.666018e-09
3.0483303e-08
6.302838e-08
7.425227e-08
1.3754468e-08
1.812148e-08
6.253965e-08
6.3639813e-09
6.5202165e-08
1.10857854e-07
6.7756756e-10
9.036212e-08
1.9007844e-07
4.0876e-08
3.1209976e-10
1.0860854e-07
3.3998663e-07
2.6669267e-07
8.4463345e-08
1.00110135e-07
9.811238e-08
5.965001e-08
9.8527984e-08
1.8467592e-08
6.003993e-08
7.306981e-08
3.6001293e-08
5.370186e-08
1.5735852e-09
1.7719987e-07
1.844191e-08
1.6341326e-07
1.0047396e-07
8.56843e-09
1.7185657e-07
7.132296e-08
6.2190915e-09
5.105357e-09
1.08467994e-07
2.2478797e-09
6.023124e-08
4.1145645e-07
4.512422e-07
2.983825e-08
1.42467e-07
7.260734e-07
9.361967e-08
3.6699035e-08
4.218395e-07
2.1354846e-07
1.1469989e-06
5.5744188e-08
1.1281289e-06
5.6835614e-07
1.4178854e-06
3.423101e-07
1.0267489e-06
3.2224233e-07
1.3353509e-06
2.2089496e-06
2.6685571e-05
1.0153417e-05
1.421134e-06
1.9023011e-05
9.493275e-05
3.544576e-08
1.1398897e-05
0.00045642583
0.00014942215
0.9894777
0.09664968
2.512945e-07
4.552399e-06
0.00011904255
2.7480164e-05
4.2474585e-07
2.1116753e-05
0.0024932306
2.134905e-06
4.4869807e-06
3.3711751e-06
2.177034e-06
1.6268243e-05
3.1605452e-06
6.125317e-06
3.5446553e-07
3.9673438e-07
2.557112e-06
9.208014e-06
1.9900845e-07
1.4238078e-07
5.2109552e-08
0.00013054594
6.004492e-06
0.00015841854
