2.0399009e-08
2.982794e-08
2.0408276e-08
1.0371306e-08
3.5432474e-10
9.571999e-09
1.2888778e-08
1.2465989e-07
5.1812123e-08
4.021739e-09
6.108034e-08
8.316178e-08
1.6935383e-07
1.4435089e-09
1.3239176e-07
9.8305264e-08
2.9294986e-08
5.4514512e-08
1.0704894e-09
5.384023e-09
2.4943463e-07
5.7009256e-08
1.3094373e-08
5.1298134e-08
7.2901287e-07
6.7883754e-08
6.80905e-08
3.053875e-08
2.4152133e-08
3.580096e-08
8.766505e-08
4.0097652e-07
2.9178622e-07
7.87726e-08
3.3453858e-07
4.52247e-07
4.4137028e-07
4.6582844e-07
2.7597679e-08
4.5948325e-09
2.7636517e-08
8.277354e-08
1.7820176e-08
1.5574061e-08
3.2960907e-07
1.16624605e-07
2.90991e-07
1.5644409e-07
1.7579035e-07
1.694387e-07
4.550333e-08
3.0114247e-08
4.1361693e-07
2.0577293e-07
2.3203074e-07
5.145054e-08
2.3199657e-07
2.8674478e-08
3.0322352e-07
3.5747263e-09
3.705036e-07
3.7803554e-07
5.100004e-08
2.5375033e-07
4.6480966e-07
6.991663e-07
2.8653182e-07
5.9871235e-07
1.6477156e-07
1.0721782e-06
4.1153035e-06
1.1809328e-06
7.1742545e-07
5.3727246e-07
2.3450787e-06
1.6423487e-06
6.166584e-06
7.8370834e-07
4.4855437e-06
5.85716e-05
3.0484587e-05
0.68341345
0.5545135
0.00268168
0.00091713545
3.0101502e-05
6.7165223e-07
7.4782047e-06
1.2793125e-05
1.13207825e-05
0.0004087734
0.00025367117
1.6164021e-06
6.7896304e-05
1.4408024e-05
3.4604982e-06
8.1453014e-05
0.00049671886
2.1165133e-05
1.2871104e-06
