4.14414e-09
5.6257704e-08
3.39744e-08
1.6591656e-07
2.303905e-08
2.5636547e-14
2.5895176e-08
3.1584108e-08
1.1299477e-07
8.738621e-08
3.6761616e-09
2.2056311e-07
7.0802026e-09
1.459802e-07
2.7144553e-08
2.6767955e-07
2.2822785e-07
9.319698e-08
7.534638e-08
2.0259378e-07
2.2330889e-07
2.0840669e-07
2.2642642e-07
2.4222289e-09
1.5539702e-07
6.90454e-10
5.835755e-09
1.1124503e-07
1.1509032e-07
1.8911057e-07
9.380575e-10
7.425737e-09
7.0810984e-08
1.516366e-07
2.2425333e-07
1.621917e-07
4.432979e-08
1.0553758e-07
2.6843103e-10
7.019061e-08
7.127257e-07
1.8506532e-07
4.6220876e-07
7.009293e-07
2.0540772e-07
2.422644e-07
2.480207e-07
9.168033e-07
4.2761752e-07
2.8359472e-07
3.5812423e-07
1.2324496e-06
5.3837067e-07
2.2133086e-06
3.9787915e-07
5.1069844e-07
4.1722774e-06
6.8991485e-06
2.3324581e-05
1.0926513e-05
3.0535593e-05
3.5313762e-05
0.779703
0.21521062
0.00076141383
0.00035847886
1.1649037e-06
8.147201e-08
2.1294857e-06
0.0011020708
3.7242524e-05
7.5339405e-05
6.1586235e-08
4.2617728e-08
2.4811896e-05
7.3553933e-06
6.7859014e-06
5.786353e-07
2.193434e-06
4.6224477e-07
8.334926e-08
1.3336093e-07
1.2271077e-07
3.0983745e-05
1.5018571e-06
7.3764927e-06
1.3697094e-06
1.2117558e-05
1.2889863e-06
2.2555251e-07
7.6250744e-06
2.5898057e-06
8.480828e-08
1.9126493e-07
4.0527575e-06
2.9621535e-07
8.9188075e-07
4.5460387e-05
0.00021399162
1.62474e-06
