1.3223036e-08
1.9185078e-08
2.7061557e-08
3.353347e-08
1.5421123e-10
5.1415725e-08
1.754953e-08
1.6642265e-07
6.4644468e-09
9.6842584e-08
8.1386766e-08
1.3140988e-07
2.1219087e-07
4.3898615e-10
2.0137605e-07
7.8404646e-08
3.8864014e-09
1.6011603e-07
2.7287939e-10
1.6869085e-07
5.4498067e-08
1.476758e-08
6.533954e-08
6.297615e-07
7.679926e-08
3.100954e-07
1.4139003e-07
1.7385209e-07
1.5665016e-07
1.6401425e-07
7.2834084e-08
7.844069e-08
7.8853816e-08
4.3370445e-08
1.6315291e-09
7.2871096e-08
6.1463092e-09
2.478749e-07
2.754454e-07
1.6065825e-07
4.2709395e-08
1.980142e-07
5.5521042e-08
2.1242487e-08
8.128121e-08
8.291008e-08
4.648878e-08
3.5097322e-08
2.1225944e-07
6.0072347e-07
1.7978806e-07
3.219449e-07
2.576092e-07
1.9137133e-07
9.575003e-07
3.4110388e-07
6.436214e-07
1.0010954e-06
5.454737e-07
4.011991e-07
1.4050602e-06
1.7146267e-06
1.3565652e-06
2.369548e-06
4.5908177e-08
7.3864567e-07
3.3676934e-06
6.7585495e-07
2.1098815e-07
3.2303265e-07
5.3354194e-07
4.1643807e-06
3.1197342e-06
1.5564432e-05
6.2357407e-07
9.0603164e-05
4.5571065e-05
3.5111502e-06
6.124464e-05
0.9940276
3.0118445e-06
2.5375628e-05
2.107689e-05
3.7749014e-05
0.0017154625
0.0059351125
0.020137489
0.00034215781
1.5046708e-06
0.00012649538
7.492642e-06
6.252562e-05
7.637646e-06
1.4851337e-06
1.5402088e-06
0.0009288679
1.304387e-05
8.761566e-06
4.5140634e-05
1.9474655e-07
