2.8167322e-09
5.599897e-09
7.646961e-09
2.6629554e-08
6.4052137e-09
3.4635136e-08
4.3695838e-08
1.3150037e-08
1.5396909e-08
8.02197e-08
1.11240695e-07
1.0981328e-10
9.3427545e-08
6.1408617e-10
4.7694165e-11
2.0028568e-07
5.7599125e-09
1.9097861e-12
2.0194939e-08
1.6745476e-07
2.3115842e-08
1.4715846e-07
2.1960352e-07
3.5774235e-09
1.71688e-08
3.9538286e-08
4.0406874e-08
4.5802167e-08
3.858023e-07
5.35748e-07
5.4212126e-07
7.6404456e-07
7.748409e-07
6.3986346e-07
5.2312345e-07
4.6744566e-07
4.9269405e-11
7.3009704e-07
2.2779542e-08
8.746423e-07
6.28239e-08
9.641884e-08
5.279466e-07
1.3222426e-07
4.2728868e-08
1.3344568e-08
2.7625504e-07
4.5052983e-07
5.563238e-07
1.0041875e-06
4.481469e-07
3.8720603e-07
1.611727e-07
1.0864546e-06
4.884377e-07
9.1628124e-08
4.2164868e-07
3.0060064e-06
1.372006e-08
4.7001958e-08
8.2983085e-08
3.1473715e-07
1.5355315e-06
4.6629185e-07
3.0659442e-06
1.3297723e-06
3.5061048e-06
2.3014765e-07
6.2601123e-07
9.3884694e-07
4.344202e-07
5.7156865e-07
1.2988733e-06
9.308986e-06
4.0871421e-07
7.4224813e-06
1.0207773e-05
1.4419417e-08
4.2111324e-06
1.0366875e-06
3.91116e-06
4.6659527e-05
3.940087e-05
8.338602e-05
1.452113e-06
0.00012702351
2.8342315e-06
0.0047275904
0.9861459
8.5179245e-06
5.255966e-06
0.00065924803
0.0006953715
0.0017100464
0.04336319
4.9996583e-08
6.43674e-06
6.497605e-05
0.00035059187
4.0871284e-05
