1.0187384e-08
2.0881826e-08
9.685459e-09
2.46765e-09
2.8841908e-08
3.3343294e-08
3.2191274e-08
1.1345422e-07
7.9593725e-08
6.725462e-08
2.0536817e-09
3.6852185e-08
3.091264e-08
1.3079348e-08
1.4943592e-07
1.1100733e-08
1.8201405e-08
5.4778873e-08
2.912136e-10
4.1259303e-09
2.3150404e-08
2.9976004e-08
8.170341e-08
2.2422024e-07
1.551809e-07
2.8207157e-07
9.985207e-09
2.8832125e-07
1.0733882e-08
8.915369e-08
1.7060816e-07
1.7466308e-08
2.717972e-07
2.5410241e-08
4.1138946e-07
1.8603994e-07
9.2593494e-10
2.3065736e-07
6.720822e-08
4.700464e-08
1.7007535e-08
3.0124376e-08
6.721889e-08
1.3968399e-07
7.172581e-08
5.344117e-07
1.7624106e-07
2.0511276e-07
1.8159932e-07
4.6463995e-08
3.159889e-08
6.64825e-07
1.5309939e-06
1.1262464e-06
6.0089224e-07
9.498752e-07
3.647468e-08
1.1089296e-06
1.5019955e-08
1.4361716e-06
5.9020147e-07
3.0947597e-06
8.8509546e-07
1.0371904e-06
8.768976e-08
1.7514674e-07
6.628511e-08
3.5000107e-06
4.5268803e-06
6.9922476e-06
8.970355e-08
7.237765e-07
4.4683836e-07
1.1022403e-06
7.920613e-08
7.479111e-07
1.7229917e-05
1.0407544e-05
7.395989e-07
1.5751682e-06
3.7683506e-06
3.089534e-05
0.00031969792
1.1388133e-05
1.3111471e-05
6.449842e-05
8.649218e-05
0.0010250625
9.6956406e-05
3.1915235e-05
4.0589763e-05
0.9896104
1.6087379e-06
0.00046108325
0.0066474904
8.178757e-06
0.0047882237
2.7142548e-07
4.529501e-05
2.2846837e-06
