7.805525e-09
1.2604129e-08
1.36094584e-08
2.7471451e-08
5.663031e-09
3.914927e-09
2.5885743e-08
7.972224e-08
6.5632356e-08
1.3369765e-07
2.9895164e-09
1.0944656e-07
2.1105186e-09
2.652948e-08
1.7374502e-07
2.0972017e-08
4.518792e-07
5.6249165e-09
5.966311e-08
5.9832146e-08
1.15435335e-10
2.2566037e-07
5.217308e-07
3.8333736e-09
1.14812115e-08
1.1694284e-08
4.0207684e-08
9.9518296e-08
5.3272413e-07
5.610459e-07
2.8025138e-07
2.5593383e-07
3.4102848e-07
3.9371358e-08
2.7837993e-07
1.7604535e-07
2.4682984e-07
3.481862e-07
1.3769406e-07
1.4802949e-07
2.3462028e-09
1.4519505e-08
2.6860423e-07
2.7753202e-07
2.4907916e-07
2.2270278e-07
1.0524436e-08
7.656466e-09
6.0432023e-07
1.9480515e-08
3.8421103e-08
9.495487e-07
7.1577034e-07
1.7064943e-07
1.1387001e-06
1.026989e-06
5.0708564e-08
8.5293595e-07
5.4398964e-07
3.141064e-07
1.7304679e-08
1.3846749e-08
5.406736e-07
2.624729e-07
1.2101032e-06
4.472564e-07
1.4519035e-06
1.8913441e-06
2.2562537e-07
2.3025366e-07
7.3900515e-06
3.1981217e-06
2.525679e-07
1.5151429e-05
9.124221e-06
4.6129634e-07
9.692252e-07
7.208872e-07
3.9227902e-07
2.683814e-05
9.528193e-06
3.849881e-06
8.692255e-05
0.00010368387
1.9269837e-06
2.2320208e-05
0.000192142
9.875531e-05
3.29268e-06
0.00042067253
2.04086e-06
0.0004503201
0.00030924054
0.01645004
0.99505395
3.0231208e-06
0.0144808525
1.5754944e-05
2.7781098e-05
2.3037032e-06
