9.042786e-09
1.3675967e-08
4.0523602e-08
7.0963516e-08
1.3186362e-07
1.7297562e-07
1.1866084e-07
2.2203339e-07
9.8550586e-08
7.901884e-08
1.0041782e-07
2.0858277e-08
5.6525655e-09
3.437803e-09
9.784961e-08
2.712261e-07
2.1220221e-10
1.7456584e-07
7.705675e-08
8.6913876e-10
3.4650242e-08
2.5321418e-09
3.0953683e-07
3.055727e-08
7.98737e-08
2.0777945e-08
1.4589945e-07
1.1248989e-07
8.668483e-08
9.885802e-08
1.9450434e-07
2.3369178e-07
2.7030745e-07
3.7907722e-07
2.028341e-09
9.4381235e-08
1.7960397e-07
2.8904202e-07
1.2139629e-09
7.459877e-09
5.5763786e-07
4.8233364e-08
3.5504215e-07
1.4567036e-07
3.5654259e-07
3.8518448e-07
2.977143e-07
4.199412e-07
7.859628e-09
2.3552623e-07
3.382996e-08
5.409273e-07
7.2136013e-09
3.7428094e-07
3.0975755e-07
1.618038e-07
7.0045303e-07
5.3452734e-08
7.7285534e-08
5.294084e-07
5.397556e-07
1.0634751e-06
3.1866912e-07
1.8994412e-07
7.168849e-07
1.2011046e-06
1.0028053e-06
4.7479407e-06
7.551118e-08
5.8987293e-06
2.422119e-05
9.719605e-06
7.819327e-07
2.9715815e-07
1.5639642e-06
5.7139493e-07
5.801031e-05
1.7276058e-06
6.380866e-07
0.00024572143
0.0007951201
0.010236107
3.4865188e-06
1.2682214e-05
0.00018058687
4.3652908e-05
0.98580617
7.0012524e-05
0.00010858413
0.0006846825
0.032162964
2.2618046e-06
4.5297284e-06
1.5721349e-05
2.171134e-05
2.1825579e-06
0.0023717177
8.346198e-05
1.4272754e-05
4.3132914e-06
