2.3099831e-08
3.4391302e-08
5.335355e-09
4.2432433e-08
6.5458444e-08
3.1871537e-08
2.3122812e-08
6.2365273e-09
5.291952e-07
6.979952e-08
3.5992006e-08
9.4903314e-08
1.08759465e-07
1.48765364e-08
7.025939e-08
2.3539518e-10
1.932227e-07
5.443302e-09
1.7284325e-09
2.261758e-08
2.5675044e-07
2.6756885e-07
2.1233981e-07
2.2851847e-07
2.466891e-07
9.242106e-10
4.5917514e-09
7.871768e-09
4.9773314e-07
5.6894174e-07
8.306835e-09
5.4262443e-07
7.2363854e-08
1.3815849e-08
8.708626e-08
1.2330352e-07
6.97973e-08
4.0809894e-07
5.2939438e-08
1.4774184e-07
1.5359028e-07
1.1004814e-08
9.645285e-11
1.5559542e-07
1.8867648e-07
6.02268e-08
2.3405838e-07
4.6852104e-08
1.4723122e-07
9.058337e-08
6.808472e-08
1.9602207e-07
4.690158e-08
1.5798715e-07
1.4119455e-07
4.0364432e-07
2.2700456e-07
1.6794397e-07
1.1052402e-06
2.9606116e-07
2.0522027e-07
3.6039583e-07
9.766213e-07
2.1489352e-06
1.5357666e-07
3.482706e-06
2.9152584e-06
5.9452617e-07
8.1108203e-07
5.067838e-06
6.7465353e-06
1.7543458e-05
1.0040245e-05
0.9834815
7.468169e-05
5.5305307e-05
2.3394185e-05
0.0045337435
0.10528729
0.00043052103
0.00018409299
0.000214523
4.8358044e-07
2.5179313e-06
5.9996314e-06
0.000108755055
5.4627253e-06
3.9921633e-05
1.9655068e-05
5.1221694e-05
1.2632885e-06
4.8025588e-05
1.6030142e-05
7.210649e-06
3.18025e-07
1.3422795e-06
7.7948625e-06
1.8775768e-06
0.00025791224
0.00022463787
