1.8001591e-08
2.775189e-08
1.1515369e-09
2.757161e-08
7.12991e-08
4.10897e-08
5.98599e-08
2.6715088e-07
1.1893411e-07
7.946839e-08
1.9196149e-08
3.7890794e-07
1.42947e-07
8.837332e-08
2.1764517e-07
2.1569532e-07
2.1397128e-08
1.8186366e-09
1.3986487e-08
8.970429e-08
4.039784e-09
2.3600384e-08
3.2705907e-07
7.248769e-08
5.6460532e-08
1.2513103e-08
1.3062764e-07
1.5066045e-07
1.9932773e-07
2.5214385e-07
3.4565396e-08
1.8915044e-07
1.0624536e-07
2.030994e-07
7.617688e-07
2.402201e-09
6.13541e-07
1.4480034e-09
1.0192988e-06
8.724714e-08
1.2062753e-06
1.9961986e-07
2.9250668e-08
3.933699e-07
6.865833e-08
9.847299e-07
5.3419257e-07
7.1131616e-08
4.6735487e-08
4.2707736e-08
1.3683363e-07
5.033704e-07
1.8667085e-07
2.0572054e-08
1.4452016e-07
1.1470051e-07
9.819464e-08
1.8115975e-07
6.45736e-07
3.7229853e-08
4.395711e-08
9.412494e-08
6.2707164e-07
1.55135e-07
2.8624555e-08
1.8524138e-07
1.259693e-06
5.354592e-07
5.0162686e-07
1.068217e-06
2.8413472e-06
1.421549e-06
2.3632128e-06
1.0615429e-06
9.1127436e-07
7.461259e-07
1.5341959e-07
1.0973244e-05
0.00011916734
2.4387995e-05
3.2539432e-05
0.000147541
2.8103707e-06
4.212279e-06
0.00041751316
0.006248584
0.9685268
8.357099e-06
0.07642655
0.00014802633
1.4835963e-05
5.4464467e-06
0.00032421786
1.9397342e-07
4.5477645e-05
0.00015469518
2.2951659e-05
2.8458786e-05
2.3815498e-06
0.0017977647
