1.6446398e-09
5.307444e-09
8.494911e-09
2.334845e-09
1.395207e-08
3.87014e-08
5.2909116e-10
2.1268315e-08
1.6325559e-09
5.919415e-09
5.8155234e-08
2.3204123e-07
1.470398e-07
2.5745987e-08
3.372423e-07
8.949353e-08
1.0329768e-08
7.496718e-08
2.695647e-07
2.4331177e-08
4.4643247e-08
3.019198e-08
1.4222299e-08
8.481749e-08
7.2858004e-09
1.3865231e-07
1.8549411e-08
1.926431e-07
2.5817008e-07
3.2961302e-07
3.2854203e-07
3.178714e-07
3.491794e-07
6.696584e-08
4.2100095e-07
6.6631316e-07
5.167399e-07
9.5030117e-07
1.0196135e-07
9.4658205e-08
1.5298153e-07
7.71113e-08
9.271328e-08
3.0348323e-07
2.8046601e-08
2.5371116e-07
2.6360198e-07
4.451206e-07
1.2954898e-07
1.93648e-07
5.0707865e-07
5.6968145e-07
5.260019e-11
6.5318395e-10
1.5983402e-06
5.204753e-07
2.2107425e-09
2.1331485e-07
5.352892e-07
2.0403006e-07
8.4969867e-07
9.587043e-07
1.5171206e-06
2.8779818e-06
9.0709796e-07
3.708551e-07
1.9464427e-07
2.041821e-07
3.2681502e-08
9.945198e-08
4.116213e-06
1.2080103e-06
9.60874e-07
2.115913e-06
3.1872207e-07
1.3900953e-06
2.1648566e-06
4.687366e-06
9.29675e-06
7.77159e-06
6.793496e-06
4.740715e-06
1.5086705e-05
1.1695204e-05
1.6394893e-05
1.04653e-05
4.337975e-05
8.4964e-05
2.8375438e-05
0.0016553613
0.9677272
0.031114312
2.1104167e-06
0.00016973697
0.00043416503
0.009894716
6.505037e-05
0.00010127315
0.00020758573
0.002319749
