1.21734365e-08
1.8334404e-08
8.765311e-09
1.5741662e-08
6.0109386e-08
2.26072e-08
2.2221107e-09
1.4690181e-08
6.187662e-08
7.3948115e-08
1.6039377e-07
8.986457e-08
6.0142426e-08
2.6909998e-07
1.938515e-07
9.036984e-09
2.2230862e-08
3.319513e-09
1.5049415e-07
1.7843508e-08
2.6861839e-08
3.7481516e-07
9.617162e-08
6.3308843e-09
1.2013496e-07
9.873591e-10
7.40945e-10
1.3370591e-09
2.2196302e-07
1.2764507e-07
1.8826107e-07
3.3830553e-08
1.3273687e-07
2.388645e-07
2.723622e-07
4.798626e-07
3.4652178e-13
3.7446065e-07
3.9191193e-07
8.072014e-08
5.1364225e-08
6.267673e-08
2.3146633e-07
2.3440052e-09
1.12158084e-07
1.1849662e-07
6.2728766e-08
3.276405e-07
1.9815731e-09
3.0837185e-08
1.5833557e-08
1.1226706e-07
3.2955091e-07
2.321192e-07
2.5321464e-07
9.1289127e-07
1.7101978e-07
9.260375e-07
3.2843886e-07
1.464572e-07
7.7666346e-07
8.202431e-08
7.038619e-07
2.2959698e-07
2.4204175e-07
3.8947513e-07
1.2189854e-06
1.4188279e-06
3.7220032e-06
3.5613966e-06
1.8145354e-06
1.2942729e-06
2.3092169e-05
7.262533e-06
7.323211e-07
3.656113e-06
6.55164e-06
2.4325302e-05
0.00086162594
3.0744228e-05
3.5715202e-05
4.774843e-05
0.008747081
8.833408e-05
0.8806077
0.0006782027
7.169179e-05
0.04260598
0.000107972104
6.410283e-07
2.329637e-06
7.3032847e-06
7.235604e-07
9.116982e-06
2.5800543e-07
4.8765512e-05
2.5737806e-06
3.7419246e-05
0.0025353602
2.08972e-08
