1.2533383e-09
3.272232e-13
6.649709e-09
2.7877707e-08
4.9741766e-09
1.492519e-08
5.6021097e-08
2.5168207e-08
8.614583e-08
1.0026494e-08
2.6545008e-08
2.944766e-07
4.238137e-09
4.6280416e-08
2.2458668e-10
1.4473783e-07
9.159052e-08
7.373972e-08
2.1770987e-08
6.1238055e-08
4.1120487e-08
3.5596372e-08
4.1404682e-08
1.343283e-07
8.456828e-08
3.9615706e-08
5.9245682e-08
6.364821e-08
1.8887741e-10
3.1075308e-07
2.7553605e-07
1.11152886e-07
1.4490107e-07
2.0459886e-07
4.808066e-07
6.0906416e-07
3.1192434e-07
1.933135e-07
1.7021904e-07
2.1369725e-10
1.0892392e-07
7.800355e-09
1.1726391e-08
3.3147623e-07
7.0322757e-09
3.628393e-08
8.747594e-08
8.0412633e-07
2.8726964e-08
8.917896e-07
3.929437e-07
2.9031474e-07
1.9685942e-07
4.568556e-08
3.6386174e-07
1.9454852e-07
9.395638e-07
2.7445142e-07
1.7992356e-07
2.9758817e-07
2.723834e-09
8.554645e-08
4.9791737e-07
1.45919e-06
3.4500613e-07
6.9228104e-06
2.701308e-06
1.1960077e-06
2.0251862e-06
8.66186e-07
9.318347e-07
2.5987435e-07
3.8911962e-06
2.6595385e-06
1.4106769e-06
1.7127678e-06
2.0536885e-05
6.7920143e-07
1.5932434e-06
5.8881517e-07
2.6420486e-05
2.2847702e-05
9.591818e-06
0.99279183
0.00019003547
0.058361527
0.003705941
0.0016623547
0.00036733085
4.8437374e-05
0.0033678014
5.7437446e-06
4.3062657e-05
0.00035065124
2.1538277e-05
0.00016822582
1.1784922e-05
0.00014004996
4.930769e-05
2.6856087e-06
