3.3013446e-08
1.1165695e-09
4.6228514e-08
1.4489452e-08
7.740296e-08
2.0224378e-09
7.173758e-09
4.87047e-09
3.7679378e-08
1.4845519e-07
7.4427104e-09
7.2712844e-08
1.3379746e-07
1.0113017e-07
9.4101566e-08
6.8244134e-08
3.155917e-08
1.6791493e-07
2.4101212e-09
2.9848845e-08
4.7161708e-07
6.168643e-08
2.8204295e-07
1.8906786e-07
1.2583116e-07
1.8833944e-07
1.4976914e-07
2.4778493e-07
2.5916157e-07
2.5040438e-07
1.8771998e-07
9.5883465e-08
3.3216528e-13
6.761651e-08
7.567059e-08
3.658257e-08
3.2353228e-08
4.4888203e-08
2.3615117e-08
6.677777e-08
1.5465137e-07
2.2537124e-07
2.650823e-07
1.2848173e-07
1.8428378e-13
2.1975761e-07
1.7824813e-07
8.1250056e-07
6.1722226e-08
6.673172e-08
4.335987e-08
4.134744e-07
3.630355e-07
1.0295873e-07
3.8817927e-08
5.347852e-07
4.455687e-07
1.1554507e-07
4.2716636e-07
5.2853824e-07
2.468192e-08
1.5617555e-07
1.9690249e-07
3.111652e-07
9.4818074e-07
7.7151907e-07
2.7634571e-06
1.3903724e-06
1.4665314e-06
1.7861456e-07
5.8894085e-07
6.9142648e-06
8.166875e-05
5.292787e-05
5.5957677e-05
2.0854372e-05
7.0851147e-06
2.4292828e-07
5.5885866e-06
0.0006048882
0.004176344
2.9257475e-07
8.057625e-06
6.5776585e-05
0.14506966
0.83945024
5.1972443e-06
1.0755853e-05
0.0006516592
4.769955e-07
1.9255694e-06
9.145565e-05
9.231291e-07
4.0629016e-05
0.0057655685
7.0682756e-07
2.117356e-07
9.288681e-06
1.6950377e-06
5.9827084e-07
