1.0579408e-08
1.6818575e-08
3.5887798e-08
2.5709607e-10
1.3870816e-08
5.620415e-08
2.3048557e-08
1.1243907e-09
1.11019645e-07
1.1053585e-07
3.696088e-09
2.593718e-08
1.0867386e-08
1.0701716e-12
4.854918e-09
5.207998e-09
6.098801e-07
2.2286724e-08
4.1814532e-10
2.095134e-08
7.477609e-09
6.8004784e-09
3.4864806e-07
1.14755935e-07
3.6252068e-08
3.1871615e-08
1.5136746e-07
2.5218097e-07
1.2559705e-08
1.2987066e-07
1.4338625e-07
2.1216736e-07
2.9980046e-07
3.548894e-07
3.8645845e-07
3.889859e-07
4.4545124e-07
2.9536827e-07
1.089693e-08
3.4202852e-08
3.7322714e-11
2.1837822e-10
5.801586e-07
4.7058215e-08
6.890187e-07
1.8266225e-07
3.077354e-07
1.2206556e-07
4.622701e-08
5.3015622e-08
2.6955087e-07
1.5353596e-09
4.829811e-08
8.1269924e-08
1.2775924e-07
2.5694786e-07
7.5457706e-08
6.947295e-07
3.5395206e-07
2.0039929e-08
8.795629e-07
4.9783887e-07
1.547965e-07
3.3659973e-08
1.12414924e-07
5.3403187e-07
1.1762544e-06
1.3492878e-06
2.868776e-07
1.121881e-06
4.0056858e-07
5.063581e-07
5.655377e-07
1.8262981e-06
4.110812e-06
1.7416878e-06
4.544161e-06
2.1302615e-06
1.6176633e-05
9.50823e-06
4.1083395e-06
3.7482972e-05
1.6629585e-05
0.00012780634
0.92769736
1.0283309e-06
5.9544764e-05
0.0017381449
0.14782575
3.2904984e-06
8.315742e-05
0.0033969916
2.6056965e-05
0.00042570443
7.086646e-06
3.0078974e-05
1.1179713e-05
5.349678e-06
0.0001978358
0.0010087951
