1.1745452e-08
1.702326e-08
7.942343e-09
2.5896028e-08
5.3750956e-08
1.2306612e-09
6.5619545e-08
6.07916e-08
2.3282603e-07
1.0326071e-09
7.5759543e-10
5.397176e-09
5.967849e-08
4.7721426e-07
1.3855817e-08
5.3131046e-08
2.6545111e-08
1.3502958e-07
4.004024e-08
2.6030092e-08
1.1232602e-08
2.1675543e-08
2.158902e-08
1.6058262e-07
2.195329e-07
1.7564763e-07
4.0363364e-08
3.1280855e-08
5.5967867e-08
7.640924e-08
1.9115248e-07
8.067424e-08
7.816734e-08
1.1003081e-07
2.1326848e-07
1.2726605e-07
4.4558362e-07
5.4626224e-11
4.9064454e-08
4.805117e-07
8.8254346e-08
2.1772449e-07
9.138979e-08
5.4460802e-08
6.77917e-08
2.9790772e-07
1.4463232e-06
4.76427e-08
3.4565176e-08
9.848931e-08
7.2016974e-08
1.4471172e-07
1.1353326e-09
7.4299244e-08
1.9872138e-07
8.6610214e-07
2.9902047e-08
5.194384e-07
1.544331e-07
6.674365e-07
3.7753253e-07
4.561494e-07
2.4135238e-07
6.246642e-07
1.0264393e-06
3.9954074e-07
3.481416e-08
2.908307e-07
1.522065e-06
3.6114963e-07
4.249306e-07
3.2031737e-06
2.7614473e-07
8.6756523e-07
5.496651e-06
4.0504187e-07
7.1528507e-07
2.1565045e-06
1.0065525e-06
5.944074e-06
5.076962e-06
1.1636071e-05
1.8967792e-05
1.3033734e-05
4.770424e-06
3.5624143e-05
5.6113902e-05
8.226247e-06
0.00068374013
3.553875e-06
6.2020335e-05
0.0012264785
0.7668903
0.73570377
2.911841e-05
0.0002221557
0.00011196613
0.00057287794
0.0021447032
2.2587366e-05
