4.6545814e-08
9.684999e-09
3.1042488e-10
9.237763e-08
3.5278805e-07
6.895625e-08
2.047623e-08
6.2964006e-10
3.9249674e-08
1.2337418e-08
5.02942e-07
2.0409148e-07
1.3758822e-09
1.4404003e-08
4.3045234e-09
6.5639867e-09
1.4537152e-08
5.479442e-08
2.532867e-07
1.8864919e-08
1.8496618e-10
2.0575337e-09
6.4268024e-10
4.919507e-09
3.010799e-08
2.6480927e-07
1.9185727e-07
6.472785e-07
1.0111748e-06
1.5530095e-07
5.335671e-08
2.7003868e-08
6.1533164e-08
5.8906625e-08
1.9396472e-07
1.8674088e-07
9.609244e-08
1.0235399e-11
2.4943938e-07
1.4436878e-07
1.7836766e-07
1.955495e-07
1.4009606e-07
4.6381288e-08
3.8381465e-08
7.019254e-08
8.263186e-09
1.8131041e-07
1.1629736e-07
1.6779931e-07
5.098599e-07
1.2308584e-07
4.0385382e-07
5.157875e-07
6.102109e-07
8.778481e-07
2.0963657e-06
6.3001235e-06
3.898722e-06
2.0941482e-06
6.38404e-07
3.2935652e-06
6.80522e-07
4.2411834e-06
2.3550788e-06
9.437126e-08
6.9821e-07
0.020386321
0.006488672
0.98196167
0.00027234873
8.303282e-06
2.6844962e-05
1.9460782e-05
0.00014249733
4.6970858e-05
1.8535634e-06
4.784809e-06
0.000105144296
6.851333e-06
6.617968e-05
3.7721504e-06
1.15018765e-05
3.169781e-05
6.6130187e-06
1.8588145e-05
6.8978143e-06
0.00011190886
1.3844166e-06
2.324806e-05
4.1288636e-06
1.4935395e-05
3.388889e-06
2.4472156e-05
7.4122863e-07
6.895038e-08
1.0737782e-06
2.4937258e-06
0.00015315042
0.0005069833
