1.7513816e-08
3.4023117e-08
7.091854e-08
7.3069074e-08
6.738961e-08
2.4486337e-07
1.1237666e-08
1.9282266e-08
2.4505598e-08
1.2590748e-08
1.2437372e-10
9.286742e-08
1.6290714e-11
9.215286e-08
2.3795127e-07
1.655586e-08
7.060719e-07
2.2409507e-08
1.03241696e-07
5.316422e-07
1.3119853e-07
3.2969233e-08
3.6779678e-08
5.9837376e-08
7.557591e-08
5.948108e-08
3.054345e-08
2.0850904e-07
6.129485e-07
5.9232184e-07
3.621663e-07
2.7407404e-07
6.193205e-08
1.2025671e-07
2.4210698e-07
2.5089167e-07
1.5460444e-08
2.3273353e-07
2.4432097e-07
2.9102077e-07
1.8725192e-08
1.0439423e-08
8.470414e-08
3.7381764e-07
5.4288107e-09
1.09100135e-07
7.826001e-07
2.4764503e-07
7.560027e-08
6.8879746e-07
5.0095485e-07
7.510384e-08
1.5172138e-07
1.3473276e-07
3.384162e-08
5.436294e-09
2.0896546e-07
3.1505852e-08
1.1246277e-06
9.248953e-07
1.1615415e-07
4.9793226e-07
2.7109255e-07
7.7782965e-07
7.415418e-07
5.821409e-07
1.2245118e-06
3.2981147e-06
2.7448394e-07
2.8973614e-07
2.0687013e-07
3.3565912e-06
1.4657483e-05
7.2198513e-06
1.1486118e-06
2.3716785e-07
3.9957282e-05
1.4616207e-06
0.00021429823
0.0002872167
6.5405766e-06
7.002072e-06
0.00016506844
6.5097054e-05
3.999979e-06
2.3159814e-06
0.0025267333
2.6609197e-05
4.9625373e-07
7.011742e-06
0.00013254314
0.015837144
0.98032165
7.398942e-05
0.0016485036
6.351032e-06
3.529108e-05
0.010869706
2.6893156e-06
3.3265358e-05
