3.771363e-09
5.435702e-09
2.0487494e-09
1.7499374e-08
1.619756e-08
3.7929194e-08
4.167339e-09
1.5047968e-08
2.1494888e-08
1.0727037e-07
1.0581515e-08
1.9511456e-08
9.50888e-08
1.1610995e-08
1.8629612e-07
1.898925e-10
3.5760092e-08
7.914309e-08
4.127161e-08
1.4877009e-08
1.4508427e-07
7.098282e-08
1.3640148e-07
1.4231519e-07
3.6236433e-08
1.5256927e-07
5.7880236e-08
7.937366e-08
7.3329545e-08
2.276935e-07
3.8712105e-07
1.408575e-07
1.6054751e-07
2.0783163e-07
2.710149e-07
2.4474593e-07
2.5388042e-11
3.396494e-07
5.52893e-07
2.1177297e-10
5.3228e-08
2.135911e-07
3.8559293e-08
2.9469314e-07
4.5327295e-07
8.815109e-09
3.1055836e-07
1.3849227e-07
1.7684772e-07
1.4713619e-07
1.6484991e-08
5.0087834e-08
1.0411238e-07
5.444752e-08
2.2049316e-07
1.2335524e-07
5.108734e-07
1.5940516e-06
1.1684526e-07
2.1767503e-08
3.4586794e-08
3.8027528e-07
1.6402676e-06
5.3305564e-07
1.843961e-06
2.0153827e-06
3.3202087e-07
1.6055096e-06
7.390221e-07
1.1285194e-06
2.7940584e-07
8.056789e-07
2.8852587e-06
3.1196264e-06
9.365065e-06
3.1625261e-06
6.638118e-07
1.5992615e-05
1.40175625e-05
5.262614e-06
1.1693728e-06
1.2562731e-06
1.9344689e-05
5.3198673e-05
9.949785e-05
9.628465e-05
1.1964174e-05
0.0007688957
3.7708236e-05
6.691854e-05
5.6316635e-06
1.0128864e-05
5.0512426e-06
0.008154716
0.0009136587
0.8933687
0.026083494
0.0020728451
0.00011281144
2.0512882e-05
