4.0259337e-08
2.602881e-08
6.8228836e-08
9.855872e-08
5.8961042e-08
3.68097e-08
2.591832e-07
1.7274958e-10
9.74138e-11
1.0770018e-07
6.132998e-12
1.3528962e-07
2.9712043e-08
2.8520724e-09
8.93927e-08
2.649985e-07
1.15135684e-07
3.2661907e-07
5.19242e-08
6.546019e-08
5.0551876e-07
5.2204916e-07
5.6281493e-08
5.5985335e-08
5.8080587e-08
7.998435e-08
1.3662363e-07
2.4185707e-07
4.9107933e-07
5.34485e-07
3.6767327e-07
7.7966605e-10
1.8734096e-07
2.8411802e-07
3.0704657e-09
1.0342114e-08
7.6254505e-09
2.1016633e-07
7.978563e-08
2.7217126e-07
9.977595e-09
7.7796307e-07
4.9713197e-08
3.531731e-07
2.627281e-07
2.1725783e-07
1.3334682e-08
1.27776545e-08
5.471924e-08
6.606941e-08
3.6721357e-07
3.278079e-07
1.0493903e-07
8.2652974e-08
1.5552018e-07
6.586648e-07
1.59923e-07
1.7605561e-08
4.3416824e-07
1.0044995e-06
7.594585e-07
4.5072815e-07
5.335908e-07
1.593002e-07
9.455371e-07
1.8899774e-06
9.2101646e-07
2.1956396e-07
5.8950895e-06
7.475849e-08
2.3593223e-07
6.6147013e-06
7.0376627e-06
3.2005494e-07
1.1095502e-06
3.156875e-07
1.1865073e-06
7.503404e-05
4.4725602e-06
3.1981601e-06
8.723357e-05
1.6302669e-05
0.00040451757
1.1401547e-05
7.743373e-07
0.0011203175
7.988654e-05
0.00036558282
6.314228e-05
0.0012037827
7.6097176e-06
0.010051936
0.99504524
4.761172e-07
5.4431064e-07
9.348029e-07
0.010507854
2.7924103e-05
4.368114e-05
7.452531e-07
