2.0814038e-08
2.7094822e-08
4.8954234e-08
6.967143e-08
5.199629e-08
1.7546098e-07
7.732347e-08
8.889357e-11
1.6549887e-08
1.0135801e-07
2.7327676e-08
2.1961588e-09
5.738372e-07
3.6299346e-09
5.480839e-09
6.1318126e-08
1.0130745e-08
3.403219e-07
1.043512e-08
2.9253136e-10
5.3199614e-08
7.7531304e-08
1.2723387e-07
3.4497816e-07
5.433846e-07
5.057157e-07
1.9389705e-07
1.783303e-07
2.5904572e-07
3.0349568e-07
3.6107716e-07
2.3946784e-08
3.8391637e-08
5.820662e-08
1.893245e-08
2.932226e-11
4.0099383e-07
6.0942887e-07
2.4815346e-08
3.320117e-07
8.811123e-08
7.7051493e-07
2.097338e-07
4.0688028e-07
4.7354067e-08
1.4140036e-07
6.479846e-07
1.7747493e-07
7.847458e-07
3.4671854e-07
7.1797666e-07
5.3914374e-07
1.5593662e-07
3.2867763e-07
1.3348648e-07
2.0299672e-07
1.4104207e-07
2.032149e-07
7.4135414e-07
1.1536424e-07
1.1062841e-06
1.3293635e-06
4.0485557e-07
6.6787766e-07
8.5137646e-07
2.2467583e-07
4.2424827e-07
8.7359143e-07
1.6730174e-07
5.5231585e-08
1.0464754e-06
1.0304288e-06
2.4520637e-06
5.5184923e-06
6.7272717e-06
2.8722212e-07
7.854728e-07
2.2449099e-06
1.4972619e-06
1.1344678e-05
4.758744e-05
7.8952144e-05
0.0003519085
1.2758082e-05
2.6398891e-05
1.9277726e-05
3.8105638e-06
7.489068e-06
0.0005690226
0.9694142
2.333322e-06
0.008046976
0.00041412766
9.528281e-05
0.00011587462
0.074564494
3.8052047e-05
7.5655516e-06
0.0019031949
0.00015733592
