2.6898691e-08
2.0173769e-07
1.0513457e-10
5.536092e-07
2.1494764e-09
1.9055055e-07
7.815476e-08
3.050494e-08
2.2995062e-08
1.4787873e-08
3.1591738e-09
1.6534906e-07
8.9280475e-12
2.9484758e-08
9.978975e-08
1.1479439e-07
2.0693624e-07
7.234851e-10
1.6759886e-07
2.4075628e-09
2.984013e-08
3.202488e-07
3.4699255e-08
5.3435233e-08
2.0370506e-11
1.9503867e-09
3.7241903e-09
1.2642253e-07
5.898592e-08
2.2647434e-07
3.1494932e-07
4.500732e-07
4.1606023e-07
3.792775e-07
3.92119e-07
6.0547194e-08
8.405289e-08
1.1749102e-07
2.3801016e-07
4.1272997e-07
3.2674603e-07
6.442092e-07
3.8100676e-08
6.0159294e-07
6.740073e-08
5.6834812e-09
1.945884e-07
1.0346803e-07
7.799968e-08
3.3370245e-08
8.389059e-09
7.6941546e-07
2.2594864e-07
6.6204713e-09
5.369681e-07
5.134271e-07
3.7589565e-08
3.4645193e-08
7.42107e-07
1.9106692e-06
8.2482995e-07
5.5465466e-07
1.3018975e-07
9.4723525e-08
2.3070044e-07
5.695576e-07
2.9508853e-06
1.0839457e-06
1.9316426e-06
2.114396e-06
4.698885e-07
1.4502069e-06
5.195988e-07
6.0615075e-06
2.555402e-06
5.676129e-06
3.151907e-05
3.0292408e-06
6.444534e-06
2.782691e-05
0.0017763042
0.00072624325
0.97568583
0.08471436
3.677256e-06
2.9994586e-05
0.000104347375
6.0320934e-07
5.350118e-05
3.3182816e-05
0.00032417433
0.0071259933
3.2367254e-06
0.0001410623
3.3841193e-06
1.7627903e-05
1.3890072e-05
1.1861519e-05
0.000106517866
0.00044288047
