1.2853714e-08
1.6122508e-08
3.296365e-08
4.7172158e-08
5.729801e-08
7.6165705e-08
1.2271016e-07
1.4429321e-07
2.5531838e-08
1.2016965e-08
2.356021e-08
2.769067e-08
9.0039105e-09
1.8717495e-08
1.3843994e-07
6.470265e-11
9.228011e-08
5.167399e-08
1.008444e-09
2.7885618e-09
8.950111e-08
6.5095904e-08
2.4497018e-08
7.031127e-08
1.1447867e-07
1.4711124e-08
2.2439018e-08
1.00612944e-07
1.1963208e-07
2.3901075e-07
1.3654647e-11
4.1947644e-07
1.2997708e-07
2.2626669e-07
4.037706e-07
4.5645308e-07
1.715906e-07
1.9446995e-07
2.9788444e-07
6.2395003e-07
3.9043673e-08
4.3371395e-07
5.296298e-07
1.8039252e-07
8.576067e-09
3.8923926e-07
1.9264332e-09
1.8670345e-08
6.44141e-07
9.633446e-07
2.8517322e-08
2.2548761e-07
4.125839e-08
1.1916138e-06
2.550324e-07
1.206914e-06
5.554467e-07
4.7611616e-07
5.544712e-07
3.1809697e-07
1.2020886e-06
5.7494265e-08
1.3525706e-06
2.389807e-06
5.8819234e-07
5.453125e-07
2.2520331e-07
8.818565e-07
5.197672e-06
1.6155334e-05
3.293169e-06
1.902359e-06
3.6818663e-05
4.5873135e-06
1.1082651e-05
4.9621263e-05
9.5685384e-05
9.632243e-06
1.4341804e-06
6.1270093e-06
1.1748466e-05
0.00025401145
0.0001593872
0.00013013299
0.002260254
9.0894515e-05
2.3098046e-06
0.0018377047
0.99424523
3.0426602e-06
1.7355757e-06
2.4131211e-06
1.3064396e-05
0.0044281143
0.02720601
2.7950202e-05
2.7490744e-08
2.3147616e-07
1.7072058e-06
2.8175287e-05
