5.638127e-09
1.1046259e-08
3.975371e-08
3.987896e-08
1.036384e-08
9.940665e-09
7.8600304e-10
6.95741e-10
5.93469e-11
7.0325954e-09
1.9840337e-07
1.2931768e-07
1.2376387e-08
1.1245967e-08
1.5431685e-09
3.221152e-09
5.474303e-08
1.9058179e-11
5.1694116e-08
9.455162e-09
4.387674e-09
8.239378e-09
3.1138891e-09
6.359282e-09
4.836584e-08
2.1613988e-07
4.3204045e-07
1.5203722e-07
3.962523e-08
3.7709447e-07
1.6723347e-07
2.0189597e-07
5.1515946e-07
4.5646047e-07
3.664612e-07
2.575353e-07
1.5742688e-07
2.1329652e-07
1.882313e-07
1.0610884e-09
4.0932204e-09
3.5746604e-07
5.341912e-09
1.011061e-08
2.0792619e-07
1.6566839e-08
5.239711e-07
4.300652e-09
1.6967398e-08
3.1928487e-08
1.9084771e-07
3.4182995e-07
1.654102e-07
8.5373124e-08
2.0233891e-07
9.689451e-08
7.0956595e-08
6.320739e-08
7.3041764e-07
3.710281e-07
9.927511e-07
1.1140033e-06
5.0450103e-07
1.4116523e-07
5.3135585e-07
1.0256779e-06
1.1913256e-06
5.790089e-07
1.5988086e-06
1.7252523e-07
1.6181742e-06
1.300016e-05
1.5998701e-05
2.3353155e-06
1.0591241e-06
4.07541e-06
3.6803286e-07
4.4233657e-06
3.056027e-06
3.6378035e-05
2.6137166e-06
0.0013242925
0.0022750376
0.98772454
5.6813324e-06
0.00027117392
0.00031843403
0.099222
2.0091686e-06
7.791499e-05
2.738365e-05
2.7843475e-05
0.00024104839
8.977971e-05
2.487291e-06
1.6625978e-05
7.358297e-06
1.0926775e-05
0.0022442527
4.121656e-05
