9.652539e-09
9.479713e-12
1.7644853e-08
2.5846603e-08
3.1453823e-08
4.6355844e-08
8.095282e-09
2.1665954e-11
1.2922183e-07
3.2932825e-09
5.9459357e-08
4.0573216e-09
1.30479165e-08
7.4008355e-08
7.4780196e-08
9.6188765e-11
2.077844e-09
1.4978164e-07
1.11621084e-07
1.0202881e-07
1.2975277e-08
1.5302671e-08
1.4717188e-08
4.088271e-09
3.68673e-08
5.347549e-09
2.677311e-07
5.1121356e-07
3.1397218e-07
4.0409518e-07
6.758259e-07
8.401516e-09
3.8678337e-08
1.7330554e-07
1.1064865e-06
2.227193e-07
4.5899415e-07
3.2609556e-08
3.5201438e-07
4.558592e-08
1.3079962e-07
1.832308e-07
6.536971e-07
2.888651e-07
5.3573564e-07
5.811165e-08
2.0651138e-08
5.6529156e-08
4.487306e-08
1.5416571e-09
1.1333691e-07
4.459082e-08
3.1719148e-07
2.73269e-07
3.8471376e-07
3.8842674e-07
6.206148e-07
9.2107274e-07
4.854775e-07
4.808045e-07
3.1058482e-06
1.652961e-06
5.6908434e-08
9.170494e-07
7.346007e-08
1.4215177e-09
4.5268993e-07
4.887186e-07
1.5694997e-08
4.214774e-06
2.1493983e-07
3.1049767e-06
2.7270605e-06
8.7968465e-07
1.0332949e-05
1.1985405e-06
1.1824704e-06
2.1465954e-05
3.418955e-07
3.0103795e-06
2.6667844e-06
5.423788e-06
3.4023453e-06
0.00024156869
0.00010635062
8.866984e-05
4.961006e-05
9.0776475e-06
2.425596e-05
0.00052731327
0.0001766594
3.092968e-05
2.5546817e-05
0.007201959
0.0007276126
0.16350235
0.9544979
1.8397375e-06
1.738823e-06
7.613335e-06
