7.168303e-09
3.9733447e-08
6.3191113e-10
1.2023417e-08
1.4097691e-08
1.0150202e-07
3.7350842e-09
1.07739446e-07
8.84012e-08
2.930925e-13
1.4472258e-07
1.407495e-08
5.6912448e-08
1.5839497e-07
8.946423e-08
1.2542797e-07
3.8139065e-11
3.663751e-09
1.8153027e-07
7.6433295e-09
3.7496854e-08
1.05906494e-07
1.6688526e-07
1.9752846e-07
1.626134e-08
3.3827824e-08
2.0056152e-07
1.8170275e-07
1.8190772e-07
7.64308e-10
4.5074312e-08
5.7137077e-09
1.4669095e-07
8.391779e-08
2.4186605e-07
6.393287e-09
7.700233e-08
8.15021e-08
6.3291156e-07
5.008593e-07
7.807334e-08
2.826358e-07
3.9766454e-07
1.17026204e-07
5.144611e-07
1.6032315e-08
1.7019599e-07
4.792658e-07
3.371211e-07
6.7792473e-07
3.6645667e-07
1.9475283e-06
5.978323e-07
2.7818187e-06
6.882078e-07
1.614239e-06
1.0328234e-06
1.1743078e-07
3.25056e-07
6.8311084e-07
8.6090544e-08
3.0339277e-06
5.043208e-07
5.5584354e-07
1.2637611e-06
6.138825e-06
1.0137542e-05
3.7129234e-06
1.8196892e-05
6.9697103e-07
8.6732507e-07
3.0608935e-05
6.252295e-05
5.177244e-05
2.4546632e-06
2.4196488e-05
0.00011576508
6.473525e-06
1.1440143e-06
3.6363017e-06
0.8661071
0.48559743
3.7083473e-06
2.2695838e-06
3.294473e-05
0.0019601306
0.00017400888
0.000254085
0.0009952968
9.948618e-06
5.3516917e-05
0.0001462286
1.0032568e-06
5.2674773e-06
0.00023557912
1.5359125e-05
1.4963543e-05
2.293383e-05
5.3931937e-05
8.178487e-06
