4.884993e-09
8.930865e-09
3.1078335e-09
2.1420838e-08
1.3046522e-08
2.9263567e-09
1.0884077e-08
1.0931092e-07
7.400256e-08
7.852724e-08
4.458632e-09
1.467396e-07
8.554866e-08
5.8003247e-09
5.0777263e-08
5.0187236e-07
5.3046854e-08
9.041114e-11
1.9799248e-08
4.7174275e-08
3.3644117e-08
9.9898195e-08
8.062472e-09
2.2355554e-10
1.1384788e-06
7.787219e-08
9.542261e-08
9.346197e-08
6.22141e-08
1.694471e-09
8.362769e-09
1.1510823e-07
3.4167232e-07
2.7052786e-07
1.3625116e-08
1.6464659e-08
4.3623345e-08
7.169322e-07
4.1190887e-07
1.3737093e-07
6.788478e-07
8.373863e-09
2.0198395e-07
6.0286465e-07
9.907863e-08
2.9722307e-07
8.482417e-08
1.04028594e-07
4.9789634e-08
2.6164063e-08
9.4644065e-07
1.5529857e-07
1.6565238e-07
4.6599564e-07
3.1301772e-07
9.700026e-08
5.2992823e-07
1.2943735e-06
2.700374e-06
9.078452e-07
2.9864773e-06
9.865938e-07
8.677636e-07
1.4150379e-06
2.5233985e-06
1.642369e-06
7.750097e-06
2.1035587e-05
1.665864e-05
8.072977e-07
3.444011e-06
9.502606e-06
5.194104e-06
2.9749558e-06
0.00029513132
0.00026567368
0.00074818026
7.938222e-06
2.1130845e-05
0.0001549727
0.00021724546
4.1973068e-05
1.0572834e-06
0.8332486
2.7610697e-05
1.8463208e-05
0.7182277
7.100558e-05
0.00017609206
2.629167e-06
1.759899e-06
2.6888567e-05
5.3768367e-06
9.754286e-07
6.061502e-06
4.5735953e-05
5.829473e-05
0.0019938704
8.190857e-07
9.171294e-06
