7.8459275e-09
1.8692196e-08
1.1372887e-09
2.329164e-08
4.047158e-08
1.9050987e-09
3.5178033e-08
6.471229e-08
5.5418532e-08
5.4502847e-09
3.0989484e-09
5.0140095e-08
9.12237e-09
4.6230785e-08
3.4327428e-07
7.306054e-08
1.5388752e-08
5.227539e-08
3.9296384e-09
4.4833808e-08
2.6936348e-07
5.600654e-08
2.1228745e-07
9.7310526e-08
6.0476964e-08
2.450644e-07
2.8371315e-07
2.6242506e-07
2.708489e-07
2.5876247e-07
3.1135022e-07
2.3774311e-07
2.3142599e-08
5.511814e-09
3.1943298e-08
2.670516e-08
4.0957107e-07
5.735234e-08
2.9903696e-08
3.4065692e-08
2.3266169e-07
3.9565128e-07
8.091221e-08
1.5364053e-07
2.644526e-07
5.6882556e-09
1.1978487e-07
5.36137e-07
2.3625833e-07
1.0008329e-06
2.9763905e-07
1.2267776e-07
5.1355715e-07
5.4925613e-07
3.1044163e-08
6.9732835e-07
5.63888e-08
5.7078137e-07
9.887644e-07
1.8945741e-06
3.322504e-06
6.0304366e-08
5.1910075e-07
7.468363e-06
4.6251607e-06
2.4407486e-06
1.3066089e-06
1.7807562e-05
7.1028205e-07
2.4083374e-05
3.154458e-05
1.3631522e-07
2.782465e-07
0.9720632
0.0001323325
3.7891252e-07
0.00071759167
0.1703669
0.0013043472
3.8324662e-05
0.0066230153
1.0667587e-06
2.5324489e-05
0.00039205077
3.2016265e-05
0.00011612631
1.4250776e-06
7.629413e-06
4.4047265e-06
1.4420295e-06
9.554275e-07
2.3706534e-06
2.216223e-09
0.00022324757
3.1964128e-06
1.3959753e-06
0.000104001956
5.691537e-08
3.0048157e-06
1.48461e-05
