1.5310338e-08
2.3560723e-08
4.898724e-12
7.6516296e-09
6.370223e-08
8.6227104e-08
2.0069988e-09
8.1952285e-09
2.1765587e-09
2.6323005e-07
7.1507883e-10
8.549719e-08
3.901958e-09
1.1660021e-07
5.8510543e-09
6.1913535e-10
7.7676454e-10
7.229811e-08
2.35847e-08
1.0541966e-07
4.8534613e-08
1.9354664e-08
7.928992e-08
7.424003e-08
4.622748e-08
2.5412157e-07
2.3728944e-07
2.6426227e-08
1.7817923e-07
1.6223817e-07
3.9395456e-08
4.8655618e-08
2.1208608e-08
1.8452909e-07
9.998575e-08
1.6108453e-08
3.355555e-07
6.602688e-09
5.006524e-07
6.476094e-08
8.532065e-08
5.557092e-07
7.61339e-10
5.0187515e-07
3.1765873e-07
5.807585e-09
7.743649e-08
1.1810354e-07
1.0400759e-07
1.4050333e-08
2.2131688e-07
3.4727807e-07
5.8870754e-08
1.7310924e-07
9.174626e-07
4.5403556e-07
3.2066544e-07
6.8181924e-07
9.916279e-08
1.4489118e-06
7.230511e-07
2.874897e-07
6.3258125e-07
1.9735973e-07
1.713504e-06
4.2679005e-07
1.4201697e-06
6.143323e-06
2.880069e-06
1.23435475e-05
1.8509578e-05
1.2261011e-06
0.000104514766
7.516409e-05
4.0112427e-06
7.2475373e-06
6.695931e-05
0.00073289045
0.0039388253
2.0656948e-05
8.0824655e-05
0.31010744
0.4980977
4.2599713e-05
0.0008227699
1.0582671e-06
1.0487862e-05
1.5314481e-07
1.0993443e-06
7.378461e-06
4.631042e-05
9.461016e-08
3.4874015e-06
7.180599e-05
2.4273586e-05
4.5526951e-07
3.3526871e-06
7.443803e-07
6.0323725e-07
0.006951838
