9.272932e-09
4.2034028e-08
1.931834e-07
4.542947e-08
5.2873396e-08
6.599981e-11
7.516214e-09
8.709482e-10
2.7669796e-07
9.787845e-09
2.9537334e-08
6.8117583e-09
4.2666057e-10
6.4371934e-09
1.5373127e-08
1.3084447e-07
1.07064855e-08
1.6312653e-08
6.8119994e-13
3.4835267e-08
4.1827917e-08
4.911799e-08
3.236179e-08
5.8249466e-08
3.508042e-08
4.954132e-07
1.1971414e-07
1.6828396e-07
1.7222243e-07
3.4934968e-07
4.2312587e-07
4.3327267e-07
3.7503256e-07
4.2576616e-07
8.0534434e-08
1.07728766e-07
1.5222538e-07
4.8844385e-07
5.9214995e-07
9.887115e-07
1.9433564e-07
5.924189e-08
2.0980039e-07
1.3866007e-07
7.223941e-08
1.2381761e-06
6.3740875e-09
1.413847e-07
9.3336666e-08
3.3777584e-07
4.31312e-07
1.3243764e-06
4.6503453e-07
1.0494961e-07
4.8287757e-07
1.9701073e-07
1.07114694e-07
4.3672568e-07
1.0161989e-06
6.658623e-07
4.2987904e-07
3.826733e-07
3.769367e-07
1.4212829e-07
4.4553428e-07
1.2139058e-06
2.0995735e-07
1.5686667e-06
2.6052382e-07
1.5166045e-06
2.4498713e-06
1.0956658e-05
9.883807e-06
4.096707e-05
1.3016113e-06
4.2263055e-06
1.7479945e-06
4.808279e-06
2.4191082e-05
0.0001239112
6.853813e-05
2.4994695e-05
1.6611728e-05
7.5527474e-05
0.9949852
6.5455134e-07
3.6457523e-06
0.02886512
0.0010766502
0.0003243588
0.0050537814
4.5541964e-07
0.00043071478
5.451685e-05
4.5025857e-07
7.173297e-06
4.6478085e-06
0.0001232055
0.0017897635
1.5175168e-05
