6.6003275e-10
7.749695e-08
9.5774844e-08
1.8103558e-09
7.075664e-08
9.909754e-08
3.4289607e-09
3.0144063e-09
2.978239e-07
1.704673e-08
2.4067936e-07
1.950645e-07
3.7355253e-08
1.489538e-07
3.5098388e-08
2.0891727e-08
7.7968295e-08
1.0337578e-07
1.4759063e-07
1.5899806e-07
9.956519e-09
2.0001645e-08
8.703952e-08
8.0986204e-08
3.2575036e-07
2.4355373e-07
8.289385e-09
1.8413301e-08
2.0963677e-08
3.6978318e-07
4.161702e-07
4.675812e-07
4.1033277e-07
4.643627e-07
1.4829665e-09
2.1655337e-07
1.2861288e-07
6.3043536e-11
3.500924e-10
3.3244686e-07
1.5715139e-07
4.031819e-07
2.0711707e-07
5.414892e-07
7.212991e-08
4.7904626e-07
5.3907443e-09
3.0846452e-09
1.2492865e-07
1.789937e-07
6.9243264e-08
3.4853688e-08
3.2929762e-07
3.502585e-07
5.7560356e-07
8.642914e-08
3.46839e-07
5.3874936e-07
6.044226e-07
2.4859287e-07
1.0825014e-06
1.140986e-06
1.2306397e-06
5.0442776e-07
3.6391856e-07
4.4473467e-07
6.388317e-08
5.3527515e-07
1.1922066e-06
1.881677e-06
2.641327e-06
4.7765375e-06
5.0244453e-06
6.9188623e-06
1.35926275e-05
1.1836814e-06
1.902761e-05
4.6240343e-06
4.0727864e-06
7.0946376e-06
4.376935e-07
2.2593551e-05
0.9934565
4.169194e-06
3.2761283e-05
0.0003313922
0.005218253
0.00042021848
2.511401e-06
2.7298658e-05
3.0501877e-05
0.0014994588
8.9038343e-07
7.211878e-05
0.0001565146
9.173775e-07
4.673656e-06
3.0082049e-06
8.12356e-06
7.4445785e-07
