2.1592907e-08
3.6307558e-08
4.893623e-08
3.2945764e-11
7.700009e-09
1.3788156e-11
3.7076706e-08
9.443569e-08
1.2133674e-07
5.765606e-08
1.7141863e-07
5.708847e-09
1.0428211e-07
1.7273186e-09
1.1124924e-07
2.7783562e-07
1.8606835e-08
2.824933e-09
2.4167546e-08
4.5572346e-08
5.06291e-07
1.4526759e-07
8.344136e-08
1.4587212e-07
2.2015439e-07
3.3635658e-07
3.385092e-07
1.3247262e-07
2.497781e-08
5.764307e-07
1.9570655e-07
1.7263142e-07
1.2609438e-07
1.8186604e-07
1.9875505e-07
2.000914e-07
1.7847346e-07
1.5447478e-07
1.1832933e-08
1.8767388e-07
1.4393798e-07
1.0680994e-09
3.564051e-10
6.4418265e-10
3.1655273e-07
3.2563716e-07
5.271916e-09
1.2846074e-08
7.737553e-08
3.0493048e-08
4.746352e-07
1.3400538e-07
6.2291497e-07
1.3100874e-08
5.000223e-07
8.641361e-07
2.5131039e-08
1.357009e-07
7.666035e-07
6.6147527e-07
2.94554e-08
2.7354224e-07
1.0578574e-06
5.3066225e-07
4.5157162e-07
1.0742548e-06
1.7580518e-06
7.6765645e-07
2.722029e-06
1.5431419e-06
3.0683574e-07
3.4749764e-06
1.30365e-05
6.779834e-06
1.183971e-06
1.1999254e-06
6.474372e-07
3.0308743e-06
1.1378449e-05
0.0001697413
0.000106207524
2.451908e-05
7.475137e-05
1.6522843e-05
0.0012809932
2.2084595e-07
9.3243856e-05
5.9912495e-06
4.6559984e-05
1.302095e-07
0.020159837
0.99038666
0.00021153265
0.0020472722
4.5685636e-05
2.7013724e-05
0.007117792
3.2675778e-06
2.0219697e-06
1.7690154e-05
