3.8744314e-09
1.3910892e-08
4.5178115e-08
6.73862e-08
6.577423e-08
1.0399858e-07
1.6635019e-07
8.393691e-08
1.1837136e-07
2.9548804e-08
3.089664e-08
1.9226356e-08
1.4975089e-07
5.0915683e-10
1.818448e-09
1.869988e-07
3.5279365e-07
6.618254e-10
9.877253e-08
1.8024024e-07
6.150377e-07
6.647861e-08
9.946955e-08
9.25464e-08
3.3770698e-07
5.590731e-07
3.184603e-08
8.1552205e-09
1.5608402e-08
1.0150348e-07
5.678017e-07
3.4209918e-07
2.0171088e-07
4.6086583e-09
3.8565213e-09
1.2792121e-07
3.246299e-07
6.611468e-08
2.5500066e-07
3.5605638e-07
5.3096723e-08
7.1561e-07
3.4353608e-08
5.820078e-07
2.9786818e-07
3.7954898e-08
1.4921395e-07
1.6661811e-07
5.3968736e-09
1.3764124e-07
1.3798258e-07
5.2806075e-09
3.9746908e-07
9.797374e-07
5.2244253e-09
6.4480736e-09
4.174994e-07
4.359665e-07
3.857007e-08
6.68656e-08
7.9955066e-07
9.957573e-07
5.7682774e-07
3.1438444e-07
1.4843651e-08
3.1564642e-08
7.926186e-08
8.979636e-08
2.523951e-07
3.2781955e-07
2.8542645e-06
4.103847e-06
4.654925e-06
2.9375715e-06
1.0629763e-05
2.0182204e-06
2.9362902e-06
6.1308447e-06
1.8663955e-05
3.1104588e-05
2.7483356e-05
0.00012823979
0.0014202704
0.82761705
7.1642035e-07
1.7405151e-06
0.00095215207
0.6358534
4.0973744e-05
0.00032036143
7.745893e-06
4.9030023e-05
5.905741e-07
0.00025364666
7.2510176e-07
0.0037276759
0.0002700967
1.7218368e-05
5.0284227e-05
7.266985e-06
