9.244804e-09
5.2963003e-08
5.2948746e-08
1.6942167e-09
4.0384165e-08
7.52201e-08
1.8398048e-09
1.2909153e-07
2.1110549e-07
1.2826845e-07
2.008942e-08
1.2621324e-07
8.182241e-09
1.5268848e-08
4.331791e-08
1.7600854e-07
2.1940094e-09
1.4747222e-07
2.9755332e-08
5.440407e-08
6.136313e-08
4.0130576e-08
3.001754e-08
2.611055e-08
3.2899774e-08
2.6296165e-08
4.100749e-08
2.319719e-08
3.9948066e-08
8.062371e-08
1.3871468e-08
1.2931922e-07
1.6164623e-08
7.651575e-08
5.0608136e-08
1.255014e-07
7.693209e-08
2.9946222e-07
4.226369e-07
1.025251e-08
8.5922034e-07
2.503626e-07
1.5277162e-07
5.981762e-07
4.6154005e-07
9.778043e-07
1.6523998e-07
1.3152619e-06
5.5303804e-08
1.3764178e-06
1.5502017e-06
8.1327914e-07
2.8181725e-07
5.816816e-07
3.140722e-07
3.573598e-06
1.324424e-06
1.4477656e-07
3.6072875e-06
1.8964081e-05
1.4920866e-05
8.3811765e-06
5.483595e-06
3.822563e-06
7.0820526e-05
0.0001226368
1.1435145e-06
1.0690851e-06
2.1465094e-06
0.00039704816
0.002847951
0.07306758
0.8546472
9.494049e-07
2.1169817e-06
0.00013798365
5.0717143e-05
3.5678352e-06
9.5777805e-06
7.8935445e-05
3.1695781e-06
0.00066003145
6.057868e-06
4.4857111e-07
1.7828512e-05
2.3076668e-06
5.001191e-05
4.002206e-05
1.9638674e-06
1.5595484e-06
7.4964333e-07
1.4092114e-05
6.13365e-06
3.7623575e-08
4.2500443e-07
3.6462866e-06
3.871367e-07
7.843085e-06
1.831299e-05
0.004842131
