2.161866e-08
3.2014266e-10
2.6426719e-08
1.9537914e-08
6.195617e-09
4.187997e-08
3.7478827e-08
9.267087e-09
1.6578078e-08
1.7594465e-07
3.1436908e-08
7.740878e-08
1.6866842e-08
5.304468e-10
3.6236948e-08
1.6163708e-09
4.7737856e-08
1.0150871e-07
2.5683434e-07
3.9030252e-07
6.745006e-08
3.6759533e-07
3.542246e-08
3.822038e-08
5.0057466e-08
2.1569095e-09
8.821664e-08
1.4399234e-07
3.6781876e-07
3.368651e-10
1.3247893e-07
6.880676e-08
1.6801901e-07
4.361029e-07
2.2534526e-07
3.2030076e-08
2.8023973e-07
4.8573803e-08
3.0074625e-07
2.4883022e-09
2.6427387e-07
1.18768924e-07
3.8164447e-07
3.0011014e-07
1.1696568e-07
9.9610226e-08
3.797748e-08
3.57506e-07
2.585257e-07
2.8745546e-07
5.5104715e-07
2.1436279e-06
9.3372785e-07
1.9243005e-06
3.3342243e-08
4.9284654e-07
3.555054e-07
6.9760534e-07
6.430354e-07
1.5869334e-06
4.267123e-06
4.3945256e-06
1.0983192e-06
4.1464037e-07
6.283847e-07
7.858839e-07
5.2982577e-06
9.590129e-06
8.364941e-08
1.7558998e-06
7.3776584e-07
2.728929e-06
7.914267e-07
3.1175212e-05
2.548216e-05
1.2303343e-06
0.00018673971
2.3825603e-05
0.0001935181
0.0008276954
2.68356e-06
4.3935074e-06
0.0006153958
0.000106694584
0.99462354
1.0243368e-05
0.04403372
2.5560379e-05
5.457248e-06
9.85441e-06
1.0906221e-05
2.2803963e-05
6.155773e-07
1.1425676e-06
4.3262073e-08
1.7366905e-06
6.483735e-07
6.3861594e-06
0.0018756165
5.5702935e-07
