1.7612479e-08
9.06512e-08
1.226838e-07
1.1843237e-08
1.4686228e-08
3.7055307e-07
1.0341628e-07
3.1626251e-07
1.7081577e-07
4.3204192e-08
2.9614986e-07
3.275518e-08
1.0637347e-07
1.0744776e-09
5.2808897e-08
2.0234289e-07
5.201829e-07
6.8937327e-09
1.9088739e-07
3.0534542e-07
3.048506e-07
1.7767894e-07
8.671685e-07
7.211001e-08
1.9360594e-07
7.4671824e-08
3.3390717e-07
3.998423e-07
3.4976108e-07
2.3436016e-07
1.1678679e-07
2.63376e-07
3.1111298e-07
2.9276174e-07
2.3378944e-07
1.6884387e-07
2.001045e-07
1.3343673e-07
2.861827e-07
1.9417497e-07
1.1970104e-07
5.223109e-07
1.0891084e-07
4.139036e-07
1.7374097e-07
2.0596885e-07
3.459251e-07
2.3005475e-08
2.699248e-07
4.7711048e-08
3.1199787e-07
7.890157e-09
2.106181e-08
8.3432064e-07
3.5835075e-08
2.4139337e-07
3.1253555e-07
1.1756326e-07
4.8749075e-07
3.730632e-08
1.9001081e-07
1.6596534e-06
1.6134513e-07
4.3062784e-07
4.722159e-07
2.8173388e-06
5.5301507e-07
1.0150796e-06
1.1499005e-06
2.0450344e-07
6.518409e-07
1.8888364e-06
5.3669255e-06
1.010036e-05
1.2110364e-06
1.3863431e-06
1.3265441e-06
6.6469042e-06
0.00013660126
3.7246205e-05
0.015274455
0.99551255
0.0077288537
0.0006286467
5.4819913e-05
0.0012315266
1.9905224e-06
3.6034894e-06
2.3825563e-05
2.0082605e-06
0.00038605652
2.8766326e-05
1.4415057e-05
5.63089e-05
5.7555612e-06
5.3970907e-05
9.1035625e-05
8.616645e-06
0.0004982321
2.0619937e-05
