4.231216e-09
7.243204e-09
1.9306281e-08
4.143052e-08
8.138147e-09
5.1229293e-08
2.761681e-08
5.136374e-11
5.489467e-09
6.375191e-08
4.269932e-07
3.329228e-08
1.3658982e-10
5.812147e-09
1.2166343e-10
7.833986e-08
5.526833e-08
4.7701214e-08
9.84906e-10
8.011174e-10
1.645781e-08
2.7215304e-07
1.2004692e-07
1.583125e-08
2.3177367e-07
3.6526623e-07
3.7829798e-07
3.1682703e-07
2.639657e-07
1.7431083e-07
4.0233553e-07
2.2477202e-09
4.1239274e-09
6.810083e-08
1.3904762e-08
6.115548e-10
1.5957242e-07
4.904217e-07
2.6656338e-07
1.5330616e-10
1.6117392e-09
2.2735347e-07
5.2635594e-09
1.0271203e-08
4.1115737e-07
2.1780457e-07
7.63045e-08
6.2413886e-07
4.4739185e-08
4.6015533e-08
3.0476667e-07
1.3836926e-08
4.7297758e-07
4.3630158e-07
1.2310915e-06
8.7082094e-07
1.8076302e-07
1.3234926e-06
1.3954692e-06
3.280201e-07
1.2500683e-06
7.739947e-07
7.625478e-07
1.5256741e-06
2.0142777e-07
7.5524576e-07
6.686001e-07
6.347009e-07
3.1333961e-06
9.351254e-06
3.3292279e-06
2.2715372e-05
4.17858e-07
2.1560163e-07
4.3491476e-05
1.6706646e-05
1.6417251e-06
8.5199725e-05
0.00019118332
0.99428225
0.0031922814
3.4275056e-06
0.02802726
4.9983696e-06
0.0020339605
2.7065475e-05
3.2792743e-06
2.06294e-06
1.007728e-06
2.0155197e-05
3.888696e-05
0.0006174677
8.840695e-06
0.00012646342
0.0015372377
0.00024573124
5.6212062e-05
5.4862417e-06
2.322124e-05
6.09584e-08
