1.663888e-08
2.1800918e-08
2.2362476e-09
2.8736644e-10
1.0598165e-07
1.0779927e-07
8.813682e-09
3.2206628e-09
2.8456451e-08
1.7147626e-07
1.4541973e-07
6.692385e-09
3.874904e-08
8.749673e-07
7.1478135e-10
9.6517155e-08
1.3706327e-07
1.6307688e-08
1.896875e-07
1.4651752e-07
4.270908e-07
5.7281234e-08
2.3236359e-07
1.465429e-07
1.1895254e-07
2.6989645e-07
3.203834e-07
3.147164e-07
3.4062444e-07
2.0334147e-07
1.765913e-07
2.037921e-07
1.2062998e-09
1.4320591e-08
2.8174503e-07
2.757336e-07
1.1843756e-07
1.6255824e-07
1.1265385e-08
1.00661905e-08
7.333306e-09
2.9009368e-07
3.261576e-08
3.7034724e-07
3.7989338e-08
3.9879185e-07
9.541327e-07
3.2934892e-07
3.7443792e-07
1.5861715e-07
1.2832862e-07
3.4270514e-07
2.4767337e-08
2.4579818e-09
4.7149453e-07
9.969793e-08
6.3761047e-07
1.6810354e-07
1.729437e-08
8.1983995e-07
1.1891225e-08
1.8064078e-07
4.2550352e-07
5.693344e-07
1.1001647e-06
1.292825e-06
1.3664632e-06
1.7644889e-07
1.4533975e-06
4.3710003e-07
2.3064558e-07
2.1219967e-06
1.7045726e-06
1.854371e-08
6.087234e-07
7.664758e-06
1.751023e-06
2.2114643e-06
6.5296795e-06
4.678482e-06
7.747743e-06
2.6144648e-06
3.4749254e-07
3.1743377e-05
9.109097e-05
1.0867496e-05
7.173519e-05
1.5344072e-05
0.99480355
0.050056618
0.0047010453
0.0006962456
1.929559e-05
9.709778e-05
5.0102695e-05
0.0011138938
7.4551375e-05
0.00035538917
0.0003056177
8.257067e-06
