2.9913945e-08
1.6365575e-06
5.869574e-07
2.927477e-09
2.3956003e-08
4.178172e-07
4.329097e-07
2.8102432e-08
5.417241e-08
2.9604188e-08
9.239157e-08
1.0244161e-07
2.7752302e-08
1.2040831e-06
1.9007656e-07
3.3271181e-09
8.303366e-09
1.7905488e-07
9.544575e-08
1.3598482e-07
1.5568504e-07
6.921674e-08
2.837718e-07
2.1334507e-07
1.8449279e-07
4.9274977e-08
4.2033545e-07
4.838967e-07
4.033157e-09
6.2647516e-08
1.143459e-07
1.3032135e-09
5.904142e-07
1.0220174e-07
9.318134e-08
2.3888887e-08
2.5799727e-07
2.9135808e-07
3.8420515e-07
1.2132672e-07
1.2032383e-07
2.4808094e-07
2.285745e-08
4.1141584e-07
4.1492788e-07
1.929504e-08
4.3845353e-07
3.917675e-07
1.239771e-06
4.4853422e-07
6.2896385e-07
1.1002761e-06
1.7417719e-07
6.9634996e-07
1.1193276e-06
1.432827e-05
1.2785092e-05
4.266049e-05
4.3699615e-07
7.654039e-06
3.8413305e-05
0.0001856222
1.1175824e-05
7.026977e-06
0.998238
1.1687603e-06
0.00014727558
3.639703e-06
0.0022538071
8.15072e-08
0.010421151
0.00023471136
4.180554e-06
2.7165697e-07
2.6597982e-05
7.408829e-05
5.184242e-05
4.6424493e-06
3.2483192e-06
2.6702235e-06
7.5964167e-06
8.6654e-06
2.282425e-07
4.15722e-06
9.5121334e-07
1.9128482e-05
2.6810117e-06
3.088265e-06
4.762364e-06
5.000713e-07
9.023923e-07
5.766866e-06
1.2119326e-06
9.579063e-07
0.00021659864
1.1757489e-06
1.8044188e-05
1.1506635e-05
3.9722276e-05
2.1124863e-06
