9.696795e-09
1.5257816e-08
1.9832692e-08
1.0380989e-08
5.971659e-09
4.450942e-09
5.299006e-07
4.6294023e-08
9.791417e-08
6.083134e-10
3.0824964e-08
9.3604264e-08
3.6500435e-08
2.2261668e-07
2.7488095e-08
4.756474e-09
6.504573e-08
1.3677051e-07
1.6749388e-07
1.5261797e-07
1.5253201e-07
7.7820054e-08
6.186198e-08
4.147813e-07
1.9251277e-07
5.269949e-07
4.180666e-07
1.237812e-07
2.8491378e-08
6.598643e-08
6.223524e-08
3.4464854e-08
2.8642603e-07
3.2681592e-07
2.7194125e-07
8.38733e-09
3.6024142e-07
2.798545e-07
5.823592e-10
3.9073768e-07
2.3737208e-08
1.4487672e-08
6.989479e-08
8.834375e-07
9.087198e-07
1.3897032e-07
6.685513e-07
6.925075e-08
2.119373e-08
4.0623968e-07
5.6417747e-07
3.0731388e-07
3.1120163e-07
1.4463329e-06
6.634328e-07
2.6008598e-07
1.0217713e-06
7.753922e-07
8.3214815e-07
1.585624e-06
1.2619016e-07
1.21241e-06
3.4716188e-06
8.71697e-07
3.0961482e-07
9.629442e-06
4.6256605e-06
4.9708515e-06
2.0166353e-05
2.5795655e-06
2.5504137e-06
2.4007663e-06
4.435277e-06
1.3460886e-05
4.096072e-05
1.7016939e-05
0.00020911713
8.7910455e-05
3.092716e-07
0.00064471684
2.5918744e-05
3.7363673e-06
0.0027475234
1.4673301e-05
0.859823
2.8402224e-07
0.00013504429
0.000110480076
0.26220104
5.3874635e-07
9.389389e-05
0.00057473057
9.58489e-08
2.646796e-07
1.96382e-05
0.0033592326
1.5860991e-06
8.136864e-05
4.4308454e-06
1.1775678e-06
