9.3172305e-09
3.162524e-08
5.6464184e-08
3.228574e-09
2.0187963e-07
2.151699e-08
1.9482062e-08
1.661735e-08
2.972272e-08
2.9828637e-09
4.269646e-08
1.2243694e-07
9.80606e-09
6.610597e-08
5.5851446e-10
1.6471015e-08
7.575617e-08
2.1651107e-07
6.903025e-07
7.3275004e-08
8.046177e-08
4.0928704e-08
1.0957772e-09
1.6482528e-09
2.0893215e-07
9.4059243e-07
1.0201348e-06
4.8348653e-07
5.1708353e-09
3.2536602e-07
3.3389108e-07
1.0534318e-06
1.13399075e-07
9.60144e-07
2.8077345e-09
5.008575e-07
1.1192181e-07
1.313253e-07
7.9917626e-08
1.825753e-07
6.376007e-08
1.2416876e-07
4.7044145e-07
3.5310885e-07
1.9084851e-07
1.8006862e-07
6.385231e-07
1.716081e-07
2.8355367e-07
5.0646648e-08
1.368056e-07
4.827963e-07
6.1774557e-07
4.3938943e-08
1.2128466e-07
4.842603e-07
5.176427e-07
1.6700848e-07
1.8363944e-07
4.2184178e-07
1.1485167e-06
1.8692497e-06
3.7669594e-07
3.4899378e-07
4.055946e-06
2.0101936e-05
4.112183e-06
3.3336997e-07
2.2897466e-07
6.784009e-07
1.5618343e-05
2.4245155e-05
1.3242959e-07
2.632813e-07
5.845758e-05
0.00017370174
0.0002485884
0.0019115481
0.9961236
0.040588494
6.712006e-07
3.9637973e-05
0.00011074627
7.1986986e-05
0.0023644231
1.3109107e-05
4.0114014e-06
2.61204e-06
3.1854063e-06
4.3625646e-06
0.00044712445
3.806326e-07
0.0010587721
8.9793616e-07
8.143267e-06
8.173529e-05
2.1832895e-05
5.0169444e-08
9.624536e-07
8.662633e-06
