4.1460484e-09
1.04886855e-08
8.431361e-09
4.907065e-08
3.961901e-09
5.8775314e-08
3.331365e-08
1.963773e-09
2.7032781e-08
3.405753e-08
2.184941e-08
2.7665254e-07
2.4815499e-08
7.9662416e-10
2.9232757e-07
3.4175233e-08
4.2305883e-09
4.5972108e-11
8.987396e-08
3.8091477e-07
1.3614881e-09
8.1680156e-08
1.1649745e-07
1.670242e-07
3.2302164e-08
1.5602215e-08
7.3521935e-09
1.808181e-08
1.292468e-07
5.786278e-07
6.406746e-07
2.8709232e-07
1.1314015e-07
1.0361266e-07
1.3500163e-07
2.4307576e-07
2.9772562e-07
1.1282148e-06
4.00137e-07
1.0762997e-06
1.5309507e-08
1.5111166e-07
4.5540713e-07
9.39431e-10
2.9392277e-08
2.969725e-08
1.7398372e-07
5.5321897e-07
2.705395e-07
6.3709336e-07
3.1254876e-07
5.976469e-07
8.1282266e-08
9.915691e-08
7.364296e-09
7.1852334e-08
2.0946682e-07
2.139675e-07
1.2641607e-07
5.5898514e-08
6.1927885e-08
1.5879134e-07
4.564557e-07
6.015137e-07
8.0950095e-08
1.28144055e-08
1.7963824e-06
7.393649e-07
1.8385147e-07
1.0371278e-06
6.0671994e-07
4.0064904e-07
7.4172226e-07
1.960079e-06
7.0407436e-06
2.6129753e-06
5.9067565e-06
2.9831506e-06
9.174575e-07
1.7430357e-06
1.7518321e-05
5.738515e-07
7.787642e-06
7.0801325e-05
0.000445997
0.0002859159
0.0011516511
3.0375682e-07
3.9991242e-05
0.0027399664
8.154906e-07
1.3341785e-05
0.0013350652
0.9934022
6.3562395e-05
1.2923003e-06
2.9017881e-05
5.1928782e-05
0.053653907
1.2905003e-06
