8.2007725e-09
1.3091941e-08
1.467825e-08
2.5108694e-08
2.6902375e-08
9.688959e-09
4.875873e-09
2.2881613e-08
6.9353604e-08
1.1905447e-07
6.5698664e-09
2.402912e-07
1.1331328e-07
8.834017e-08
8.028957e-08
4.134239e-08
2.9874047e-07
5.9642026e-08
1.794791e-08
1.2630072e-07
8.5504915e-08
4.5183288e-07
4.05267e-08
1.0850588e-07
2.0710257e-08
9.449119e-08
1.2761967e-07
8.125422e-07
8.567445e-07
3.3761463e-08
7.314927e-08
6.911682e-08
1.6722029e-07
3.9595836e-08
6.485497e-09
1.732358e-07
2.2237424e-07
2.7179843e-07
7.7631746e-08
3.040492e-10
4.7867363e-08
3.1761232e-08
2.3266108e-07
1.219225e-07
2.1056597e-07
3.559073e-08
1.0998774e-07
1.5697282e-07
1.3127105e-07
2.027778e-08
1.6781098e-07
3.1513744e-07
5.004683e-07
7.928903e-08
3.034002e-07
7.04211e-07
1.7905387e-07
2.4691568e-07
9.559212e-07
2.0949423e-07
1.677483e-07
2.678404e-07
4.4165765e-07
2.2295035e-06
2.1209428e-06
3.1576885e-06
5.330914e-06
2.6248297e-06
5.2159544e-07
4.719667e-06
1.2912111e-06
1.926775e-06
1.9660953e-05
2.5731826e-05
4.3406953e-06
0.003149516
0.0002015518
0.99074167
1.2319196e-05
0.038893387
4.4466306e-05
0.00010989373
0.00042671262
9.4579154e-05
4.026447e-08
1.2332096e-05
4.3108776e-05
0.0017196712
2.3931351e-08
5.4173557e-05
1.2967204e-05
1.3630715e-07
6.705127e-07
3.0010658e-06
4.3396614e-07
1.6343072e-05
0.0015038078
6.375126e-06
8.750028e-05
1.0948207e-06
