9.483357e-09
1.7388944e-08
2.1342622e-08
2.1502043e-08
1.5830977e-09
8.396309e-08
9.399803e-09
6.578716e-08
2.9471286e-08
1.1136999e-08
4.5980775e-09
4.647981e-08
2.2145659e-07
1.7849985e-07
7.542191e-08
1.03725334e-07
3.5339095e-08
2.1504475e-10
8.697521e-08
1.1800171e-08
2.0997681e-09
7.188467e-09
4.0717765e-08
6.746209e-09
2.8895977e-07
1.5373552e-06
4.3168058e-07
3.04124e-07
5.653186e-07
6.833436e-07
7.927894e-07
5.469173e-07
4.36582e-09
4.648611e-07
7.14361e-08
4.734965e-08
1.4637553e-07
3.514775e-08
7.9033775e-08
1.0872827e-07
4.6925527e-07
3.9405992e-07
3.2683056e-07
5.769464e-07
2.9192557e-07
1.7251082e-07
5.3536985e-07
2.3157759e-07
1.8451881e-07
9.5183907e-07
9.567573e-07
3.7341113e-07
3.6596846e-09
5.0713607e-09
3.53273e-07
3.393829e-07
6.5197924e-07
1.2100412e-06
2.1192327e-06
9.095001e-09
2.5648046e-07
4.330787e-07
1.06862856e-07
2.8501715e-06
4.1439708e-07
3.358746e-07
8.7560346e-07
4.101918e-06
1.019549e-05
1.4543106e-07
9.3487315e-06
5.987971e-07
5.4069324e-07
5.9603065e-07
1.3595702e-06
1.5936857e-05
3.8968385e-05
0.00012290293
0.9927052
8.0932193e-07
0.009516102
4.3066277e-07
5.0141284e-06
0.0026806886
2.3920688e-06
0.005092017
7.015531e-05
0.0019542442
6.3134125e-05
1.82923e-06
7.232851e-05
1.0394897e-05
6.927973e-05
1.4734668e-06
2.6473577e-07
1.04043365e-05
0.0005728913
0.00015397297
1.9734796e-05
9.023445e-06
