9.056189e-09
1.8946162e-09
4.4883643e-09
2.1273218e-08
6.8376362e-09
2.697508e-08
5.7399905e-08
4.3630585e-08
6.1466025e-08
2.8502496e-09
1.371983e-07
2.0154687e-09
1.563505e-07
2.8460547e-09
6.05507e-09
5.421492e-08
5.8699626e-08
9.0771e-08
4.421924e-07
6.899204e-08
1.729208e-08
5.8144694e-09
8.8119965e-09
3.884935e-08
5.3718217e-08
1.2224275e-07
8.327991e-08
5.384201e-08
2.8724013e-08
3.9957257e-08
4.8968317e-08
1.0039529e-09
3.416847e-07
3.5852787e-07
2.4174975e-07
1.6814089e-07
1.5881787e-07
1.8450046e-07
9.807228e-09
2.1995136e-07
1.6800527e-07
3.1755707e-08
1.5397541e-08
6.111102e-09
1.1235675e-07
3.0961974e-07
1.041486e-07
4.0550336e-07
1.4956571e-07
9.123107e-08
2.0979793e-07
4.8623193e-08
5.4185794e-09
6.328767e-07
2.721448e-07
2.274415e-09
6.14413e-07
8.131462e-08
4.3746105e-08
1.1044948e-07
3.56327e-07
2.2076496e-07
4.6386083e-07
2.2155893e-07
1.2016105e-07
7.977771e-07
4.5610017e-07
4.5983494e-08
1.9865472e-06
1.5339667e-06
9.9437e-08
3.6445215e-07
2.7408745e-07
3.3227872e-07
4.558711e-07
2.2431168e-06
1.4074192e-06
3.8794465e-06
5.3507592e-06
1.7587061e-05
2.8335542e-06
2.3609603e-06
1.6921346e-06
9.951161e-06
4.1356586e-07
0.00012177696
6.1968196e-05
0.0005386458
0.00011522338
0.01314119
0.98276263
0.0003220546
1.304146e-06
4.337729e-06
1.7623304e-05
0.0003711764
0.0070689535
6.483047e-05
3.1632742e-05
9.527641e-06
