9.482658e-09
5.736358e-10
1.5950228e-08
3.228204e-08
2.164856e-09
3.2340214e-08
1.0437273e-08
2.6308042e-08
2.6324822e-09
4.6066413e-09
1.22379e-08
1.7768912e-08
4.3384027e-08
1.1133931e-08
7.1881e-08
1.0426953e-07
1.1148607e-08
6.9605335e-08
7.912109e-08
6.8717874e-08
3.3763428e-08
4.4445414e-07
1.9213489e-07
1.0070894e-07
7.6545824e-08
1.1377186e-07
1.8432472e-08
4.320551e-08
3.604082e-09
5.7603685e-08
1.5796215e-07
8.455863e-09
4.3653877e-08
6.066668e-08
4.8729763e-08
3.2772132e-07
3.626836e-07
4.941301e-08
6.236453e-08
9.1276214e-10
2.3841913e-09
1.2874033e-07
3.508477e-09
1.4812973e-07
5.029809e-08
5.0074203e-08
4.3807113e-09
1.4344867e-07
3.4381307e-07
1.2993877e-07
6.175132e-08
5.048509e-08
6.124683e-07
1.6329391e-08
1.238243e-07
1.3737255e-07
4.324562e-07
4.5292822e-07
4.0519274e-07
9.370434e-08
1.9802916e-07
2.4946928e-07
5.572812e-07
1.5268492e-08
3.9148395e-07
8.0236236e-07
8.6730176e-07
6.0440357e-07
1.5870366e-06
1.0645537e-06
1.1696145e-06
5.754245e-06
2.7426017e-06
1.7166093e-06
1.6087275e-06
0.000338413
0.0010362495
1.31373645e-05
2.2661998e-05
3.659087e-05
0.9885519
1.5279239e-06
0.0051747574
0.000126429
6.183486e-05
3.6192025e-06
7.0606884e-06
7.554016e-05
0.00015909283
2.1071854e-05
7.1555326e-07
8.483059e-06
8.841909e-07
1.0781626e-05
0.005080993
0.0006550095
2.1516084e-06
6.8458e-05
3.9140463e-07
2.140439e-05
