4.5840562e-09
3.255356e-08
9.961384e-09
1.5255875e-09
7.5034116e-08
6.7926685e-08
1.8195033e-07
1.2586634e-07
6.6808596e-08
2.2949007e-10
7.590351e-08
3.1645462e-09
5.434053e-09
3.871267e-08
3.8662543e-07
1.0780288e-08
2.1205435e-07
8.188915e-08
5.9077774e-08
7.2213564e-09
2.4501477e-07
7.3391725e-08
3.621335e-08
2.5505315e-08
3.703468e-08
5.2972695e-08
1.5249178e-07
7.106083e-08
8.113696e-08
9.804366e-08
1.2302246e-07
6.4431044e-10
8.857999e-07
4.0473913e-07
4.870215e-07
3.4984768e-07
1.7070161e-07
2.392787e-07
1.1106171e-08
2.7240472e-07
1.5146078e-08
2.3074063e-09
3.2575375e-07
6.4508484e-08
7.091955e-07
6.4333454e-07
4.930151e-07
1.8724035e-07
7.022842e-08
3.2276282e-07
8.63913e-07
2.4742766e-07
1.7250018e-06
2.1674157e-07
2.1903984e-08
2.8390255e-07
7.4291404e-07
7.546871e-07
3.65201e-07
4.4081334e-09
1.6514099e-06
7.3787214e-07
1.7206108e-07
1.1080288e-06
1.8969781e-07
1.0243514e-06
6.077185e-08
5.6891968e-06
1.3717167e-06
2.1603134e-06
1.8780266e-06
7.025665e-07
3.878435e-06
1.8066596e-05
9.967184e-06
1.5455802e-05
8.3816114e-05
3.0210133e-06
3.1884352e-05
5.899211e-05
3.0898853e-05
1.0833316e-05
9.665162e-05
3.8861373e-05
0.86930484
0.61025697
0.0012780381
1.1122438e-06
0.0018022454
0.00017270457
0.00046094254
2.6777836e-05
1.2813086e-05
3.6395446e-07
2.12835e-06
3.812978e-06
7.4421328e-06
0.0003944033
0.00024123429
6.9465926e-07
