1.0064136e-08
1.9982192e-08
2.0163977e-08
5.259331e-08
1.1487524e-07
1.1781717e-08
1.1042286e-07
1.37469714e-11
2.902586e-08
1.39736995e-08
2.2527345e-07
1.7433214e-08
2.950815e-08
2.8701205e-08
3.5431909e-09
3.0071925e-07
2.9772103e-08
1.2090742e-07
8.0599776e-08
3.3831533e-08
4.9994785e-08
8.386314e-09
8.806679e-08
1.7284631e-07
2.0705167e-07
1.8626379e-07
1.936112e-07
2.347625e-07
2.932242e-07
4.232233e-08
4.96598e-08
7.4409634e-10
3.3589208e-07
3.362511e-08
1.497333e-08
1.3011686e-07
3.8944034e-07
9.073939e-08
4.6010533e-07
1.3946537e-07
5.3509535e-07
1.5881218e-07
4.2628795e-07
2.0140881e-07
7.918688e-07
1.3833572e-07
4.447835e-07
1.0936361e-06
1.304517e-07
5.7463183e-08
4.7194516e-07
9.507369e-08
6.740272e-08
6.975365e-08
5.6522276e-07
1.7820781e-07
1.5717721e-07
1.802931e-07
1.3641234e-07
5.519243e-07
3.5051642e-07
1.1543472e-06
1.0323746e-06
2.4339494e-07
1.204474e-07
8.403566e-07
3.305779e-07
1.9918262e-07
3.511136e-06
8.108364e-06
4.8883217e-06
8.550513e-06
3.3903981e-07
1.9605993e-07
1.5616937e-05
3.05293e-06
1.4070623e-06
2.427742e-06
6.25213e-05
7.5644375e-06
3.82807e-05
2.8099665e-05
0.0007032099
0.0008898932
0.014661957
0.99515444
3.702047e-07
2.858156e-05
7.28464e-06
4.2628755e-05
0.00018190568
1.873607e-06
1.909841e-07
0.00019450649
0.00058372185
0.018210487
0.0007753368
9.6903295e-06
5.2934607e-05
2.1051346e-05
