6.0660903e-09
1.204049e-09
1.3113752e-08
3.0689924e-09
2.1077449e-09
4.3420116e-08
1.4633314e-08
5.910113e-08
1.2502741e-08
6.881721e-11
7.2333854e-08
1.6225379e-09
3.731759e-07
7.84024e-08
7.094362e-08
4.433354e-09
1.3310044e-08
2.97737e-09
4.2178087e-08
1.1744347e-08
4.0891372e-08
1.0974763e-07
8.565301e-08
1.3579241e-08
2.2272218e-07
9.6148725e-08
1.4295354e-07
9.8459445e-08
8.911897e-08
1.0743354e-07
3.9791323e-07
3.4181804e-07
3.288451e-07
4.498412e-08
3.7947325e-07
4.349154e-07
3.2712627e-08
2.2377827e-07
3.3787998e-07
3.966955e-07
5.3766456e-08
1.8856761e-07
1.810699e-07
3.544842e-08
8.630029e-09
2.5271904e-08
1.1828503e-09
5.0743273e-07
6.396436e-07
3.9370374e-09
6.079948e-07
6.8680583e-07
1.9532726e-07
6.0059574e-07
3.7654914e-07
3.2952112e-08
1.0065954e-06
1.4928251e-07
1.5005996e-06
3.646015e-07
2.1223932e-06
7.231858e-08
9.022988e-07
1.6074307e-07
4.7131962e-07
3.142212e-07
1.2153718e-06
1.976963e-06
4.4308963e-06
1.4448574e-06
4.3075605e-07
8.090371e-07
4.242012e-06
7.719216e-07
4.888442e-06
1.162484e-06
7.222394e-06
1.1214631e-05
2.354675e-06
3.898134e-05
3.62455e-06
2.1924894e-05
9.224738e-06
9.687074e-05
0.000105080435
5.707782e-05
0.00034175286
0.00024179084
3.951986e-05
1.6719488e-05
0.00020694757
0.0005075071
0.007925607
0.99467903
4.817015e-06
1.9156809e-05
0.09326313
1.2826231e-05
2.1018508e-07
3.2780997e-06
