7.97088e-09
1.0130691e-08
1.363915e-08
4.251599e-09
8.793422e-09
2.638398e-08
4.483135e-08
6.312893e-08
3.0839813e-09
4.2546098e-08
8.024377e-08
1.2576157e-07
2.4616556e-08
4.4202757e-09
1.2005951e-11
2.8363596e-07
3.471466e-08
5.1352874e-08
1.16360575e-07
5.387591e-08
1.8513639e-08
1.2898902e-07
1.562513e-07
4.6531284e-08
2.7181857e-08
2.440445e-07
1.337319e-07
3.1554353e-07
1.2311081e-07
3.286293e-07
3.9164655e-07
4.8181147e-07
5.721611e-07
4.4506257e-07
3.3826757e-07
3.2845614e-07
1.6382066e-07
1.1667986e-08
7.6540685e-09
1.3041391e-07
1.6698966e-07
1.5455143e-08
6.0279284e-08
2.0557535e-07
5.174959e-08
6.886448e-08
8.01555e-07
4.1461473e-07
2.2104054e-07
5.682936e-08
7.301245e-08
2.3671213e-08
5.2344763e-08
3.717583e-07
1.9114061e-07
6.902537e-07
3.160532e-11
3.0067648e-07
4.0550123e-09
4.0524986e-07
3.3179287e-08
5.4582256e-07
1.3445572e-07
9.678538e-07
5.533808e-07
3.724832e-07
3.161261e-07
3.2736733e-07
5.3997803e-07
1.7237859e-06
1.8680643e-07
4.51455e-06
2.8749337e-06
1.0061791e-06
1.2560763e-06
1.1774832e-06
9.568714e-07
2.5614752e-06
2.728185e-06
1.1109112e-05
9.892768e-06
4.317492e-06
1.7009137e-05
3.5512083e-05
0.00017901456
0.0003445377
9.983347e-05
3.3708777e-05
0.0012130612
0.9899738
9.619978e-06
0.075539745
8.167176e-06
0.0023358124
5.786021e-07
5.523255e-06
0.00018031285
6.354706e-05
1.5182498e-05
2.085242e-05
