3.9189656e-09
9.44233e-09
3.490206e-08
4.508385e-08
1.3879728e-08
3.8147327e-10
5.9490848e-08
1.4152693e-07
8.483411e-09
2.1245322e-07
2.3096257e-08
5.3455627e-09
2.9907519e-09
9.9627236e-08
2.1252239e-08
4.0633715e-08
7.675208e-08
1.2945388e-08
2.4630088e-08
9.259301e-08
1.3447782e-07
2.9682216e-08
6.1417453e-09
2.1746821e-08
1.5845602e-07
2.5673717e-07
2.2173985e-07
1.6764983e-07
1.7170481e-07
5.9695583e-07
4.986685e-07
3.0771997e-07
1.7569104e-08
1.6496683e-07
8.867177e-08
2.5171718e-07
4.5968247e-07
9.131485e-08
5.910329e-07
6.212774e-07
5.5323235e-09
8.2308516e-09
2.2310725e-07
3.307223e-08
5.674063e-08
6.89303e-08
2.9717389e-09
1.600798e-07
3.5175646e-07
4.845405e-07
6.081338e-07
9.6807085e-08
3.8462287e-07
2.1974674e-07
1.12146836e-07
4.1615465e-07
1.771672e-07
1.8539847e-06
2.6639367e-07
2.0736782e-07
2.318352e-06
2.6518299e-08
9.718401e-07
3.0957133e-06
3.2125727e-06
1.3797515e-07
2.8840552e-07
4.51748e-06
8.164384e-07
2.1978742e-06
5.3860043e-07
6.9502294e-06
2.9444206e-07
1.5854293e-06
1.4760421e-06
8.021756e-06
3.6295703e-06
1.7265142e-05
4.810509e-05
3.490135e-08
5.4932225e-05
2.2977969e-05
0.00019475423
0.00019972125
7.464291e-07
6.1241226e-05
0.0004990492
0.050114933
0.99208415
4.0307996e-06
0.00018016077
0.00031582592
0.00013122629
5.690901e-07
0.005105778
4.9147695e-07
1.865356e-05
9.624135e-07
2.1766122e-05
2.0166061e-07
