8118.2393
4675.91
4440.5073
3350.2175
2399.7908
2135.9841
2090.5671
1870.5487
1448.2399
1075.5824
693.90247
648.5573
638.7287
586.72504
555.01904
535.22296
525.4083
506.58258
469.09125
451.4161
443.87613
434.92618
415.04
398.37552
393.63776
356.17526
368.0918
372.366
342.9012
354.78793
325.99854
303.46707
-176.23749
282.1151
278.4336
266.63052
255.8058
257.80075
-148.32635
244.72115
239.68857
234.71371
225.68839
-140.39719
217.81665
210.83455
207.28752
-134.82112
-132.26097
-129.61354
193.21
184.81735
-122.38246
-119.93158
-118.56182
178.0647
171.59154
-112.3373
165.93604
123.0914
116.74939
146.2358
105.890816
73.09257
64.040375
81.46568
-108.3248
-104.89462
97.02257
32.179398
40.113518
55.87943
24.508648
-102.58255
-98.8482
16.445478
-0.048613075
1.5036811
139.63826
-94.37511
-4.9703665
-46.85314
-90.64694
-12.487552
-19.912638
-40.301804
-53.36605
-59.387604
-76.59764
-33.561947
-71.0765
-27.106592
-80.84794
158.03595
90.0176
-85.68032
-64.829994
134.3893
8.280625
48.56006
