5364.685
4757.3745
3323.0098
2877.215
2748.2065
2383.9102
1944.825
1513.529
1039.8688
644.9854
602.12427
516.19684
479.8452
433.28305
420.25357
395.42984
382.99072
360.42615
-223.49701
342.2123
-189.98685
325.82147
318.5829
308.8916
301.90576
297.11118
288.21164
-180.15805
-175.66971
-172.30452
283.29102
271.25412
264.55865
-162.4218
-163.42247
-157.38464
255.52094
244.61157
248.48749
239.9424
-153.77002
-151.86128
233.48317
-145.92206
-144.2743
-140.74582
215.43188
207.98706
205.42798
-137.22273
-132.7416
-130.4918
224.96461
186.54184
191.1462
177.27777
-125.07703
170.62039
-110.6837
-106.17477
-74.35763
-67.87274
-60.74847
-92.97694
-87.09977
-53.56455
0.077408984
-1.2389272
38.956833
31.059256
23.108301
47.083218
5.6860514
-8.228207
-46.719345
-17.243977
146.46748
55.239708
139.0014
88.341606
154.73874
-98.04016
-25.027946
79.89595
130.0883
98.23702
105.98487
-32.390297
123.079285
-115.98859
223.05118
71.95249
113.033806
195.88622
160.93407
-39.75846
64.16104
-81.2151
-120.87727
14.100577
