2683.2244
1521.5071
1238.5398
992.9776
740.77985
736.68384
569.2529
495.19202
444.5613
343.60074
302.29657
288.182
285.74542
243.74985
201.62747
198.4562
179.41875
176.2882
157.91919
154.96661
148.2716
138.29955
132.34698
128.19531
125.595345
117.05012
111.498024
-88.53633
103.32733
97.412315
96.84711
89.42879
87.09312
-73.39973
-70.72167
82.16665
81.38782
76.571915
78.50498
74.34537
71.210625
69.47523
-63.76783
67.25919
64.313644
-61.57667
-62.713676
62.95033
57.907806
59.971424
-59.146927
56.02945
-56.45268
54.09525
-56.001522
-55.418056
50.413425
48.010033
44.240215
41.525803
-53.77641
-53.083107
32.322758
35.944847
-51.89
-50.228405
-48.92875
29.912106
-47.807533
26.687279
-45.903027
20.614197
17.83565
14.779174
11.847411
-29.210127
-31.506443
-41.884663
-43.983994
-26.687412
-33.785072
-38.24117
-0.06784105
0.19477236
-40.034214
2.744677
-24.485989
-2.4884126
5.7820554
-16.49287
-13.927475
-36.28982
-5.427996
-11.155525
-19.083471
8.91297
-21.658957
-8.380189
39.063713
23.681051
