2374.7864
1927.1735
1388.527
1291.2999
1210.9635
1009.3353
928.83
678.78375
566.3911
388.86838
385.207
326.93207
304.07867
286.3095
246.37343
239.13777
230.83485
228.8378
-133.01524
215.43224
213.98376
204.02937
192.9566
188.52939
176.79694
-112.58993
-108.92629
163.36101
158.35873
148.87042
145.10031
-97.426926
-96.18957
-94.87773
138.71886
135.15752
134.0722
128.82658
-93.13474
-89.24166
126.48118
123.988625
122.006165
117.04846
-86.49617
-85.82694
-83.68096
113.46419
111.76008
107.84206
-80.84278
103.17839
-79.6024
-75.98009
-74.23661
-71.51782
97.991516
92.46257
-67.710014
-65.56359
-56.58139
-53.039047
75.580055
20.65956
25.088654
29.726284
-59.381153
-49.985577
16.31688
38.994503
71.176445
43.69952
11.694879
86.2684
-34.65494
-38.661457
0.009189654
-30.941011
-1.5490636
66.89819
52.87841
48.55247
-5.512103
-10.512735
2.2648718
-42.326683
-26.891624
-14.956729
57.63656
-18.79598
-78.086105
-22.920551
80.68374
62.085285
-63.340446
-45.6131
6.51291
100.659035
88.467125
34.410862
