425.5423
289.86276
260.86285
238.66896
209.04105
176.69075
143.05968
114.2448
103.4159
92.77533
80.61888
71.42654
65.55322
59.214058
57.529
54.599396
51.581097
45.038982
42.78828
40.53477
38.27963
37.694286
33.52152
34.229626
29.729792
29.56515
-21.200521
-20.453089
-20.012072
27.126266
26.582722
25.14325
24.754787
22.765
22.947369
-19.205341
20.784483
20.955353
-18.445412
20.115799
20.572926
-17.56402
-17.459522
19.154894
18.698547
-16.97329
18.166649
-16.260736
-15.968688
17.39888
16.394503
15.856352
17.19629
-15.460866
-15.2488365
14.938066
-14.967281
-14.489357
-13.837706
14.407204
12.022091
12.900499
13.788558
-13.502125
11.277807
9.9068775
8.85001
8.114688
-12.5903425
-11.8800955
-10.321721
-9.945089
-9.171085
-7.9100294
7.2819753
5.6709647
4.7897453
4.0279503
-11.215114
-7.295402
-0.014838219
0.06792398
-6.557557
0.7326955
1.6451778
-0.627045
3.2597842
-4.4831614
-5.1930704
-2.285604
-3.0219371
-3.7640183
10.563739
6.43689
-5.864692
-1.4938844
2.4586673
-13.094829
-11.609215
-8.664877
