5325.8164
4291.8604
3539.9636
3103.559
2354.5627
2252.1829
1932.3333
1765.8214
1292.4995
614.5687
565.73895
511.90887
491.23206
465.11945
458.4438
419.4151
384.79285
386.95462
370.58206
358.18475
340.9995
335.26624
329.9362
312.71024
307.37732
291.82016
289.46588
285.94537
277.5687
268.4525
272.39255
249.17744
255.53925
257.817
-194.19247
240.56577
235.82886
-186.48993
227.8849
-172.3047
-170.35832
221.49818
209.48293
216.64503
200.368
195.48778
-161.42834
-159.64076
-156.3156
164.87447
171.9779
181.43764
150.07213
144.06877
-150.62645
187.11656
128.46124
118.96083
-146.21977
110.177025
101.45179
-131.4119
-139.78033
-144.56541
-146.90274
-133.13777
84.64432
-127.57911
75.690056
66.74023
-123.82421
-79.579155
-84.813675
-108.12601
-103.19882
-98.08293
58.366905
-72.476395
-117.939896
-66.02377
25.45375
17.081192
-30.49395
-23.074451
-58.902912
33.53202
50.19619
-37.858604
7.7973843
-14.558464
-44.893894
-0.14477721
0.77943987
-114.20287
41.885574
-6.22976
-52.098736
137.34818
92.57497
-92.29263
