5571.317
5194.4346
4360.9653
3989.9387
3734.839
3247.6729
2778.651
2299.325
1477.8668
781.2806
667.93933
590.61536
552.58
497.40952
485.11777
457.65494
442.82672
423.38474
399.83774
392.33325
380.79474
356.9813
347.98044
336.8919
327.26535
321.4645
313.42847
310.0593
296.41013
283.0626
279.31497
270.84726
264.39685
255.52542
252.16832
248.87563
-152.34315
239.6783
231.83208
230.74194
-144.36925
223.72649
216.20567
-134.65915
180.62761
188.4668
197.83525
208.91942
-131.59378
173.62956
-126.55386
167.18993
143.4144
148.48439
-122.89315
-121.39403
134.14081
125.509735
-119.630325
-116.21552
-118.38956
108.192314
-108.01923
-110.55375
-104.73639
99.92819
91.32916
82.74079
74.11504
57.70798
49.97725
-97.114586
-92.76102
-78.79627
33.979534
41.906033
-73.54489
-67.09834
-49.790268
-37.254036
26.609032
-30.5479
-43.401367
-9.397722
0.013697392
-2.6622293
-101.39006
-88.133446
-55.870525
-16.920229
3.6293023
10.772576
-83.70263
158.99251
205.46153
115.785385
65.63765
18.748201
-23.984987
-61.3486
