2706.4595
1652.859
1330.4337
773.9845
662.411
623.579
574.8706
540.6039
533.5656
519.9341
-426.4006
467.42896
442.9408
422.0683
413.33588
402.63928
387.63184
377.59546
-356.10886
-341.34634
364.15155
359.35272
336.15085
348.45905
326.18063
-327.04178
-315.82742
333.40396
314.93234
307.91394
301.64835
-305.6282
-297.9901
293.74838
290.81226
-290.82303
-288.68256
268.92252
275.196
-284.4226
261.29578
-282.58856
248.02296
-275.69934
242.66542
202.81543
209.71712
-270.08984
-267.4943
225.82877
191.61084
-263.47574
182.81293
-257.28867
149.59862
159.32942
138.53676
-253.79137
231.6117
127.271286
115.67765
-244.4267
-239.92583
47.0016
58.694412
-0.34759197
-208.11206
-202.99568
35.224487
11.141751
0.8842844
-9.487971
70.04115
-194.4058
-159.17213
-149.37215
-21.086966
-168.64871
-140.0475
81.15658
-109.131294
-88.17758
-66.702995
-76.995865
-130.46465
92.435776
-223.87978
-177.85884
-33.240288
-44.581825
-98.54417
-219.0281
104.0224
-231.44041
-55.996742
283.83762
170.3173
-119.75019
-186.82707
23.039413
