16277.414
12833.114
11773.333
10791.97
7290.3267
6086.0503
5110.8345
5154.535
3533.776
1418.7073
1299.2316
1040.5791
1009.53674
954.61066
914.73914
855.7269
834.1993
803.84564
779.61865
746.70886
705.1841
668.9291
675.4759
680.45734
-495.83026
628.57074
624.0973
620.06177
602.40063
596.3858
585.15436
573.5493
-454.0671
560.0596
545.24493
531.08527
-441.79712
-426.98434
521.6409
468.97195
454.78247
-417.44238
501.8965
443.32135
371.5305
422.15137
405.73068
351.65967
-401.1618
331.91177
315.24896
-392.8861
-385.21585
274.32635
256.4655
235.86665
-379.97513
-375.19946
-367.04895
216.32455
-358.9836
77.44157
96.95633
-350.28528
-341.84338
116.255806
135.57153
57.39156
-16.743904
-0.9238549
1.0550665
-35.5597
-333.2794
-55.34944
195.17723
-74.304276
-159.85054
-325.56876
-177.16725
-142.59035
-265.6655
-253.05722
-276.44803
-191.77888
-126.75549
17.227722
176.43384
-109.2317
-290.38535
-223.61353
-237.77263
-313.55466
-305.58228
-208.1435
154.54982
-91.71931
389.93207
36.801228
509.1002
294.44653
