570.27954
361.80847
343.4318
250.95187
184.3642
122.58165
96.828964
81.129585
69.86732
59.183044
51.290443
47.326973
43.15616
39.768353
38.834297
32.459328
26.7191
25.331945
23.039406
20.815147
18.515089
16.886526
15.762288
13.639233
-10.829796
-9.830097
12.273505
12.048539
11.472415
11.19828
10.684553
-9.126074
-8.869246
10.152491
9.882446
9.647402
-8.701477
9.368029
9.132427
9.064172
-8.163317
-8.055152
8.778958
-7.9117203
8.388902
-7.8013277
8.337208
-7.5995293
-7.4327736
7.9923058
7.8428755
-7.299293
7.112726
7.5597916
6.7797995
-7.149636
-6.996413
6.6001244
-6.717521
5.6962733
-6.4984355
-6.1663694
-5.684377
-5.938415
-4.579018
-4.9291472
5.92651
-6.578277
-5.4275703
-4.2766776
-4.006986
5.264417
6.2163057
4.854535
-3.625487
4.1639953
3.8261745
3.4483461
-3.0103085
-2.6846972
-2.3363576
1.595693
-1.992531
1.9495952
3.0975375
-0.00090795977
2.3180914
1.2097203
-0.57468766
-0.22780299
0.12855044
4.5377617
-1.6571623
-0.945156
0.46373442
-1.2997566
0.8389674
-5.2266755
-3.341136
2.6911943
