416.48602
350.81076
288.39148
236.79288
181.94986
124.43019
103.85854
76.58654
71.40965
69.27703
59.467735
56.109215
55.261494
49.57438
48.562943
42.815014
43.639557
41.53398
38.385265
36.401535
-23.299297
34.676357
33.91603
32.86239
31.271933
30.20912
29.471628
29.053612
27.771006
-21.09026
-20.548954
-19.697596
26.964092
25.636208
25.230734
-18.892431
-19.107384
24.999065
24.205032
23.506474
22.567345
-18.200584
-17.789782
-17.4428
21.660284
21.03364
19.981165
-16.939342
-16.757877
19.38739
-14.517293
-15.460337
-16.299595
17.790703
17.32422
-14.132622
16.157875
-15.859841
-13.668563
13.682133
12.899673
12.051813
-12.453716
-11.242851
-12.017458
-10.906346
10.262492
9.3837385
8.477148
7.5678782
-10.178444
-6.49569
-7.2792926
-5.764099
6.705801
-8.0018635
-3.4723983
-2.7040076
-4.2205257
14.86286
-8.733282
4.1088376
-1.8782445
3.275382
2.4128213
21.406239
4.9376802
1.4748117
-0.8905062
-0.1606045
0.0071289097
-16.002604
0.57503814
-13.075708
5.7974496
-9.2642765
18.495398
11.244347
15.568059
-5.015123
