1055.9619
844.4181
612.3752
415.37234
297.7044
262.51935
233.18427
189.90364
147.65674
143.77867
131.8543
103.41765
102.93511
94.826195
83.63184
77.69897
70.29859
63.435482
58.84837
54.048027
48.075294
42.7613
39.593834
38.34023
35.327797
33.053463
31.26351
-25.098686
29.231647
-23.376146
27.712374
25.599234
-22.861713
-21.620434
-21.500227
25.15386
24.606285
23.927717
22.966234
22.480087
21.622465
-20.597075
-20.508682
-19.853815
-19.17641
-19.34094
21.39078
20.7397
20.283237
19.60912
-18.48269
18.82443
-18.048567
18.434027
-17.675734
17.120796
16.534275
-17.3923
-15.918751
-16.20985
-16.940248
15.750771
14.1280155
13.576871
-13.7697115
-14.745819
12.501853
-13.237799
10.645841
9.728812
-15.197195
-12.439152
14.974628
8.85537
-11.215779
-9.754613
-10.531549
7.839567
-8.953194
5.0850987
4.2060843
0.001158415
-6.5143943
-5.610212
6.0242786
3.2762096
-4.750134
-1.2291409
-0.36765763
0.5151459
-7.309268
-2.1280093
1.4067311
-11.999524
-8.156418
6.943969
-3.9121184
2.348424
11.664844
-3.0215316
