3370.5583
2376.9077
2117.0447
1587.31
1258.2198
1311.4141
1038.1544
920.1471
685.9789
334.17383
283.84933
266.34656
233.54985
206.29189
-137.75487
190.93066
-123.34576
182.92834
180.50558
170.1883
167.40244
156.92387
154.01004
144.00803
-116.28219
-111.900734
-107.75896
142.0514
133.86276
130.17807
129.53426
-102.08094
-101.13572
-99.744095
-98.12678
123.20289
125.74787
120.029785
-94.49726
116.82666
115.97693
-92.17321
111.01023
-90.613655
-89.12227
106.322525
102.791916
100.88851
-86.645035
-85.318665
-83.12901
94.501144
90.16837
-80.95806
-77.84512
87.51988
82.16082
-75.220116
-69.89087
78.44251
-66.90486
-64.05565
70.876724
41.166683
45.543194
36.72329
50.128105
67.07935
32.580254
62.594254
58.870754
-60.840633
23.80835
19.728252
15.1153965
10.651581
5.4672055
-39.307552
-43.44841
-46.906788
-35.53253
-19.867746
-15.636109
-23.878141
-0.010025279
1.4317124
-11.362239
-6.256874
-31.60272
-50.817547
74.4362
-57.49653
-27.708118
108.86164
-72.83712
28.127754
-2.2567441
-54.704716
96.95535
54.424774
