6965.729
4164.427
3996.4878
3370.0608
3082.3125
2879.6072
2674.7937
2563.3896
1810.426
863.8912
794.0799
762.8094
652.0836
610.01306
603.20557
557.99335
542.26874
525.78827
-467.3375
508.63608
492.43857
484.47272
452.57275
433.85568
423.58548
427.3115
-357.39166
-340.2981
-333.82486
414.29724
384.94772
383.2974
-318.1007
361.54657
372.20416
376.0741
-311.61786
347.3246
-296.97122
-290.1614
340.45242
333.40768
325.1455
-285.54337
-276.51486
-273.2853
319.774
304.40765
293.90204
281.72983
-266.07193
248.88496
-261.14725
263.39566
234.21547
-252.68015
270.3965
225.70476
173.90617
187.3484
198.48303
-247.39697
-245.06361
158.23788
-222.1533
-219.08417
146.17256
119.89555
106.40126
93.19954
-203.97462
-192.81471
-184.13396
79.725815
-175.08972
-144.86717
-133.51244
-122.48888
40.37837
26.162102
11.696234
0.5390493
-0.4893582
66.245834
-111.77782
-164.44264
-64.20864
-52.530235
-76.09743
-87.78963
-11.440389
-238.64098
-99.29556
-39.39643
-25.45103
210.02249
133.01047
-155.44353
53.52114
-209.19345
