2670.326
1587.6407
1400.1921
1292.2058
1071.7627
927.4113
834.94214
642.69434
605.4327
405.9307
351.66696
299.1579
288.7939
281.1116
258.8931
225.7633
217.99161
200.31729
189.92607
186.0416
182.9048
174.0596
170.40633
168.11142
161.63422
147.8931
151.99765
152.51598
-92.65711
141.397
138.32576
136.8494
127.13142
125.36875
-79.50494
-75.96164
116.24797
114.784676
114.109055
-74.35978
-73.414116
106.52039
103.5475
105.235756
101.149506
95.79514
-68.25373
-68.801476
-66.45521
90.90577
90.13521
-64.05077
-62.979477
82.08353
78.44106
-62.324806
-60.908775
-57.017498
-58.63378
75.95336
-52.17634
-54.8863
71.9891
63.339985
60.512005
85.146805
68.26161
-50.148277
-48.707283
55.889572
-40.886005
-43.757244
48.401054
43.93393
-37.76964
39.64612
-34.8893
-22.62125
-25.856987
-0.006409167
-5.255938
-1.8379753
-9.189236
1.3598733
16.53447
-19.51848
23.94711
20.30012
12.667118
-28.851091
-12.741965
4.8049293
-46.099953
36.100918
52.123596
-16.064962
32.033653
8.813168
28.360352
-31.816677
