1357.4155
744.7105
716.1323
590.2473
506.4286
408.14
368.04202
309.30106
182.09142
129.66791
126.45789
114.384056
103.80801
99.63214
86.51488
81.82315
79.843
78.01206
70.65648
68.92216
-44.28943
64.47498
63.90145
-40.802013
-39.41951
62.31331
60.7497
59.09448
-38.158638
-36.89074
-36.691113
-34.977043
-35.338085
55.434982
54.926888
54.47931
-34.650238
-33.441536
53.017822
-32.432945
-31.97644
-31.154043
51.329033
50.370564
-30.136276
-29.671879
-28.703312
-27.441149
47.449177
45.790565
48.821564
44.780926
44.244427
-26.588968
-25.80186
42.456917
40.404003
48.700302
39.238323
-20.917536
-19.803728
-15.393685
-14.005672
-12.520832
29.604567
28.092916
-18.333273
-10.991179
31.34103
22.77074
-0.034049056
20.716835
-1.3441551
0.12371287
26.242676
8.698359
10.386041
-3.290619
12.140175
1.5601854
-9.528991
7.0272427
-4.956353
17.40213
19.221699
-6.532011
33.19301
5.3473234
15.68008
-23.509653
37.04703
-22.166183
35.066284
36.21659
-16.81784
-24.59025
-8.08035
13.74646
24.384727
3.650932
