1848.2063
1607.0938
1304.2689
1061.4706
1005.09155
777.41846
534.4983
365.42926
292.50626
191.44287
166.90479
152.7435
140.80019
131.66858
118.954636
111.825035
-74.608696
-66.02266
100.88458
95.66295
93.57832
91.200455
90.57778
88.27794
84.018974
81.63798
-60.24894
-58.502472
78.27952
76.02512
-56.23616
-54.25021
73.34147
71.924866
71.23908
70.58191
-52.076122
-50.256306
68.32613
-48.965347
-48.479588
67.69593
64.67116
63.90492
-45.68515
-45.456104
61.60572
56.832493
57.507683
-43.63838
-42.7617
60.278217
53.98895
52.186874
47.67264
45.526123
43.35222
-42.25806
-38.085407
-40.216473
41.264984
-36.99261
-32.67623
-34.182724
36.451694
34.39422
31.889671
-30.788736
29.593723
-29.231941
-23.396023
-21.424242
-19.455116
-25.49467
24.506674
19.76676
17.322319
22.347513
5.3068
-10.970803
2.6211367
-13.11313
14.938802
0.43688723
-0.020267159
-6.4767265
-8.86884
7.7780447
50.617535
-41.335484
-3.9447658
10.27332
-17.220732
38.938854
-27.305023
27.134481
-1.6223695
12.540202
-36.051025
-15.247569
