12353.096
7523.671
6899.219
6240.156
5551.174
4743.4814
4541.094
3771.8535
3333.5178
1242.2977
970.4607
950.8439
849.9181
815.66327
745.22266
719.3201
657.25055
642.14435
646.3691
602.09344
574.8569
567.24365
561.269
543.4323
531.7909
514.4736
-384.4961
-378.69836
-357.8063
505.11957
489.8279
483.61655
461.60257
452.9889
446.76627
-341.9752
-337.36682
-328.35666
436.58807
427.6857
-323.22726
-313.68604
414.92746
398.61154
-308.45242
-302.29526
394.21558
377.68405
364.52405
351.83743
-294.04095
-286.22653
-283.02048
343.7296
-275.32928
-0.33129513
1.4819008
-263.04144
-258.47977
63.682655
79.030426
48.04415
14.928517
-12.171607
-246.43347
94.20598
-27.537115
-100.912155
-43.59807
110.015
-86.3979
-238.82306
-113.445984
-177.51123
-166.39787
-128.54991
-202.0376
-189.81216
192.05032
174.16876
158.23056
207.20993
325.98874
269.13336
141.97485
-58.471275
254.49261
-140.35446
-212.45277
287.2879
-230.64697
222.6414
298.83487
238.56865
310.9248
127.10152
-72.40326
-151.69058
-221.69223
31.289852
