6774.494
2697.9585
1777.8085
1435.96
1257.1179
1185.242
1031.6248
-835.08813
-808.98254
952.4961
946.2349
931.0398
-769.3498
893.03546
852.04816
852.5002
-760.31903
-742.3906
-724.9415
-719.78986
823.30444
811.2958
-712.7143
-707.17316
-697.058
-689.42377
793.84564
784.68805
775.9415
-672.4865
759.7367
751.7518
727.8039
724.207
-665.91644
-638.6099
-647.5808
-618.4022
-606.91785
-594.47864
-510.31845
-528.2439
699.93994
-546.14105
-491.75708
682.3298
673.0693
-581.22723
-476.17062
-434.09512
-410.846
-389.13284
659.7335
602.7234
107.57578
82.04679
161.68707
186.3191
53.546326
-0.6505877
2.2029114
26.057165
585.9668
211.56067
237.61034
-20.996553
-367.7541
564.1045
551.9705
263.37332
-47.47718
-346.74585
-100.91505
289.46472
521.209
-128.49942
-322.4781
385.05954
411.9495
434.28262
-154.21915
-179.30476
-299.83545
458.27652
-203.38069
-226.00027
481.65018
362.98895
313.36993
-250.53438
-657.37286
642.208
-559.8835
337.74658
-275.01123
505.12714
-76.4716
627.652
137.03954
-452.39352
