4663.497
4061.3916
3338.6804
3011.0505
3099.4753
2285.1252
1654.8236
1273.0391
1107.9478
786.3329
702.30695
590.4943
565.89636
511.9743
499.25443
477.58203
407.08963
398.88397
364.32935
355.79242
348.60175
337.9248
330.13867
310.67044
306.37363
299.9209
285.00317
-212.18533
274.34024
269.91998
263.5945
257.42468
249.91696
248.2039
-179.8117
-165.29962
234.87976
227.9669
224.915
217.89629
213.2019
-158.77913
-155.82047
-153.55296
202.13907
198.23921
-145.55162
-144.04674
187.81134
176.36777
169.40405
-138.14496
-136.76146
-133.91351
-132.25673
162.61154
149.14803
-129.07495
193.5881
142.37418
-126.22267
-120.15753
156.02722
131.41847
-117.187584
114.94615
108.94609
-111.35085
100.72319
-97.112946
92.257324
-61.368565
-67.88516
-101.84777
-91.72052
-86.14026
-107.52541
66.75357
75.82298
-54.931614
58.50639
-27.089743
-19.678524
-34.225483
125.33166
-75.21805
-41.28304
26.335142
18.297235
9.779702
-0.020005027
-11.648085
2.543657
50.236454
34.520653
41.952137
83.9391
-47.826668
-80.48414
-4.191814
