3166.3853
2377.15
1929.8645
1610.1389
1666.7554
1388.7101
1245.5759
1057.4814
922.08154
434.60834
359.29904
333.16187
314.6837
291.41113
270.42856
264.64368
255.33206
241.33334
224.82219
215.15086
202.87962
194.55186
189.93237
-124.163574
183.61171
176.21387
168.67241
164.27168
162.44768
158.04988
-107.59392
152.85017
150.38762
-104.61039
145.54271
-101.82061
-100.78819
-98.65723
144.0264
132.44136
133.90942
138.16653
137.1485
120.212006
127.820045
123.99533
-92.407234
-90.44716
112.446754
109.75361
103.36576
97.215485
91.937584
-89.250534
-86.5927
88.26762
73.81884
-84.86731
-83.1714
68.01163
77.81737
-80.752846
62.1413
52.3778
47.061962
42.28583
-78.64274
-76.85314
37.274475
32.34039
22.604324
17.839472
13.0655985
-74.39901
-72.936325
-64.20008
-61.627544
-57.991146
7.8529015
-44.526535
-40.12438
-23.759008
-36.106476
-32.077507
-55.183422
-10.6338415
-15.123045
2.8875077
-48.20833
-19.471828
0.025501939
-5.25061
81.66099
-51.74892
-1.1228743
106.74062
57.66738
-69.08818
27.46592
-27.869467
