629.0707
518.3708
392.2857
335.11795
294.4771
270.89304
201.39851
152.42386
114.012146
101.78761
93.98892
84.81769
77.02519
71.154884
73.2785
66.669334
66.62271
60.62464
58.153072
52.81398
51.08105
49.57694
48.42063
47.378407
45.38365
44.265736
42.061466
39.867798
38.535133
36.035114
34.487404
31.392372
30.5767
29.636862
27.506657
25.943789
25.513588
24.349247
-16.549475
24.632607
22.849533
22.174177
21.389236
20.864346
-15.216181
-14.619713
20.315464
19.659567
-13.907811
-13.705025
18.707333
18.195202
17.508928
16.824114
-13.296197
-13.180549
-12.923571
-12.671024
-12.456964
15.63313
-12.037192
14.176479
13.316672
-11.484678
12.477126
15.203588
-11.271982
9.974716
10.917969
-10.762141
-9.488191
-8.807913
9.078349
11.609544
6.5607104
7.382311
-8.266823
5.620099
-9.987423
-6.425108
4.708434
-10.351506
-5.8492913
-7.048385
-5.1082377
8.137198
2.265147
1.4113265
-7.7703753
3.0693567
-3.0273519
-2.2917361
-3.741551
0.61903983
-1.511955
-0.7446226
-0.08381721
0.016994903
3.8739772
-4.380038
