329.10226
160.10301
94.82284
59.309387
55.962315
42.260056
33.09359
30.137388
25.53324
24.147364
20.96288
20.282722
17.662062
13.21443
12.605614
12.153599
-9.749599
-9.1616745
11.193752
10.441942
10.016242
9.261416
8.807389
-8.714172
-8.329012
-8.266441
8.840942
8.403277
8.219727
-8.030962
7.920852
7.740319
7.48671
7.5112395
-7.424006
7.151736
-7.352591
-7.1277285
6.944825
6.849247
-6.8405366
-6.788509
6.5478067
6.383501
6.294528
-6.559332
-6.550914
-6.348979
6.0476
5.7955728
5.7069597
-6.1968493
5.441874
-6.079041
5.2145205
5.0262403
-5.842371
-5.724033
4.476751
4.1887827
3.9328668
-5.5361404
-5.392217
3.1072676
3.6800828
2.5365965
2.261757
2.8309383
-5.1830177
-5.0171914
1.6931988
1.420755
1.143863
-3.1495261
-3.4699533
-3.7570567
-2.17319
-2.9556203
0.85639185
-2.4653296
-3.9494271
-1.9089229
-0.25994456
-1.6321077
-0.5399252
-0.83185804
-1.3732529
-0.006220256
0.56274134
0.0150400475
-4.5945015
3.4017086
-4.389092
0.27495795
-4.239381
-4.804563
-1.1032841
4.7634954
1.9848032
-2.709192
