3731.4453
2600.7454
2398.071
2359.6292
2017.81
1837.9784
1333.1855
1223.1604
828.2539
576.3945
507.56635
464.83926
441.7477
396.8683
370.46066
361.43597
322.0188
314.27438
-231.21992
305.9274
291.2385
275.90775
269.08386
256.63742
252.07782
247.97253
-193.29694
-175.56403
-172.2761
234.99838
231.84557
222.36385
218.32631
-168.01057
212.69226
-159.237
198.66281
-157.16008
-155.50717
-154.1417
195.30835
194.50783
190.97751
182.51309
179.14047
174.30362
-144.81892
-139.95232
167.67375
160.23842
-137.40439
-135.4138
-132.3083
-128.0157
155.3118
151.37833
122.98245
132.74928
137.34471
118.715
-125.86613
96.654495
102.48134
88.7913
-120.61929
-118.115555
80.979965
51.719044
59.755455
-111.83555
-103.97991
44.729584
-98.55053
-93.38434
37.63479
7.6466165
-0.0603696
15.922216
1.2598393
-26.423363
-19.791983
-33.078133
23.223888
-71.30657
-76.27604
-65.24537
-58.52154
-4.9629755
145.67615
-87.83548
66.98414
-39.659554
-45.97138
-109.08417
-52.85225
73.57453
-82.55339
30.28292
112.749794
-12.16299
