14026.759
8542.984
2417.4343
1713.3778
1664.5586
1621.6583
1593.266
1550.935
1528.1514
1517.7168
1500.8389
1480.0662
-1564.043
-1523.5583
1460.6472
1440.3159
1405.0079
1417.1714
-1467.267
-1460.5472
1388.074
-1443.533
-1427.1448
1357.4987
1338.8098
1293.3055
1270.1779
-1401.2015
-1396.8114
-1376.1095
-1371.3118
1227.4661
1109.2029
1150.958
1072.3636
-1311.6475
-1296.1692
1035.6691
1175.7346
-1337.8809
-1282.4922
-1247.3344
993.971
-1232.0018
961.4286
-1206.3054
-1115.3566
-1083.8563
880.78046
837.94055
803.8644
745.93604
-1174.6956
-1051.0095
-1022.4811
-990.2962
-949.47076
349.84256
395.52606
441.41147
485.69577
302.6137
-279.81018
54.27856
-80.95843
7.900362
-0.56418556
-31.096058
-326.29727
253.55444
-370.98767
105.08818
-229.8801
-922.7855
-839.54785
-413.46906
-795.36395
668.20496
157.20784
-458.58405
-761.63947
533.11945
-720.2761
-505.9389
-635.2917
-134.78723
709.5102
623.6205
-677.0983
-594.14374
-1353.4127
1323.6189
1203.0408
-1152.7749
-548.8997
-881.4313
576.05646
919.9478
-181.29211
203.1539
