1258.8826
676.49426
616.23267
491.90475
429.46548
366.14478
332.05832
266.562
202.54688
132.9973
107.55764
89.64797
86.50003
80.77954
76.661316
75.154625
67.87791
63.47765
62.204807
60.71428
59.74753
58.805943
54.70841
-36.141857
53.96242
51.54987
50.56338
47.849842
47.274673
45.17096
-30.818268
-30.330532
-29.73319
43.679276
42.422695
41.751694
41.08178
-28.284817
38.857212
38.493504
37.327454
-27.228983
-26.304682
-25.908142
36.58304
35.610264
33.202484
34.25333
35.017834
-25.042574
-24.715624
31.485697
27.52349
28.57673
-23.953178
-23.253283
-22.857967
-22.417713
30.161463
26.287605
25.064568
22.47969
20.557264
-21.594118
19.297815
-20.74912
17.601372
-20.066975
11.97
13.329076
10.592127
9.090119
-16.476189
-19.121769
-15.500632
-12.278447
-11.373467
-10.223116
6.422942
5.1374197
15.053779
-14.580136
-17.495907
-9.033228
3.8180776
2.299544
-5.4621835
-2.988756
-4.2907124
16.47543
-6.6437597
-1.4346018
0.85162973
-0.25946772
23.708658
-18.29318
-7.7587037
0.009515892
7.754456
-13.625547
