1905.4604
1678.386
1250.732
1178.8468
1027.255
970.0518
783.0319
728.8911
518.64777
223.7998
186.41641
181.9237
167.5504
159.96504
154.27026
148.7802
141.9053
127.17305
133.68436
133.79016
120.677864
118.884346
116.021324
112.871346
108.82998
108.249275
102.277016
97.7783
-79.800735
96.36098
94.59054
92.268135
88.33398
84.412384
86.68516
-69.129074
-67.83918
-64.88517
82.07641
78.810555
-62.656307
77.38302
-61.162323
-59.61481
75.41181
73.66214
-57.93017
-57.513847
-55.74143
-53.74131
62.882545
64.83422
70.35057
68.545586
-52.944347
54.272163
58.115025
60.314056
51.139156
-51.06031
-50.62625
47.701416
41.87492
39.272346
-45.3966
-47.007843
-48.95321
-43.320988
36.057556
23.938
26.954153
20.715889
-42.045025
-40.18439
-37.6187
17.712461
-35.62278
8.833679
5.770486
2.5235848
-11.298406
-8.547703
-33.732895
32.9682
-13.946496
0.12729487
-0.12810513
-31.73559
-24.182402
11.869528
-5.692839
-26.671663
29.945911
-16.499483
-21.736666
-28.890064
-19.126701
45.565685
14.713426
-2.4978578
