5962.6377
4666.291
4407.8486
3323.2903
3014.9785
2866.9697
2497.3481
2036.7097
1435.3854
612.01855
539.2283
476.9097
425.59583
385.67856
361.9603
349.6861
331.50073
317.2188
314.7381
300.1227
294.55563
288.2844
278.27795
-152.34702
-147.46117
263.1492
260.1414
252.89719
246.14441
243.92369
240.11931
-136.43256
-133.39801
236.29547
232.9189
-123.973564
-123.17298
223.01593
221.6187
219.51074
211.47049
206.76189
-116.72031
-115.27791
-114.1228
198.7045
-111.7124
-109.77086
-106.62375
-103.897575
194.56805
183.77551
178.43355
-101.551895
88.39128
96.45712
110.27074
103.26196
-96.35555
-94.02338
139.31009
147.08452
0.022528885
118.36981
80.955864
-2.1371624
3.4407494
9.911752
-8.169995
-21.375193
-27.622412
17.099108
-88.61569
66.35865
-33.248512
131.00592
-71.8302
58.989433
-39.088493
191.77031
152.1068
23.907536
-75.75381
-61.37758
-66.668625
51.946125
-44.930527
37.6253
-80.48305
174.19997
163.2545
44.254524
-50.409348
-55.628418
-84.53152
158.9553
30.954008
73.397224
125.214874
-14.97492
