4975.1807
3454.4016
2882.5938
2684.367
2174.3167
1757.4675
1509.8826
1278.2137
1121.6218
872.61096
751.21
594.53827
476.4781
424.04196
406.74365
396.53665
372.1334
354.8471
342.90738
332.8782
309.44092
292.2936
284.046
264.384
253.78879
243.42099
236.86205
231.85661
223.85677
211.75711
-117.83328
206.49701
202.87216
197.52397
178.83484
191.2489
188.69257
-98.37286
-92.69869
-92.33337
181.0981
168.53473
-85.959694
158.14066
155.63583
151.88974
-83.06067
-81.62097
-82.09749
143.03012
-78.97451
-75.98854
139.42915
129.15707
123.42351
-74.48276
-69.75064
-63.888775
-67.350334
134.33745
117.4854
112.7897
-61.735435
107.9894
-43.326393
-47.44299
-54.78595
-51.108585
-35.468994
88.56694
84.43547
-30.991917
135.66112
78.83127
73.438385
-26.376318
-22.1813
-7.689241
-2.8736277
-0.014839677
100.68098
27.62633
33.50151
60.85992
56.37726
50.424713
1.6638697
-12.652628
6.3788466
22.337854
38.80412
17.126127
-57.41495
-17.676096
11.752541
44.943012
-72.063194
67.20418
96.45855
-39.635365
