6244.181
5079.42
4742.43
4401.847
3086.262
2482.1843
2390.063
2076.5723
2211.9094
774.4703
614.75555
580.26294
546.91846
509.5458
488.7045
458.08105
441.60098
436.61984
405.1167
390.55447
-180.54268
-176.22495
368.11258
364.2998
350.06815
329.4082
316.94846
315.94547
303.93274
299.2513
-156.52089
-150.59207
-148.14366
-147.14633
289.02505
282.21155
-135.81917
-138.29597
-139.23376
277.764
275.508
-129.17555
-128.62761
267.1593
246.37779
250.48608
-113.75298
-119.232086
-121.13731
238.24213
262.25845
-109.56988
-105.76817
232.07782
213.44728
218.06665
-94.13319
-88.63969
-84.21514
202.14268
162.739
173.62675
182.45833
-76.663635
-70.86281
153.73918
-43.89596
-50.786316
119.62981
128.9663
110.18399
-37.31312
-29.934767
0.59630734
-0.27023035
7.4204664
196.66927
66.46068
15.665224
-58.06585
57.56214
75.055916
49.07093
-6.615196
101.71779
24.221348
135.97266
260.00287
-22.435637
40.75961
83.75218
92.8525
-14.3142395
32.66415
226.85927
189.58554
-99.38363
143.91277
-64.34882
-124.579926
