3563.177
3127.2231
2033.4258
1823.8611
1418.6405
1335.7344
940.95483
894.47345
646.0328
531.9704
508.873
438.88858
401.10638
386.1526
367.0417
351.88193
336.81982
292.52377
287.29105
268.20206
250.79129
242.09512
228.9116
218.60362
211.03893
201.1721
192.43198
182.10045
163.41025
167.36705
157.87444
146.28288
137.51309
134.99713
-101.22496
130.6673
124.39462
115.15534
112.839455
109.71284
-78.725105
-76.018105
-73.63124
-72.297905
104.15513
99.06691
96.55814
98.152916
-68.19191
93.097374
89.0978
86.00337
-66.08459
-66.81796
-63.81261
81.41327
79.999275
74.154366
-62.36892
-60.850636
-60.104214
69.89475
-57.400314
55.450096
58.11106
-55.458965
-53.353264
67.52878
51.084484
63.031895
38.58899
35.14165
22.428679
18.462187
31.004139
-50.783726
14.647517
-44.150036
-41.24379
-25.423832
-7.861067
-4.032326
-11.682316
10.645095
-0.70777714
0.033927657
-38.307663
-48.642822
-47.130947
-28.901701
-22.018417
-18.571817
43.389374
-32.104794
2.7283993
6.5727434
-35.110653
-15.181863
26.90807
46.992516
