1375.2092
983.75244
697.3336
498.5182
476.05157
428.97284
404.63068
367.33722
357.19556
323.487
307.38864
297.23077
284.31274
273.84955
-212.91277
-209.0899
259.90765
251.75954
-184.67032
-177.21162
-170.23488
233.91699
229.23363
223.87816
218.67006
214.19382
207.26741
-163.91202
-156.78595
197.60246
196.10065
192.90166
-148.86035
-142.44975
186.76068
182.04529
183.75298
165.01312
172.36122
-138.67107
-137.77565
-135.34903
-133.2827
162.44864
159.33556
-130.50941
152.05634
140.76228
-127.54005
135.81206
131.98064
70.25293
100.59211
76.41991
83.01935
96.09828
108.98239
113.45636
64.12701
124.34125
57.74527
50.794827
-124.91916
-119.98705
38.044704
31.626446
25.589659
18.827486
12.334939
-117.42356
-114.68089
-112.07897
-59.73343
-12.556799
-18.693338
-25.076254
-53.87042
-80.18504
-90.27717
-65.4666
-85.715866
-70.621155
-5.935231
-99.44588
-30.936672
-48.403275
5.605153
-103.74826
-42.46765
174.75749
-36.64221
-0.33905676
0.22417809
154.33124
119.71456
-107.21189
-95.185616
89.411255
-75.195404
44.500137
