1365.8939
1037.8379
920.0278
751.90906
718.31177
728.4493
487.6487
409.8439
316.78333
170.52605
152.83244
126.42357
123.68394
115.937546
112.7624
102.87371
93.93194
92.1073
86.95076
83.58014
81.54994
79.909454
74.24463
-51.235054
-49.558426
-48.37909
-45.361458
-45.217552
71.405136
70.50206
69.47355
67.410164
-42.44283
-41.50645
-40.75999
-39.860245
63.076103
62.445187
61.56278
-38.50736
58.317883
-38.002983
-36.922207
57.81965
-36.10323
-35.902687
55.826637
-33.962994
-33.196312
54.393864
48.29856
46.40884
45.017647
-31.400455
-30.512672
-29.618334
52.36413
41.943085
37.483276
35.393787
33.300114
31.485134
-25.412539
25.272486
-22.286903
-20.86334
-13.990194
-17.586231
-15.917304
-12.3155155
-10.629982
27.265127
23.345758
-6.976488
-5.1149178
-2.8778899
-0.0052306643
-1.0185292
40.739975
-23.83662
21.227262
0.6590818
12.703399
10.76718
14.863793
8.869516
18.864178
2.48326
-26.932903
50.46654
6.839107
4.8049603
53.877052
51.581078
-28.148933
29.445967
39.18105
16.94172
-8.844654
-19.162123
