789.1129
726.3216
656.2139
597.6566
500.4284
406.68097
372.90848
289.1172
172.8789
149.99835
137.03912
130.31119
125.77694
111.15431
106.0453
105.4201
99.44482
96.085
90.961395
87.6785
85.37845
82.127815
77.651245
-56.86721
76.14947
73.096146
71.229164
68.47926
65.14899
66.02966
64.0662
61.943596
60.644672
58.860138
-45.586502
56.047108
54.683758
53.54955
52.658413
-42.374733
-41.22165
-40.71149
50.26704
48.311214
-39.22128
-38.303932
-36.637154
-37.444828
43.23123
44.261795
45.022194
-35.647068
40.927147
37.209347
-35.348526
-34.49985
35.15557
39.37954
-33.348885
27.895868
29.300037
33.81445
-32.669987
25.992521
21.847075
19.752186
-29.48621
-28.39375
17.61579
-27.258419
-30.437653
15.817888
-24.80128
-23.385265
-17.301731
-14.000228
-15.5955515
-31.708797
-12.2534685
-5.3934603
-3.558233
-21.959417
-1.4188777
-7.1985784
4.117734
5.988149
7.953585
9.784451
-0.027281005
-25.911211
13.821897
0.20232566
-18.801657
-10.672052
-20.533854
-8.908477
11.712632
1.813609
23.770428
32.34628
