2235.8716
1782.0682
1549.8191
1104.6741
1018.36945
904.507
777.0071
610.94653
466.68167
340.67346
259.71805
231.18562
227.86781
204.02629
192.17595
181.78781
172.0048
168.77432
166.81989
161.24796
156.36157
148.94011
145.03537
140.39803
137.56912
128.19872
130.11919
123.82423
122.43442
-96.7747
-89.74022
116.87254
113.440384
112.135666
109.502335
105.09477
-86.97075
-82.356476
102.30382
100.92406
-78.60909
-77.815025
91.7731
95.74184
94.88063
-75.39126
87.58519
80.93515
77.41919
73.89315
-74.64001
-75.62981
69.55889
66.807724
-70.94588
-71.96007
-70.08247
84.96896
59.08851
55.80499
52.460308
-68.13019
-66.78057
35.987022
32.370655
40.279175
28.261614
20.45141
16.851469
13.0456915
9.335788
43.72503
-53.092175
-9.593407
-12.995802
-36.077732
-33.125793
-63.779495
-50.272343
-29.751318
-16.483038
-56.34556
-39.360706
-48.33107
-26.510769
4.873816
-5.2418923
-41.89668
-19.786655
-62.20853
-60.456375
-58.993786
-45.315796
1.4104662
-1.7754387
-0.0043413024
63.90321
-23.219719
24.544916
47.6939
