3700.486
3038.763
2793.0989
2447.4016
1739.7347
1601.9001
1338.2826
999.3072
672.2992
579.2193
535.37805
517.521
481.832
426.0157
411.89325
390.1666
380.7522
355.0887
345.13
319.25394
305.27383
299.15106
285.5656
254.90369
262.10315
227.89561
236.28822
218.64043
209.3313
205.26588
200.8241
187.96738
183.12398
177.11441
-109.467804
167.044
163.82646
160.07277
154.03384
149.90683
-96.88771
-95.860466
143.52852
139.24792
140.56937
-90.69594
125.377106
123.75508
118.484146
-83.941605
-81.47807
111.92496
109.95585
106.38497
101.890526
-79.79226
-78.98436
-75.15611
-73.478905
91.45647
86.668724
64.93812
60.55915
71.19605
81.28861
-72.40745
95.81054
49.880783
43.735844
-64.40237
-61.94804
39.268513
33.709023
-60.320366
-69.13999
-56.306118
18.59987
-50.278885
23.290184
13.479866
-47.138947
-31.62975
-35.635754
8.48402
-14.500756
-9.954902
-39.16446
-27.51198
-69.74269
-53.421448
-19.093493
-4.9429126
0.039118003
-0.7942246
3.3595119
-43.39882
28.890089
-23.159052
78.1899
55.223087
