4037.3145
1747.2603
1433.2632
-1199.4148
-1118.4683
1304.2974
-1012.4584
-1001.45044
1144.9756
1086.9111
-927.898
-929.5601
-884.718
-861.35394
-872.83636
1054.1133
-818.59955
-846.5999
-831.7202
-834.8604
1003.9767
974.1286
-808.206
-790.3653
939.7175
-776.00714
943.15625
-732.1792
912.7549
-714.76544
-753.5865
889.868
-700.8038
876.5157
-686.2058
862.6744
850.76154
842.6765
-656.4089
-601.0927
-621.67474
830.6445
812.5212
-576.48785
-554.5956
-534.96423
-405.07944
-381.13498
801.9796
-353.40308
-432.1449
783.2409
771.0068
-460.50034
-299.3838
-269.91656
-241.08717
-215.13574
751.1611
-157.79025
-185.99553
735.14496
-124.4087
714.9861
-481.7496
-65.70019
-33.67903
0.2888171
-3.9799733
629.87164
607.3859
585.2943
231.51094
202.94482
51.5809
430.2698
454.40396
399.56897
260.81512
289.45407
175.29869
650.9427
22.091803
561.45917
318.14154
373.7178
485.06894
85.73009
145.79144
672.2597
-639.5238
696.51135
506.7852
114.49168
529.4104
-757.1819
347.41992
-327.56635
-96.80415
-514.1341
