6728.116
5845.3545
4403.7656
4147.397
3721.8958
3226.0857
2717.3794
2484.4229
2196.462
729.0146
552.37976
546.35614
484.6122
461.77982
446.90417
410.23856
404.5329
-355.52127
394.85703
381.45605
369.76028
352.36902
345.66348
321.0221
326.03525
317.11536
304.13425
294.3859
-308.5475
277.59192
291.50833
287.54663
270.07083
259.35876
264.65082
-280.92883
251.4056
-272.7138
-267.6929
247.96703
234.91716
226.80032
-260.15857
220.70523
-249.01848
210.45894
-246.33948
193.41696
183.93832
174.03209
-240.17775
164.88054
153.7246
-235.67412
-231.94736
-233.55582
201.74266
133.9773
123.28371
112.60711
102.2633
-224.71223
-220.8051
80.67776
70.564514
60.250134
49.22844
-212.88693
-208.61525
38.653408
15.538756
5.3678956
0.027170142
-203.1922
-139.98604
-130.41528
-13.437678
-3.5571544
-122.62156
-178.07744
-147.644
-171.29892
-75.50748
-84.55767
-25.314077
-66.08951
-112.42086
-184.68883
-163.16307
-94.60278
-46.231644
-55.968506
-196.1638
-191.3301
-35.756275
-103.80759
143.48283
27.678633
-155.38406
91.13151
