919.5298
449.7926
374.3442
292.2836
222.97281
198.27728
193.9851
170.31607
141.33392
100.11116
81.00041
68.15235
65.078674
51.484398
48.249096
44.433647
41.749317
35.377663
33.14016
31.518986
28.343952
28.055346
-18.535488
26.288134
24.310015
23.691534
22.3523
20.515568
19.886978
-16.42906
19.09396
-15.291365
-14.990693
18.175919
17.786488
-14.471097
-14.085092
-13.700775
-13.617932
-13.341584
16.818422
16.399775
16.262815
15.52047
-12.700492
-12.403743
-12.50477
15.271992
14.973854
-12.054009
-11.755883
-11.505649
-11.317917
14.727086
14.220563
13.835682
12.412043
12.740529
13.442564
-10.506166
11.470023
11.088646
9.9834385
9.404271
-10.239264
-9.4789915
-9.005007
-8.63446
8.705417
-8.118042
7.9997015
-9.878828
-5.532328
-6.0148616
-6.6678367
-7.6293454
-5.0228333
7.3586035
-2.6598883
-3.2451408
5.489703
4.8120823
-2.0769863
1.6773105
0.9905765
-1.449336
0.37423205
0.0015320968
-7.1874027
6.065741
-3.7934482
2.3168616
-0.20863076
4.1876903
2.9300385
3.5315251
-0.7668878
10.382715
-4.4081097
6.762632
