3785.4321
3333.441
2201.6594
1842.1172
1385.7925
1361.5482
1038.251
891.1028
698.42017
627.69977
489.7649
449.56772
420.8364
393.28912
365.3276
326.49084
311.46677
303.58533
285.07742
273.46774
260.19843
239.85484
230.89885
222.18921
214.31996
205.15533
186.59473
171.89038
169.05206
-112.60037
154.81671
149.54245
139.36517
131.03487
121.10104
125.07135
124.700676
-84.55301
-84.87691
112.177315
106.743355
108.63125
101.62636
98.44502
-80.56337
94.27796
91.96566
89.61306
85.27311
-76.284164
-75.08384
-73.004875
78.73456
76.232445
-71.51208
-69.18521
72.045494
-67.35829
64.70666
60.74707
57.32864
48.71752
43.74036
-64.95436
-64.231926
-61.43208
39.80093
23.142862
27.231113
31.689747
19.088432
11.079429
6.907071
-59.69656
-58.468742
2.733088
-12.228226
53.653717
-15.944308
-8.335178
0.026582712
-55.989845
-19.402815
-33.46543
-36.861744
-30.041595
-0.75949335
-48.09343
-45.568058
-42.687756
-50.942127
35.684887
-26.783781
-22.93244
-53.325466
-4.2612543
-39.86725
82.25259
69.36323
15.090422
