3658.5593
2779.2397
2454.8047
2175.9785
1875.4897
1435.4305
1050.6404
888.7516
523.5796
450.90305
438.93918
416.09366
398.67227
366.5102
341.1464
324.95163
318.41238
305.96423
302.80673
282.71997
272.33392
247.56412
245.20857
235.33774
-142.95953
222.3484
219.93384
209.25108
205.35773
199.85092
191.88084
195.15773
-120.84074
-117.365974
187.99979
176.53568
181.77594
166.58214
164.22588
158.13062
-109.37957
-106.71475
-104.403946
-101.5849
-99.310196
-97.99862
150.9953
147.20941
144.70769
138.37888
128.63354
122.21007
-94.3489
-94.95518
-91.299
-88.637985
118.32573
104.18926
100.04442
93.87163
-85.98513
70.99975
77.502075
64.25225
-39.931416
-35.520084
-45.02834
-4.2004595
-0.08462772
0.6069364
5.415625
-82.701706
-30.284184
17.243708
-9.914644
57.96844
22.834957
-49.823727
-25.656586
28.678421
34.198082
-61.977867
-58.21849
-78.921715
87.77878
40.408226
52.34662
-15.319221
-66.00622
-69.9419
154.58551
133.56145
-76.61522
-73.06531
45.866943
83.20673
111.93953
-20.47202
11.385799
-53.932285
