336.6527
303.37466
240.51302
171.4708
125.277245
107.94568
99.13592
68.942795
62.236233
59.004723
53.14122
49.97534
47.86551
44.323997
42.33101
37.120346
34.566006
33.168194
32.762672
31.392462
28.850328
26.68923
25.732569
-18.198738
23.846869
22.659637
21.606384
21.355919
20.740784
18.470121
18.21542
17.976707
-15.784888
-15.172397
-14.587142
17.687292
17.036564
16.565554
16.819017
-13.852136
15.615345
15.319603
14.906523
14.386397
-13.643917
-13.429639
-13.274934
13.334901
13.729448
14.108495
12.022864
-12.699997
-12.505133
-12.296898
11.679253
10.76269
-12.060095
-11.888465
-11.348766
-11.5255
9.970604
9.499094
-10.853617
11.242738
8.696703
-10.161507
-9.738907
7.55515
6.7547064
6.105028
-10.569647
-9.422214
-9.013655
-6.5354915
-7.01154
-5.903928
-4.3149033
-3.6941936
-7.515268
-3.1458683
-4.866722
0.0036479083
-0.14803962
-0.6793331
-1.389572
0.3943355
-7.9927444
4.2087064
3.5848618
-2.5867913
1.0532314
-8.497053
2.9764013
8.153428
5.569092
2.3583236
4.8671174
-5.458899
1.7335196
-2.0149267
