2189.7437
1318.6857
1209.4178
807.9567
781.8877
638.05615
489.73267
454.5548
338.0405
301.11554
274.54608
246.07394
233.68837
221.50833
203.77965
190.29593
174.50452
166.38136
140.2255
127.45118
120.248695
118.32956
113.67967
105.86074
101.118515
96.73738
-75.17301
92.16455
91.78956
87.63916
82.74207
80.06222
80.76996
-61.43688
-57.49077
72.873474
70.68165
68.93582
-53.13331
-52.915375
67.47434
65.7839
62.258556
-51.35527
-49.792355
60.420967
59.88392
57.11068
-47.998756
54.69699
-47.46151
52.23694
50.969887
-45.742855
-45.11853
-44.206993
-43.559135
48.01533
45.709335
-42.160645
42.119312
34.3925
36.69938
-33.291164
-35.082966
-40.148766
-38.13672
31.956776
-31.729727
-29.961937
-0.0017465084
29.300907
-24.273655
-21.894745
-8.530831
-6.0913305
3.3753889
-3.5188036
1.082704
-40.875965
-10.845212
6.0741377
-26.09519
-19.883583
-13.122877
-17.580114
21.62533
24.007229
18.751678
11.172773
8.603553
16.14863
13.644469
-27.942293
43.871445
38.951107
-15.35628
-36.826435
26.557743
-1.2357196
