1353.2249
817.94507
726.79663
629.5938
533.324
478.04388
390.49316
368.1494
217.52742
192.65349
187.33232
176.9977
158.72537
150.02267
141.48917
127.807846
125.59661
120.257576
115.781265
114.29931
104.556725
99.134186
95.53717
93.67714
85.5711
84.17403
83.17729
80.39741
76.047646
73.21998
66.66005
65.19466
63.391327
60.60988
-43.830635
57.39727
55.505302
54.62676
52.982967
50.436363
-36.462254
49.66593
47.896843
46.665813
-33.759735
44.42851
43.634434
-32.339035
-31.828264
-30.692825
40.968147
39.627274
38.25658
-30.048922
-29.616524
35.516014
-29.213379
32.77089
31.162922
26.961102
-28.641956
-26.520697
-27.446527
34.56168
25.479774
-25.022032
-24.426434
-28.106268
18.07838
19.8145
-23.2918
15.92379
14.008649
6.718574
8.457123
-20.818825
4.919532
-22.275627
-13.037582
-11.663432
0.015904797
-3.610948
-14.403216
-19.681223
10.362625
-5.3456225
-0.30353713
-18.486444
-9.992787
-1.7997303
3.0762513
-6.917312
-17.466043
-15.837765
22.073856
-8.500658
1.218333
12.240631
29.473549
24.088137
