1137.5155
996.9272
932.64856
676.8217
575.79865
516.5352
436.35037
366.30975
278.5236
215.14903
193.83258
181.86258
168.22307
156.60713
141.38376
132.63109
124.24152
121.64869
119.08026
112.23263
110.185974
108.26362
-71.718056
102.06598
96.93558
92.50364
93.16993
87.39575
86.43678
82.05945
-57.713814
-56.301258
77.31619
76.39432
74.768135
73.31701
70.84413
69.89755
-53.931953
-53.591587
-52.980545
66.76857
-51.814125
-50.359562
64.217186
63.115364
-48.340687
60.657093
59.104034
57.095787
-46.818836
-45.68178
-45.35533
-44.03948
-42.457726
51.027805
43.414906
40.936077
38.89115
35.646595
-41.390556
30.406027
-40.01794
27.674444
-38.916656
22.53178
-20.861898
-16.422937
-18.801134
9.844663
12.217459
14.683976
-23.160387
25.274134
-14.365384
7.2997155
-30.657377
-29.156656
-9.8905735
-7.5636506
4.6620426
-5.1532307
53.189316
-32.51036
0.042133108
-0.24469456
-2.3146603
19.810467
-36.045753
-37.28282
47.968506
-27.083826
-33.927982
55.04103
33.274277
1.9131496
45.77183
-25.101164
17.276043
-12.055293
