1002.5759
941.0671
909.0161
669.34644
531.4546
515.71545
453.30194
345.41565
264.088
181.43065
153.96976
136.153
120.0335
112.42036
107.9787
105.423134
101.646835
95.81277
90.67954
87.75667
87.36854
82.56752
81.444336
77.17323
73.3706
70.24044
67.26175
64.00307
62.469227
61.899906
56.633553
57.462875
-27.624758
-27.000628
53.911274
51.271248
50.92879
50.103683
48.13087
46.61678
44.701702
-25.74292
-24.926888
-24.259644
43.25043
42.470963
40.87048
-23.178753
-22.749374
-22.1703
-21.89351
39.159187
37.166454
35.11069
33.762596
32.7167
30.893791
-21.384968
-20.164541
-19.410892
-18.46512
38.288116
29.385105
27.785587
26.012737
-17.852278
24.236149
20.809225
-15.132491
-16.371382
-13.8081665
-12.765429
19.429977
17.91389
12.935315
11.227645
9.709222
-8.401893
-7.058879
-5.866955
0.0032447784
16.23984
8.135165
-0.4791416
2.1813438
0.7141337
-9.559525
-11.839435
3.7305467
-4.6038404
-1.76856
6.603612
23.321592
-17.068653
14.594623
5.151475
-3.2588465
-10.829889
41.80502
-21.181484
