4752.6797
3680.5874
3425.9167
3142.6743
2379.409
1887.3783
1740.2145
1576.5634
1238.3154
482.46796
384.51382
364.4838
345.7975
308.7693
289.12604
262.3117
256.50403
245.14163
233.8359
228.74919
214.1367
211.00087
205.01115
196.3679
186.89479
186.2042
-117.50671
-111.1106
180.08952
176.56664
170.69168
169.58484
163.17345
-103.84353
155.98047
151.59566
154.65015
146.05699
140.92941
139.03107
-96.80922
-95.4569
-93.47249
128.63687
125.75799
121.31617
117.51876
-89.410934
-89.12568
-88.80115
-86.41714
103.77663
109.147545
97.36869
93.36796
-83.009674
-82.10421
-79.98064
87.33768
71.47052
66.7686
-77.399635
-74.73366
-72.22626
77.10832
60.428493
-69.3406
-66.35286
39.839134
34.640896
29.407076
24.363388
-59.75822
3.7925844
-4.971078
-9.814108
-0.63969225
-28.177685
-24.06451
-19.593538
-55.91257
8.687276
45.169724
0.104253836
-32.70874
-52.358498
-48.84559
56.183716
-36.724045
14.003118
-63.780087
-40.72774
19.198082
50.727367
-44.995007
154.02106
81.38626
113.24521
136.18283
-14.681859
