2973.692
2305.253
1674.6848
1603.588
1245.4075
895.7989
803.2106
607.05774
558.2113
459.04694
388.54834
348.8908
344.29013
321.44507
315.05685
278.90613
267.31488
258.717
235.22227
225.0098
231.02762
183.19618
199.68344
195.77484
170.23566
161.55191
153.58557
139.48778
122.7492
117.576515
118.182816
-78.806496
112.7594
109.627716
102.84034
98.98475
95.184814
97.06983
-68.2113
91.86781
85.93329
80.27687
-65.42488
-63.141766
-61.230812
79.55081
75.28851
76.31738
70.688156
69.37004
-59.193214
-59.041073
-57.033886
65.00166
67.74125
-55.493355
-55.024467
60.683666
59.04219
55.640465
51.37324
49.209385
-53.34935
-47.48005
-48.862797
-51.049007
-50.164963
-43.664474
44.878056
-41.162006
-38.151722
35.326912
39.24735
32.334385
22.22611
18.729105
-36.764915
-31.510267
-29.312122
-26.492186
-33.783073
15.514541
-18.213572
-15.307759
-23.863155
-12.518469
5.6609917
2.4013152
0.03513081
-0.45220664
42.144
25.545752
-9.520472
8.990467
29.062933
12.286717
-3.2215247
-6.4427085
-45.14081
-21.16985
