6548.833
5107.296
3783.1882
3062.2178
2258.3381
2103.836
1691.3691
1575.2045
1261.0181
1186.5197
1056.4288
1014.3217
968.4139
910.0169
856.7714
835.5317
813.5179
788.07227
773.37665
762.4809
746.06525
731.0034
708.5071
701.53894
689.2719
679.8553
666.2508
654.05035
639.89886
-687.1968
-673.67285
566.14233
582.3126
620.2256
-653.79535
552.1893
531.2323
469.87643
487.69778
-641.3775
-639.0053
447.44107
423.70724
397.813
-621.76715
-612.2781
329.9591
306.28027
282.40997
258.1039
355.46085
-608.51764
-597.45636
233.06012
-592.457
184.31546
160.16699
136.10329
110.276596
-582.3251
84.647896
-579.46094
-85.30565
-60.649532
-10.494659
8.590734
-0.05434616
-34.891594
33.19424
-133.87671
-157.23694
-179.08032
-201.3664
-225.00446
-528.3451
-519.0933
-565.18
-546.555
607.7932
-505.5168
-246.43867
-468.83218
-489.45816
-454.8204
-288.61206
-351.38812
-334.03113
-309.67017
-370.93463
-442.8288
-422.29358
-556.473
-408.30957
-386.43558
505.91577
379.14926
208.51979
58.68155
-268.40604
-110.56865
