8926.813
5925.159
5061.004
4440.262
3968.0742
3294.6353
3726.547
2042.7676
1944.0762
1249.0673
981.2095
796.6163
703.43384
663.03925
637.2536
624.8812
590.3522
575.21985
555.2729
-397.15686
-354.70465
541.164
524.4712
502.96198
463.20963
467.83096
442.9981
-332.7397
-311.91125
-303.45877
431.74103
426.15125
421.24753
400.69943
-280.89874
389.0453
385.10095
376.27127
-279.07495
-274.83463
372.28598
360.8076
-271.20023
-262.84158
330.75385
344.2905
352.59607
-248.99057
-246.12366
320.60526
302.17834
289.6045
278.61353
-239.35678
-224.04247
243.01682
250.38147
-218.0188
-232.225
224.591
-208.84917
-202.90746
212.11624
159.62405
171.9235
144.08122
-177.28137
-166.34253
63.490658
50.08218
0.06777947
36.550385
131.69356
-3.0112915
8.297141
-156.95697
77.13283
-14.911111
-29.587896
-91.05239
-185.69588
-102.42809
-114.26303
118.3038
89.841354
-78.65899
-125.21212
-55.202946
-42.620327
-145.80522
197.36029
185.84355
-235.90742
-193.11917
-67.403854
-135.67961
312.49686
103.91369
22.104652
261.16653
