1071.122
865.1876
602.9825
420.0092
312.96854
236.55441
207.67583
190.78168
145.83694
138.03667
126.44082
118.188896
106.824814
98.928986
88.73543
83.93184
75.92879
71.20207
66.967705
59.79192
57.930267
45.844955
39.92259
37.35847
35.30232
32.33963
30.242487
30.16616
-24.322123
-23.170944
27.656239
27.222181
26.698004
25.963428
24.441107
23.751144
22.739056
-22.504972
21.940865
21.674236
21.028364
20.369005
-20.916674
-20.545341
20.141668
17.880459
-20.123798
-20.012413
19.397675
17.054733
16.553253
-19.580595
-19.24169
-18.923235
15.436726
14.861857
-18.25308
13.88809
12.970541
-17.534046
-17.341581
12.210729
10.21973
9.367226
8.391649
-16.840359
-16.55841
-14.570412
7.384641
5.524443
3.7097223
-14.958927
-13.627402
-12.966235
-12.4116
-15.710161
-16.012276
4.6322327
2.8000958
-10.711812
-10.177304
-0.014690235
0.08104187
-0.77650493
-9.28345
-5.1706233
11.254143
-1.7058394
-6.030911
-6.911025
0.9021511
-11.475203
-4.335515
-2.608315
-8.6207485
-7.689306
1.8574268
-3.494793
18.785593
6.496064
