624.7109
513.2775
341.20154
319.52673
304.09903
198.14655
187.8484
123.04115
112.53158
92.74089
85.921524
82.56263
78.400246
72.3997
70.83885
67.60499
64.79688
60.5551
56.147163
53.61851
51.50981
47.94031
46.6183
46.121235
43.365925
40.810497
38.464092
36.7929
35.888493
34.749325
33.268215
31.989239
29.767614
30.365524
28.854324
-19.086222
-18.648884
27.65438
26.825369
26.447933
25.975079
-18.171583
-17.466352
25.054295
23.82243
-17.244873
22.92573
-16.742746
22.307455
-16.279741
-16.115332
-16.02705
20.916527
21.472134
19.900686
-15.426823
19.386839
-14.821534
-14.439602
17.355656
16.160955
15.59603
-13.904753
-12.949102
-12.374914
-11.740325
-13.447806
13.714419
12.532219
-10.904584
-8.259332
-9.215239
18.197815
11.723039
-7.4352317
-9.798755
-10.394326
-6.70377
-3.516701
-4.2827616
-5.132395
-2.6649084
10.4511595
1.7986588
0.75446117
2.7520978
-1.7767131
0.031198738
-0.04723631
14.423459
5.507012
6.53726
9.500965
3.659616
8.470953
7.513965
-15.139228
4.554263
-5.9006586
-0.7798265
