216.09375
185.52225
134.73428
91.90352
80.19733
63.746494
56.027023
50.23693
42.13572
37.251835
30.516218
26.858839
20.559204
19.324158
18.735876
17.999567
16.970192
13.713348
11.751549
9.8860235
9.655076
9.026295
8.243656
7.639612
7.382891
6.752239
5.9517374
5.7899914
-4.0694222
5.921701
5.114114
-3.5436769
-3.4633403
4.786367
4.7256284
4.5581875
4.2193193
4.0019364
-3.3804154
-3.2178733
-3.2643514
3.8578715
3.7501411
-3.0573735
-2.98923
3.6353695
-2.9166028
-2.8374043
3.4614787
3.414257
-2.7197406
-2.7722034
3.3304641
-2.6205926
3.1231577
3.227748
3.021645
2.8875337
-2.5109708
-2.4550993
-2.402472
2.657015
2.5433981
-2.2624876
-2.188584
2.3948374
2.800932
-1.893857
-2.0219765
-1.8012255
-1.4041052
1.9706463
2.143997
1.82126
-1.269813
-1.5368216
-1.1366391
1.646935
-2.0969748
-1.0118991
1.3472378
-1.6431775
1.1930282
1.0336918
-0.590849
-0.7286952
-0.44720152
-0.2989489
0.5749758
0.42805737
0.2707458
0.8899274
-0.1517212
0.12042687
0.0017545496
-0.018706791
0.72817415
1.4894124
-0.86479616
2.2396474
