1891.603
1115.99
815.10333
585.7086
522.04456
530.95544
449.39825
412.58127
371.31775
342.83783
336.85593
324.16452
316.40216
299.2854
289.96313
283.54593
275.2477
-242.61249
257.39355
255.00812
253.9791
242.49841
234.17152
236.50195
-231.01239
216.6442
218.19875
224.70493
231.59154
229.69464
-220.23648
207.35884
178.67157
186.26427
191.05545
203.25813
171.1874
-211.28374
-209.14041
-207.30185
164.68315
144.69356
151.5441
-203.37871
-200.56966
137.62668
-197.28822
-195.62442
128.79095
-190.9671
114.19475
74.34809
82.24565
98.331184
89.84349
121.914856
-187.69456
-186.37703
-181.98172
65.81839
33.712936
25.45058
16.840778
-0.161831
0.9034873
8.496693
-177.60655
-22.922726
-170.22575
-90.40284
-83.65128
-30.796167
-38.76467
-97.0957
-140.68068
-134.2916
-75.72525
-128.80943
-160.93729
-145.2179
-46.388332
-104.56453
-123.51683
-165.43434
-156.92586
-14.188807
-110.73825
42.04461
-53.877472
57.89492
-173.47667
-68.491394
-61.389465
-152.18738
50.11838
105.12898
-116.17368
157.93867
199.7058
-6.160164
