758.76373
368.5019
324.9655
211.36804
175.89243
155.30807
134.12247
125.13624
95.582886
72.737946
65.28709
56.43623
52.886353
49.043133
43.77631
40.05691
35.946716
33.442646
27.499176
26.374372
25.040728
24.183107
21.116444
19.125261
18.888458
16.821468
-14.096559
15.795161
15.144512
14.872131
14.121019
-13.116558
-12.434974
-11.971825
13.405946
-11.565278
13.027861
12.696148
-10.831901
-10.574417
12.049214
11.870073
-10.270373
-10.148774
10.406797
10.779972
11.576852
11.369888
-9.812104
-9.955523
-9.512831
10.181852
9.381244
9.061428
-9.414471
8.619955
8.250709
-9.054898
-9.259704
11.49771
6.6692257
6.291081
7.190369
-8.565348
-8.457459
5.7323456
4.7890205
4.3105664
3.7840533
3.3186243
-7.919878
-5.1345983
-4.7293444
-4.2958913
-5.4746084
-7.0768394
-3.8441868
1.3233846
0.8133425
-2.0292585
-1.5734763
0.32318988
-1.0907121
0.001553605
-6.6698256
-6.2911353
-2.4794905
2.2898502
1.8325748
-0.1380189
-2.9320416
-7.342533
7.631674
-3.4188495
2.8155246
-7.7136116
-0.5820751
9.921809
-5.9555683
5.2636833
