656.6578
365.26825
299.9806
193.1571
179.81679
149.20612
139.86705
117.45087
100.07131
82.1729
74.289345
66.95827
62.09246
56.922012
54.965927
51.407715
44.1074
36.570812
32.078053
30.807085
27.516926
22.316462
20.72019
19.742565
19.086103
18.237974
16.507435
16.02643
-11.307012
-10.746018
15.231155
14.593303
14.281731
13.178315
12.898541
12.801219
12.441771
-9.982041
-9.763637
11.911577
11.615057
11.488681
-9.247099
-8.691353
10.952681
10.535534
10.338918
-8.530593
-8.354313
-8.209354
9.925689
9.782795
9.4752245
8.776633
8.492856
-8.104292
-7.960763
8.046516
6.8861785
6.341964
5.949626
-7.7631984
-7.564265
-7.2902427
7.607419
5.4736137
4.679207
4.1011877
-7.105863
3.6856127
-6.3257303
-5.3403134
-5.6512117
-6.0401416
3.2584596
-6.5648303
-5.0368595
1.8898028
1.4556171
-1.5920348
-2.7686317
-3.16938
-4.3390355
-1.1682589
-2.0059779
-3.9523115
-3.5609994
2.3251748
0.9931274
-0.7282835
-0.0015694387
0.52269
-0.28702483
-6.7736945
0.11513719
-4.6600065
2.7837856
7.426489
5.096809
-2.3969724
