2549.8125
1350.2794
1217.9579
897.28467
797.0609
710.7797
573.50446
510.4589
394.7949
315.49188
291.3895
277.08105
254.27364
248.07475
225.47954
215.51923
199.27608
195.79446
168.41231
164.68295
148.99814
143.16695
133.8473
124.61409
120.94757
113.77781
107.38917
104.91836
102.80408
97.03267
93.6637
-83.9374
85.67262
82.023544
77.1134
77.67342
-68.77756
74.86801
70.03585
68.4727
67.39728
-65.515076
64.516426
63.754932
-60.525185
60.07586
-59.564655
-58.631443
58.152008
56.02945
54.20789
51.402866
-56.667984
49.51346
-54.70361
-53.654285
41.141666
44.089073
38.55247
32.780094
29.214989
-52.724873
-51.452072
-51.100216
-49.816025
26.859869
23.65099
-46.731598
-48.158142
14.972754
17.879023
-45.253586
12.189109
-44.034966
9.416545
-41.63725
-0.0076516955
0.92942035
-1.6914833
-38.402637
-29.381067
-27.675028
3.4861124
-36.2048
-25.127087
-15.020831
-17.610548
-4.364373
-12.599384
-32.019676
-20.250198
-39.710674
-9.939917
-7.255679
-22.666742
46.639217
35.22148
20.733574
-34.128666
6.4824295
