2904.516
2255.3015
1914.3601
1718.3672
1423.6274
1281.0359
1196.4347
1084.9756
909.0519
371.8598
344.89886
298.44342
281.05576
279.05743
-141.6511
254.25856
243.83974
238.57733
233.23412
227.62079
213.57187
-117.35487
-115.8601
204.01144
198.44432
-109.1116
192.1134
184.03516
179.6536
173.9271
166.51257
-107.088936
-105.18704
-100.49764
162.37949
159.74146
-100.94078
-96.24518
-93.09337
150.74673
156.6884
-90.591125
-89.37459
-85.85438
-84.29234
146.3942
143.56287
144.61649
-81.82435
-76.92808
-79.96903
137.96844
136.04166
-74.49526
-71.979095
129.49911
-64.91023
-54.287117
-49.647114
-41.95525
-37.776936
-33.21248
124.45686
117.67657
54.12292
-57.824764
-28.795195
59.399536
49.632874
-24.470564
122.26682
65.591774
70.26076
34.063076
38.92682
-15.356858
-10.581677
28.699577
-61.612576
89.99912
80.799965
0.04458035
-0.9135014
23.895327
18.834248
3.3376884
96.08937
-5.1670923
13.851033
85.00693
105.57409
8.328151
112.34712
110.06803
100.6251
-67.54296
44.01121
75.69494
-45.808407
-20.071123
