1685.8097
1263.5167
1079.4896
880.9098
796.9974
683.8965
593.70483
465.61826
390.61395
202.53981
138.39548
130.95775
125.88959
112.48987
102.37906
100.429695
-63.708946
92.04016
90.08488
87.551926
85.33431
84.80393
-56.57527
-53.62698
-51.931602
-52.02807
79.76864
78.13127
74.261086
-49.150257
-47.592926
-47.044662
72.88916
69.473526
67.71119
-45.17405
-42.818058
-42.408268
65.67823
63.99973
-40.72002
-39.735424
-38.883934
-36.9938
-36.719814
62.48472
59.570778
57.655052
56.49465
-33.52225
-25.686533
-23.936367
-16.91758
-22.442465
-18.887175
54.818455
-32.99388
-27.231764
-15.164934
-13.253443
61.37275
-11.332913
61.22864
-0.0007763843
53.24869
-28.837582
-5.3105497
-2.958766
-0.92472357
0.86601543
-7.4143357
5.380022
7.5852914
9.742254
50.752193
11.838176
38.269966
36.018253
-30.482113
40.68262
14.008431
33.648724
25.10371
22.90995
27.169426
42.09238
20.753178
48.15168
46.07038
29.606655
16.182547
49.05843
18.508574
-35.604984
31.334263
44.14842
2.9124641
-31.543133
-20.733982
-9.4211035
