320.7617
243.54231
144.97493
89.53614
58.018993
46.639957
42.416023
33.13824
31.416988
28.609692
24.60151
21.350103
18.226175
16.877354
15.325441
15.122007
14.029477
12.928491
-10.109635
11.984493
11.591566
10.830207
10.594206
-9.251795
-8.862927
-8.908176
-8.507801
-8.287165
9.675203
9.1044445
8.880136
-7.6689687
8.621858
8.179224
8.424831
8.449779
-7.510753
-7.3949966
7.929065
7.552888
-7.177085
-6.9700994
7.372567
-6.804912
7.1875563
-6.703016
7.0405817
-6.605314
-6.4363327
6.823185
6.5876117
-6.279393
-6.0619807
6.355325
5.9935293
5.719472
-5.897394
-5.785859
-5.5874996
4.0153317
3.362275
3.7522888
-5.3350754
5.439209
2.8184874
2.4938283
4.3522043
2.1678202
1.8443657
-5.234212
5.079692
0.6276393
0.9446108
-4.6781816
-4.3877287
-4.1903467
0.31434903
-0.0032146405
0.03723365
-1.1748323
-4.0021477
-3.1543882
-0.86809355
-1.4676927
-1.7552614
-2.036651
1.5608402
-4.9326277
-2.891567
4.6360273
-0.2576748
-2.6161182
6.2172074
4.912752
-3.4531648
1.2492954
-3.69734
-0.5614961
-2.3275194
3.0959587
