1841.6635
1357.1233
1202.5106
1086.5795
828.2065
578.98334
550.1984
479.36212
388.39706
344.58423
308.29712
293.2674
281.34918
241.49655
229.35594
223.02396
211.0862
190.95377
167.56197
162.35922
149.06198
137.34335
130.19667
112.12902
110.79485
106.08261
101.6488
93.28734
94.21215
85.320946
78.693146
78.3135
71.94493
60.355843
58.805767
-40.736046
-35.19266
50.87997
49.830227
46.806644
45.05208
-33.988216
43.93736
42.14264
41.17722
-30.96609
-31.263391
39.160053
-29.870922
33.933064
36.74868
36.994465
38.359528
-29.320583
-29.128544
-28.021307
-28.242632
32.07072
-26.879784
30.82043
-26.1882
28.31885
27.200548
-25.526718
-21.848043
25.692875
29.462622
-22.831211
-20.404129
-19.333889
-24.272419
22.260775
20.402584
18.827963
-23.817598
-18.048878
-15.499761
-14.009341
-12.398821
14.998361
13.446768
-11.111542
23.47754
11.639395
-4.9991927
-6.5229034
-8.0251465
-3.348184
3.006118
-16.915764
9.9014435
1.2887826
6.459708
4.7678094
-1.665113
0.021244213
-0.22143172
16.98541
8.140312
-9.539949
