6.6317063e-09
2.3769495e-09
1.8028624e-08
2.48971e-08
2.1678817e-08
2.3078453e-08
5.7368755e-08
4.2776414e-08
6.998975e-08
4.8204214e-08
1.4703757e-07
1.3282482e-08
4.5414286e-09
5.4536326e-08
1.7278064e-07
2.0413726e-08
3.5939618e-09
8.273456e-08
1.3589583e-08
2.0067597e-08
3.616908e-08
1.5278853e-07
1.5020184e-07
1.4396743e-07
1.11796396e-07
1.692415e-07
1.2038565e-07
6.2586564e-10
4.7119298e-11
2.2856412e-08
5.492471e-07
4.279792e-09
5.203932e-07
6.265521e-07
9.164256e-10
4.072373e-08
1.487766e-08
3.3258405e-07
7.705988e-08
8.8223e-08
8.673788e-08
3.50595e-08
2.3234524e-07
3.711015e-08
3.341048e-08
2.8652147e-07
1.3808051e-07
2.8425967e-10
2.0269098e-07
2.796071e-07
8.232898e-07
5.8794782e-08
8.507002e-07
2.6498046e-07
3.6665776e-07
3.126013e-07
6.256956e-07
2.016748e-07
6.1167505e-08
6.3586157e-07
1.9630631e-06
9.273282e-07
6.4241453e-07
5.15629e-07
8.1658027e-07
9.4495036e-08
2.000349e-07
9.731941e-07
1.3410216e-06
1.5233958e-06
1.4368293e-06
1.3874037e-06
2.1094454e-06
1.3362247e-06
8.968361e-07
3.8299613e-06
5.4231114e-06
1.0488687e-05
1.5093334e-05
0.988078
0.0015759869
0.008625561
9.641781e-05
0.008719625
0.000114127244
2.4084959e-05
7.971883e-06
5.9812908e-05
3.4124827e-05
1.869981e-05
4.938792e-05
0.0019745806
3.7995468e-07
3.8354665e-06
4.798598e-07
0.00014495826
1.2383814e-05
0.0003381583
1.9344505e-05
2.2747968e-06
