9.693271e-09
2.7572046e-08
3.8867032e-08
2.2689223e-08
2.0514423e-10
2.3157316e-09
1.368329e-07
3.947515e-08
1.0675193e-07
1.073828e-07
3.6292805e-10
2.1803184e-07
2.1949736e-08
1.2986027e-07
1.2682703e-07
3.3908773e-07
1.4804954e-07
1.2370728e-07
7.2125815e-08
7.0596315e-08
5.4702404e-08
1.8069919e-09
4.164566e-08
9.148196e-08
2.1956492e-07
4.6941972e-07
4.2398815e-07
2.2932237e-07
3.96571e-07
1.7933038e-08
2.3409737e-07
1.2242843e-07
2.3130553e-09
2.1243979e-08
1.5990928e-08
4.4810957e-08
4.4966055e-07
2.3372273e-07
2.732602e-07
2.8806232e-07
2.3754371e-08
1.7009097e-07
7.2407815e-08
3.032005e-07
1.1083977e-07
4.8805833e-07
6.7533864e-07
6.907273e-07
4.8727316e-08
4.7323275e-07
2.2733955e-08
4.6665699e-07
3.4718573e-07
6.1718646e-07
3.8124735e-08
2.697035e-07
2.0587493e-07
1.249504e-06
1.5044128e-06
4.973355e-07
1.282912e-07
7.613117e-07
1.0642837e-06
1.9800723e-06
1.3843139e-07
9.814378e-07
1.9247078e-07
5.0581107e-06
3.8891526e-06
4.489212e-06
1.1130228e-06
3.5531835e-07
1.274058e-06
2.2084738e-05
1.7234159e-05
1.1626846e-06
3.4629575e-06
7.5332646e-06
7.3755036e-06
9.3612216e-05
0.0001688397
0.0004081737
4.165496e-05
0.0015791897
2.3965427e-05
1.0926125e-06
1.8447505e-05
7.992936e-05
7.143579e-05
0.010674975
0.9710556
2.3834697e-05
7.570876e-06
3.7629989e-06
2.350659e-05
0.010634971
0.000887382
1.1213551e-06
1.6179511e-07
6.342116e-05
