1.31354865e-08
1.7081655e-08
3.065458e-08
1.0555965e-07
1.6998551e-10
2.2094987e-08
4.0757712e-07
3.3239385e-09
7.0101653e-09
3.293643e-09
5.250808e-08
7.455167e-08
2.0100252e-07
1.6072545e-07
2.3218162e-08
2.0899314e-07
1.9618487e-07
9.833654e-08
2.6084823e-08
1.6585952e-08
7.422585e-08
8.924146e-08
1.503022e-07
7.869338e-08
3.7389345e-09
1.7059442e-07
1.1259853e-07
1.6418437e-07
1.2375116e-10
1.0726189e-07
3.5827384e-07
1.5116622e-07
5.9753893e-07
3.1354894e-08
1.7803666e-07
1.8301725e-07
4.0750353e-07
2.3046141e-07
2.6744357e-07
9.183988e-07
5.551705e-07
4.3128836e-07
1.689158e-08
9.60635e-07
1.4199597e-07
2.6757034e-06
7.9308444e-07
2.5328995e-07
1.768485e-06
4.1462436e-06
4.332282e-06
3.141666e-07
1.4843087e-06
1.0404866e-06
3.6544995e-07
8.002689e-06
6.240862e-07
3.183774e-07
4.5200997e-07
2.5228142e-06
1.9280866e-05
8.468886e-06
1.3652833e-06
1.1234678e-06
7.6028555e-06
0.9980624
3.3834877e-07
1.2625409e-06
2.4175666e-05
0.00018549844
0.0005517013
0.0013270825
2.6816588e-06
3.874818e-06
3.3904045e-05
0.00015381293
1.3738977e-05
8.43038e-06
0.00017087025
3.0441056e-06
1.3847331e-05
2.1513246e-05
1.2916326e-05
1.0641562e-06
1.8456098e-05
1.1287092e-06
6.533996e-06
4.6433688e-05
1.6755195e-06
4.7802958e-05
7.293977e-07
1.4257641e-06
1.9699452e-05
6.4254755e-06
9.395469e-05
3.9093223e-07
3.166787e-08
1.2832196e-07
2.8867635e-07
4.449541e-06
