2.1364682e-08
7.865093e-09
4.114009e-08
3.7316333e-08
2.5209734e-09
1.09220466e-07
7.5167726e-08
1.8633816e-08
7.581844e-08
2.0676096e-10
7.4345716e-09
1.4085505e-07
1.030726e-08
2.8582022e-08
1.4120653e-07
5.008903e-08
1.26111095e-08
1.5818891e-07
1.7122471e-07
3.8335668e-07
6.526633e-08
9.437875e-08
1.3109971e-07
7.9407236e-08
1.212599e-07
2.0328753e-07
5.8632503e-07
6.947629e-07
5.506406e-07
8.243618e-10
1.3017854e-08
1.6601668e-07
2.7246347e-07
9.779969e-08
2.1817252e-07
7.916965e-09
1.00371956e-07
3.9597836e-07
5.7156566e-08
1.2339372e-07
1.2671076e-07
2.3660238e-07
2.3760741e-07
9.195979e-08
3.7348567e-08
2.8499887e-08
7.630016e-08
2.2211552e-08
1.516854e-07
7.944477e-08
1.6632329e-06
9.890725e-10
1.3789058e-07
3.910812e-09
1.1689149e-06
2.3344269e-06
1.6083316e-08
2.9328675e-07
7.3981326e-08
3.2608094e-07
4.7077665e-07
1.3354406e-06
1.8314996e-07
2.6194152e-06
7.0051607e-07
4.8425176e-07
9.742206e-07
8.586453e-07
2.5994975e-06
7.9726815e-06
5.1770513e-08
2.4661924e-07
3.2745552e-07
4.939111e-06
4.56598e-06
2.040509e-06
6.081717e-06
4.4902277e-05
5.556618e-07
6.906699e-05
1.8802422e-05
0.9596379
0.024443347
0.00095242396
0.00031215604
0.014324762
1.3077035e-06
3.8414826e-05
1.9059205e-05
5.273447e-05
0.0003039096
2.917772e-07
9.9604535e-05
7.991619e-07
2.5112743e-06
0.00014790974
2.4106757e-05
1.1127091e-05
9.890365e-05
0.00017594213
