2.207357e-08
4.5998224e-08
3.6176896e-08
1.1490871e-08
1.1914228e-10
6.7667094e-09
1.7871209e-07
6.7512107e-09
9.71636e-10
1.1092471e-09
4.579402e-08
1.19042475e-07
6.3813808e-09
7.2430493e-09
9.036408e-08
1.4712896e-07
1.6462532e-07
1.426289e-07
9.800121e-08
9.4663896e-08
5.448658e-08
4.8299917e-08
2.8230738e-07
1.7880211e-07
1.9162184e-07
1.9405023e-07
9.804606e-08
4.9803084e-08
1.7239746e-07
2.7558683e-10
3.874228e-11
3.085515e-07
2.4202873e-07
3.903361e-07
3.9566338e-08
2.4463336e-08
1.5275063e-07
4.6609227e-08
2.4789987e-08
6.693239e-07
8.48148e-07
4.9021086e-08
3.832399e-08
2.3830417e-07
1.1369872e-06
1.6077682e-07
1.02434996e-07
1.5321197e-08
9.8631205e-08
6.13507e-07
2.0546666e-07
1.0797874e-06
3.9576426e-07
8.082342e-08
5.488958e-08
1.8918763e-07
4.5068978e-07
3.4775713e-08
2.5250318e-07
1.2199887e-06
4.68282e-07
8.2182703e-07
2.380293e-07
2.7517606e-07
6.022138e-07
3.2816251e-06
2.381162e-06
2.9453902e-06
1.07852486e-07
1.6861125e-07
2.0405596e-06
6.216599e-07
3.6270344e-06
4.105028e-06
7.705228e-06
2.3097917e-05
1.4691272e-05
0.00010753803
1.9731756e-06
3.0010485e-06
0.7839743
0.14804263
1.1201964e-05
0.004949546
0.00048239736
0.003887413
0.00016100424
6.077229e-05
8.786213e-06
0.00023959755
5.1925832e-05
0.00012660115
6.8812426e-07
8.89279e-06
2.6700083e-05
0.00032396015
5.3588832e-05
1.9092434e-07
2.6459378e-07
1.9974368e-06
