1.0639568e-07
9.75784e-10
3.4900546e-07
5.2909964e-08
1.07497e-08
7.1733215e-09
5.377455e-08
1.1453414e-08
2.398053e-09
2.1186795e-08
2.2618912e-07
1.1937321e-07
2.732544e-07
4.8032354e-07
5.6378894e-07
2.0583136e-07
4.9490875e-08
9.3603125e-11
2.9899585e-08
1.9810626e-08
4.1012784e-09
3.4769002e-07
1.4050784e-08
3.340269e-08
2.1849687e-07
2.8211863e-07
1.9752604e-09
7.0232034e-07
1.4260119e-09
4.4690535e-07
3.6596143e-07
5.801183e-08
2.4347517e-07
9.922281e-08
3.5482728e-07
3.2695304e-09
1.9958588e-08
2.2555783e-07
1.0931553e-06
1.8189651e-06
8.262644e-07
2.523993e-07
2.1615773e-07
1.3382802e-06
3.2496232e-06
4.0333794e-06
4.3439104e-06
1.4867919e-05
2.9041243e-07
2.820068e-06
1.0664049e-06
3.085673e-07
3.671039e-07
4.2648226e-06
1.598052e-05
3.780911e-06
2.0977188e-05
2.978109e-05
7.276128e-07
6.317207e-05
1.0614048e-05
2.9466307e-07
8.080324e-05
1.4709096e-07
1.548076e-06
0.00035323587
0.0008735321
0.86974794
0.039199576
2.4860307e-07
2.2397903e-06
1.2467136e-06
1.3409318e-05
5.2462594e-05
0.0002721457
3.2904695e-06
4.344602e-06
1.9975907e-06
1.1786568e-05
2.3402352e-05
1.7409906e-05
8.5021856e-07
0.0035468102
4.889973e-07
4.161526e-06
1.4113614e-05
1.2990328e-06
4.15529e-05
2.4423905e-05
2.5366185e-07
2.8418336e-07
1.5119167e-07
1.7896729e-06
0.00014459582
2.5898983e-06
1.268648e-07
5.4318125e-06
1.0626735e-05
3.681321e-05
8.981493e-07
