1.573185e-08
4.8435673e-09
3.541667e-08
1.0018342e-08
4.4218062e-08
4.7404924e-08
8.2026695e-08
9.8584906e-08
1.8076268e-08
1.6865407e-07
4.5299103e-08
9.103217e-09
3.3956894e-07
4.3528994e-09
4.3540815e-09
2.0154174e-09
2.7600773e-08
9.584582e-08
2.3243787e-07
8.5545004e-08
1.0618022e-07
4.442266e-07
8.173433e-07
5.6542035e-07
4.9648446e-07
3.8690033e-07
2.973424e-09
2.0195043e-07
1.645566e-07
2.6885468e-07
4.5852738e-10
2.5638138e-07
1.7872638e-07
9.2021956e-08
1.796992e-07
2.7848014e-07
5.5308527e-09
1.6903172e-07
6.977407e-07
6.6325775e-08
6.516844e-08
1.6251195e-07
1.1940327e-07
2.0344667e-07
3.2111302e-07
4.5151475e-07
1.2464102e-07
3.2021955e-08
4.838256e-07
2.2932386e-07
3.281632e-07
1.4793464e-07
4.6440894e-07
3.9402286e-07
3.6909086e-07
1.6716356e-07
4.2403204e-07
1.196842e-06
3.3653512e-07
2.5573802e-06
7.0090704e-07
3.0035235e-06
1.18986e-06
2.2310437e-06
1.0951879e-06
2.627783e-07
4.0652203e-06
7.76792e-06
2.060668e-05
2.4113618e-07
3.9774545e-07
5.4296484e-05
3.6462117e-07
6.234604e-07
0.00010668766
0.00080862374
0.94694763
0.00034557006
0.055648156
0.00020990126
6.95506e-05
5.7492685e-05
0.00021204232
1.1386367e-05
1.625355e-06
1.20108325e-05
6.6153243e-06
0.007973986
7.8954884e-07
3.2807973e-06
1.5996944e-05
1.910845e-05
3.4397584e-05
6.973524e-07
3.5317425e-05
3.013534e-06
2.5960896e-06
3.3112632e-05
1.1392466e-06
0.0002104101
