7.926158e-08
3.477314e-07
7.20412e-09
7.3361626e-08
2.0219034e-08
4.376536e-08
3.7299003e-08
2.4016475e-07
1.7213222e-07
8.2749594e-08
2.6106445e-08
9.352527e-09
2.8993517e-08
7.513154e-08
3.1945009e-09
1.2305108e-07
1.5514009e-07
1.5568983e-07
2.3652033e-08
3.264446e-08
1.2692962e-07
2.8193148e-07
5.452006e-08
4.9806463e-08
2.8991056e-07
1.0264489e-09
8.537882e-10
6.27684e-08
5.18458e-08
5.411661e-07
1.0322965e-07
2.006438e-07
1.7794799e-09
1.2402336e-07
1.264406e-07
2.1984494e-07
5.3901875e-08
1.2009221e-07
5.736285e-07
5.4616186e-07
4.0836218e-07
5.757562e-07
3.3033797e-07
1.4131795e-06
2.9883584e-08
1.6026499e-07
2.315361e-07
1.24671e-07
3.3138765e-06
1.2470067e-06
8.1439606e-07
1.882598e-06
4.3029812e-07
5.6809375e-07
1.9560443e-06
1.509815e-05
6.0650166e-07
7.665302e-06
7.680327e-06
1.5534881e-07
3.2613227e-06
2.423201e-05
3.2370277e-05
1.31566285e-05
5.077319e-06
6.4389855e-07
2.5907931e-07
0.00010885733
5.420122e-07
5.162507e-05
1.2530669e-06
4.4217122e-05
0.36874318
0.23635943
0.0025490012
4.9131665e-07
0.00014308046
9.084748e-06
2.9357632e-06
5.094275e-06
2.1224064e-06
3.7914775e-05
9.361659e-06
2.2572409e-05
3.4959307e-05
1.4076167e-06
0.0011582269
3.025976e-06
6.1718524e-06
5.186927e-07
1.4533891e-06
2.0625314e-06
1.3966694e-05
0.0001452069
6.874592e-07
2.0909152e-05
0.00044727494
3.9462107e-06
1.2650493e-06
3.916062e-06
