3.0956505e-11
1.0235783e-08
1.06428795e-08
1.2801955e-08
2.0930976e-08
1.8489237e-10
4.3796103e-08
1.1911666e-08
2.924919e-08
9.6800655e-08
1.9103314e-07
2.7311043e-07
8.5432544e-10
1.3623364e-07
6.226783e-08
5.684764e-08
1.0988746e-07
1.8787544e-08
2.260943e-08
1.5103443e-07
1.3571494e-07
7.5261724e-08
1.0997772e-07
5.725226e-07
4.4801195e-07
1.4841918e-07
5.1615663e-09
5.453293e-07
1.9838434e-07
5.014161e-08
6.657695e-08
3.93694e-08
3.213272e-08
7.698872e-08
4.9116267e-08
1.3762433e-07
5.510109e-08
1.7070839e-08
2.3285835e-08
4.0639225e-07
1.5106455e-07
4.1926544e-08
2.4683067e-07
2.9344096e-07
4.858853e-09
6.791357e-07
2.1022994e-07
4.285983e-07
1.3348495e-07
2.3524412e-07
2.1232952e-07
8.0843716e-07
2.2068511e-07
1.4362e-07
8.232639e-07
1.1379245e-06
5.875484e-07
9.3514444e-08
8.510338e-07
6.7296605e-07
1.1322138e-06
1.1335716e-06
2.3979046e-06
2.4301877e-05
1.3772207e-05
7.941402e-06
2.565842e-06
4.3817117e-06
2.2627362e-05
1.5265468e-06
1.0029706e-05
4.279544e-06
2.6769238e-05
4.4979133e-05
0.00019281117
0.00011500787
0.00041267346
2.266554e-05
3.6461515e-06
9.044668e-06
3.3919514e-05
1.993451e-05
0.00011322617
9.634404e-05
0.99341726
0.042945508
0.00026321347
0.00028381657
9.099464e-06
7.863022e-06
1.1106586e-06
3.85762e-06
5.02305e-05
1.082664e-07
5.873735e-07
7.718045e-05
0.0057113725
1.8259976e-06
1.615519e-07
1.0359863e-05
