1.0480337e-08
2.7575593e-08
2.2018472e-08
1.3164797e-08
2.2253793e-08
1.6556188e-10
2.0094342e-08
5.9984764e-08
3.0724586e-08
2.9424183e-07
2.8092606e-07
9.067057e-08
2.827101e-09
2.288575e-08
1.2010209e-07
3.9926668e-08
7.1542656e-09
5.7738607e-08
1.638779e-07
1.0835643e-07
1.4647752e-07
1.18572835e-07
1.563404e-07
1.3310466e-07
2.4727498e-07
2.7725227e-07
2.7220298e-07
2.5930348e-07
5.3972946e-07
5.197241e-07
5.5502692e-08
1.5956157e-07
8.675869e-09
2.4730875e-09
2.9140503e-08
1.2985385e-07
4.288375e-07
5.846928e-07
7.496031e-08
7.7567165e-07
3.5053397e-08
3.2561536e-07
3.4744014e-07
3.6590845e-07
1.8026712e-07
2.7039587e-07
1.217435e-06
1.1537305e-08
2.0127242e-11
1.3600355e-07
3.9422414e-07
5.8818654e-07
2.7836404e-07
1.8730562e-08
5.1069023e-08
3.4988454e-07
5.2879744e-07
3.8111915e-07
5.8117047e-07
3.9172517e-07
4.880451e-08
2.4588925e-07
2.1576973e-07
2.0859277e-07
1.0542293e-06
1.00226345e-07
7.498181e-07
3.4543075e-07
1.4360519e-06
3.6270314e-06
2.963296e-07
3.1137554e-06
1.1920753e-05
0.00017168939
8.3125626e-05
2.7765574e-07
8.0841535e-05
1.0818131e-06
1.2772595e-05
7.38537e-06
0.92222786
0.00055490906
6.892781e-06
1.4381293e-06
1.0076706e-05
0.00011009625
0.047009207
7.5906325e-07
3.904474e-05
0.0012541893
0.0008360044
3.0987572e-05
2.5977347e-06
1.3453885e-06
2.4646868e-06
7.447621e-05
0.008297065
1.7156737e-05
1.4894593e-07
4.994597e-07
