1.2594775e-08
3.4456518e-10
5.25786e-09
2.671788e-08
7.2275097e-09
1.5670005e-11
7.7366124e-08
3.0045755e-09
1.4113208e-07
5.275487e-08
8.909975e-08
5.1708952e-08
1.5756601e-08
3.439116e-09
1.5317858e-07
1.1754118e-08
8.0036395e-09
2.7024642e-08
5.1567014e-08
2.2624894e-07
5.5036855e-07
4.792143e-07
4.020693e-07
9.3373146e-08
1.2461147e-07
3.5704738e-07
2.7861913e-07
1.7152809e-07
1.8897997e-07
1.756678e-08
1.2511585e-07
4.9558786e-08
4.7552938e-08
1.5313043e-07
3.2448597e-08
3.554338e-09
1.7512017e-08
9.9640665e-08
1.05267574e-07
1.1815197e-07
1.0397974e-07
7.205754e-09
6.297542e-08
1.416682e-08
4.2046972e-07
3.1910662e-07
2.9173905e-10
4.2811617e-08
6.157003e-08
2.5235153e-07
1.849627e-08
8.385858e-08
1.3208977e-07
5.1441273e-08
5.9195725e-07
1.5704526e-07
2.4075513e-07
7.3442953e-07
8.326991e-07
1.6713528e-06
3.9368328e-07
3.4137258e-06
5.619237e-08
6.2734316e-06
4.272653e-07
8.528208e-06
3.6113775e-06
2.395918e-05
2.1056876e-05
6.473254e-05
0.00011129155
2.196806e-05
2.995787e-06
1.6267302e-06
1.3128119e-05
6.852102e-05
1.6712384e-06
2.4418728e-06
0.00016306626
4.7770453e-05
0.00064356136
0.0005447575
3.046864e-07
2.48234e-06
0.6986162
0.06341628
0.0037432495
1.6245749e-05
7.79088e-07
5.887898e-07
2.0153949e-07
3.3616702e-06
1.842873e-07
1.4363454e-07
6.154737e-07
0.0028921943
5.907673e-07
7.854431e-06
1.0007467e-05
0.00010219687
