6.632523e-09
2.169498e-08
2.377575e-08
5.2146177e-08
5.9229786e-09
3.718339e-11
8.6164306e-08
3.6873253e-08
1.16995444e-07
6.117574e-08
1.3628362e-08
3.4577887e-09
2.4383016e-08
3.4898593e-09
1.2872154e-07
2.0047582e-07
4.2559936e-08
4.0342975e-08
1.6905352e-07
2.9108642e-07
2.4542592e-07
1.2236573e-07
1.1662184e-07
6.896978e-07
8.1130753e-07
5.674227e-07
4.2063394e-07
3.163632e-07
2.3792126e-07
1.5532186e-07
7.774359e-08
4.671371e-08
1.9229945e-07
2.2320636e-07
1.2145881e-07
1.2357955e-08
5.9520937e-07
7.956906e-09
5.964119e-08
2.3301354e-07
4.2648537e-07
9.830908e-08
2.4354614e-07
6.1018005e-07
1.7983407e-07
1.6514699e-07
6.3765484e-08
8.3711935e-09
2.6331394e-08
2.500262e-07
7.3575586e-07
1.2489189e-06
4.529175e-09
6.307137e-07
8.63491e-09
2.8215132e-07
8.124291e-07
6.2622706e-07
2.2663658e-06
4.4316275e-06
2.8049112e-06
2.0501932e-07
5.770818e-07
5.069843e-07
1.04128176e-07
7.051117e-06
3.9724705e-06
4.1031174e-07
1.7230462e-07
1.5506621e-05
5.791798e-05
6.293931e-07
9.905738e-05
1.6473251e-07
0.00022187513
4.325745e-07
0.99375427
0.050528422
0.008070456
7.571316e-07
2.7002227e-06
9.564833e-06
0.000645614
8.047212e-07
7.190958e-06
5.4454853e-05
4.205917e-05
0.00032403914
2.2902936e-05
2.359025e-06
8.211603e-06
1.4686469e-06
0.0002582997
0.00044386947
7.660282e-06
2.452562e-07
8.525406e-07
2.5587664e-05
1.3466154e-06
0.00015824166
