2.3737885e-08
3.8224794e-08
2.5587214e-08
6.742143e-08
3.105786e-08
1.17494075e-07
3.588727e-08
3.6615095e-08
2.6861352e-10
1.7316387e-07
6.26561e-08
7.0054156e-08
2.9295143e-07
8.669343e-08
2.9517949e-08
4.713467e-10
9.414452e-08
2.7778173e-09
2.2854987e-07
3.2900455e-10
7.876667e-08
5.6969338e-08
6.8639984e-08
5.6461687e-08
1.1469582e-07
1.4989104e-07
2.0782484e-07
2.1290164e-07
8.978903e-08
1.3789561e-07
9.215853e-08
2.1843817e-07
3.9390267e-07
4.6645437e-07
1.6985414e-08
2.6275782e-07
3.842711e-08
5.8925515e-08
2.4076162e-08
2.9277848e-08
1.5871825e-09
2.7789367e-08
6.4986386e-07
2.0419636e-08
1.6559706e-08
1.5029274e-06
6.634928e-08
1.6689274e-09
1.3931887e-06
6.5398964e-08
1.5961056e-07
3.070193e-07
7.5024204e-08
1.7226775e-07
7.7370754e-07
2.7824083e-07
5.9982233e-07
5.3920722e-08
4.5649296e-07
1.1641615e-07
2.7174204e-07
1.5787432e-06
1.3431552e-06
1.2170952e-06
1.6053315e-06
6.011375e-07
3.1325584e-07
1.6408729e-06
2.5538986e-07
4.6830028e-06
1.9969152e-06
9.734236e-08
5.980807e-07
1.6268344e-06
1.3956383e-05
3.7605957e-07
8.466624e-07
3.4519965e-06
1.0118406e-06
1.2651354e-06
3.3245065e-05
3.0599153e-05
0.9879949
1.6090125e-06
8.04264e-05
0.0065824706
0.0016427117
0.025526505
0.00022852124
7.0351193e-06
6.021504e-06
0.0018723834
0.00033930305
3.4416516e-05
7.4157746e-05
5.3231728e-05
7.90373e-06
0.0001289399
0.00013036287
1.5699963e-05
