1.7556854e-08
1.4403936e-08
4.665055e-08
6.432199e-08
4.434009e-09
3.6401214e-08
1.742207e-07
1.7118362e-08
4.9056975e-08
3.2217065e-07
3.6607406e-10
2.3710966e-08
1.11368614e-07
1.8931557e-07
8.627502e-09
2.6682583e-08
9.035401e-09
1.8542641e-08
8.9227306e-08
4.968973e-09
2.878199e-07
2.6159757e-08
3.3211162e-08
1.9943953e-07
8.877956e-08
9.532056e-08
2.6914267e-07
8.2664535e-08
1.8554344e-07
4.3828257e-09
3.78629e-07
1.8413652e-09
2.2713305e-08
1.3576746e-07
1.6146641e-08
5.649228e-08
2.8228504e-07
3.893803e-08
1.5225791e-07
3.5922807e-07
4.5581638e-07
8.443365e-09
1.3077432e-08
2.0353509e-08
5.3337903e-09
7.2122766e-08
3.1036177e-07
2.9520078e-07
1.4446947e-07
1.17276656e-07
6.624968e-08
1.3372049e-07
2.933282e-07
6.2494703e-09
1.3986327e-08
8.732844e-07
2.4204007e-07
3.1466783e-08
2.9022544e-07
5.258735e-07
4.397586e-08
3.961987e-07
1.4118e-08
3.909227e-07
6.9074105e-07
2.6056466e-07
4.101073e-07
2.0244596e-07
2.583374e-06
8.8096975e-08
2.238475e-06
8.359202e-06
4.549946e-05
3.7278947e-05
1.6968941e-05
2.3257512e-07
0.00013126513
7.059925e-07
1.9889599e-06
8.770887e-06
0.0005605656
0.0042784307
7.841218e-05
0.00010977506
0.031190742
0.9181303
5.8062606e-06
1.2032741e-06
8.8116184e-07
6.0328157e-06
2.7868848e-05
3.2310025e-05
1.2774875e-06
8.152875e-06
0.01040678
0.0010363932
1.6234668e-06
9.296314e-05
5.9317354e-06
3.3878814e-06
