1.8788556e-08
2.388133e-08
4.954738e-08
7.7402525e-08
4.2372332e-09
1.8772248e-09
4.580979e-09
7.7581475e-08
5.586344e-08
1.5484765e-09
2.4256945e-08
1.12604e-08
2.5460548e-07
6.196861e-09
1.2875759e-08
1.3474944e-08
4.1135313e-09
4.327523e-08
6.9709415e-08
6.443689e-08
1.0540329e-07
4.889057e-08
1.5314531e-07
1.4785401e-07
1.8310995e-07
4.4627583e-07
6.209452e-08
2.7849686e-07
3.314836e-07
1.13050696e-07
1.3133403e-07
1.2497065e-07
1.7710853e-07
2.6436496e-07
3.9008594e-07
1.2173098e-07
5.282115e-08
1.860709e-08
1.0106539e-08
3.8051144e-07
1.3162399e-07
1.0258073e-08
1.1127053e-08
3.33761e-07
3.9682373e-09
2.243886e-08
1.3004316e-07
6.244866e-08
3.1285644e-08
4.693126e-08
1.3904416e-07
5.72272e-07
7.1882374e-07
1.2610078e-06
2.1801645e-08
3.5040676e-07
3.1354924e-07
3.2867268e-07
1.8160078e-07
2.33696e-06
7.62973e-07
7.719253e-07
5.0362764e-06
1.2284862e-07
2.784875e-07
9.545776e-08
3.892395e-06
4.8345213e-05
1.4520563e-05
9.249455e-06
3.135992e-05
0.0002348286
0.00026204082
4.185579e-07
6.444884e-07
0.0047511877
0.00016529436
2.145121e-06
0.00014562889
0.00014747468
0.9833749
1.1967027e-06
2.0726298e-05
4.4110775e-06
3.6400183e-06
7.2366724e-06
0.09828131
5.7559834e-07
4.2089164e-06
1.0784419e-06
1.0047877e-06
5.4576058e-06
7.846102e-06
4.071615e-05
2.2453118e-07
0.0011860876
4.3426962e-06
1.4309019e-07
6.674437e-07
0.00013254753
