2.8282297e-08
4.0546144e-09
5.4278484e-08
8.262597e-08
1.2047129e-12
1.4394887e-07
2.3317928e-10
7.139729e-08
1.6748192e-08
3.7963172e-08
2.9815425e-08
9.5469e-08
1.8110848e-08
4.0221053e-09
2.8041226e-08
1.3835727e-07
7.065879e-09
2.783537e-08
1.2801848e-07
3.4497415e-08
7.733035e-08
1.7243275e-07
1.5194769e-07
2.17146e-07
4.4564615e-08
2.692503e-07
4.2932515e-07
2.7687884e-07
3.305457e-07
4.2034262e-07
3.6370454e-07
3.603326e-07
4.8089663e-07
4.6670445e-09
6.56552e-08
7.205117e-08
4.4187004e-07
1.5399057e-07
2.3382032e-08
5.4171335e-07
1.1222451e-06
1.7180056e-07
5.004735e-07
3.396568e-07
7.6820776e-08
5.1081976e-08
8.4107836e-07
8.833488e-07
1.8682881e-07
7.217689e-07
5.440967e-07
1.5657496e-07
8.8479044e-07
1.0525152e-06
1.08726e-06
1.7717782e-06
2.0734626e-06
7.647509e-06
2.8869322e-06
5.472574e-06
1.1355081e-05
1.7576134e-06
1.0395195e-06
3.069977e-06
2.1145395e-05
7.2574665e-07
6.595304e-07
1.5559901e-06
3.5930495e-06
2.347819e-05
0.00019013061
4.3909866e-05
0.00012375388
1.5186533e-05
0.0001690345
0.00012283713
8.348155e-05
8.658514e-06
7.4071584e-05
3.4913992e-05
1.13475935e-05
2.456663e-06
0.00020458507
1.1583023e-05
3.0699806e-07
0.0022440446
6.499491e-07
2.4698671e-05
0.5133468
0.6556594
3.384156e-07
0.0027006124
1.9287004e-08
3.0194525e-07
1.1694669e-06
9.900576e-06
6.350154e-05
3.937297e-05
7.9400235e-07
6.339996e-06
