1.0127001e-08
9.9746025e-09
1.5246957e-08
2.4023075e-08
1.8572182e-08
3.8657813e-08
4.714806e-10
9.975441e-09
6.376252e-09
1.0932398e-09
1.9309267e-07
8.668204e-09
8.626904e-08
8.038012e-09
3.3546482e-10
4.5342813e-07
2.933327e-07
5.914527e-09
2.0101252e-08
1.2036315e-07
1.531764e-07
9.735164e-08
9.032239e-08
1.8388993e-08
1.3352074e-07
4.0656238e-07
3.5946275e-07
5.7771935e-08
1.1383142e-07
3.5147164e-07
2.1648876e-07
6.9797634e-10
4.0846143e-07
8.1700954e-08
2.5889375e-07
3.777842e-09
4.0425807e-10
1.1668792e-07
2.2382704e-07
1.529372e-07
1.9318509e-07
6.043802e-08
1.1912001e-08
2.8195032e-07
6.15409e-08
8.123841e-08
3.2317712e-07
2.6913247e-07
3.291822e-07
5.385789e-07
2.531484e-07
2.0645862e-07
2.4735678e-07
4.605477e-07
1.7006754e-06
1.9994068e-06
2.6248567e-06
1.151717e-06
5.3207414e-06
7.3218066e-06
2.5189986e-05
3.617147e-05
8.413278e-06
6.7533006e-06
3.8147715e-05
0.00018430628
0.0001079135
4.4744975e-05
3.0285062e-05
0.00013365243
2.6567188e-05
6.75211e-05
2.699171e-06
4.3395917e-07
9.847497e-06
0.00040860078
0.00019371498
1.804191e-07
7.3201586e-06
0.783088
0.20518298
1.7874607e-05
9.078571e-07
0.005756761
4.1891678e-07
7.791574e-07
2.4118262e-06
1.0143418e-06
5.3586846e-06
1.5309312e-06
4.943055e-07
1.8847267e-07
5.552876e-07
6.7087745e-07
1.8562172e-06
1.6881215e-06
0.0011095233
1.891913e-05
8.247576e-06
1.9291238e-06
