1.2942297e-08
1.6111354e-08
8.926147e-09
2.7078393e-08
1.5707284e-08
4.2343146e-08
1.01895616e-07
8.050427e-09
3.8438326e-08
1.615317e-08
1.6467351e-07
7.8453425e-08
2.5338173e-07
1.8353022e-08
1.1844046e-08
1.1942811e-09
2.3546315e-08
1.4305691e-07
8.332474e-08
1.988727e-08
1.5242928e-07
5.2302298e-08
1.9729997e-07
8.037623e-08
7.260844e-08
1.4243476e-07
3.822352e-07
4.6052614e-07
1.1146988e-07
3.9504914e-07
4.435157e-07
4.444437e-09
4.536224e-08
4.4536196e-07
4.040332e-07
2.771023e-07
4.7226184e-10
1.16323584e-07
1.5003214e-07
1.6342806e-07
1.1603446e-07
2.2239008e-09
2.4101569e-08
2.0124192e-07
1.0435875e-08
3.0992492e-08
1.9779827e-07
5.8478156e-07
2.4507162e-07
1.0611362e-07
2.753064e-07
6.75824e-08
1.06883775e-07
1.9937984e-07
1.9967673e-07
3.4518078e-07
1.1736794e-06
7.723045e-07
7.0005956e-07
1.7298036e-07
9.1903377e-07
1.9968962e-07
9.358974e-07
2.916336e-07
1.1413474e-06
4.0918061e-07
1.5859521e-07
6.393711e-07
4.432998e-07
1.6413597e-06
3.5441244e-06
2.9934818e-06
8.041323e-07
8.456122e-07
5.44276e-06
1.1841155e-06
1.9682077e-05
4.452953e-06
5.4771334e-07
8.807004e-06
9.680158e-06
3.7477944e-06
5.884696e-06
1.8136257e-05
6.0087532e-05
4.5052948e-05
0.00026421758
0.00039211797
0.00016593165
8.078999e-05
0.0012108966
2.5357795e-05
0.0029214954
0.008785145
0.89924496
0.085488126
4.7681857e-05
1.832263e-06
3.4497953e-05
1.5716781e-06
