1.473312e-08
1.236966e-09
1.89868e-08
4.785166e-09
1.9811172e-11
2.6254694e-09
1.7903009e-08
8.216213e-08
5.7177467e-09
6.4621832e-09
3.061139e-09
1.5774154e-08
1.0511413e-08
8.351069e-09
3.910704e-08
8.282573e-08
5.3530014e-10
2.5541828e-08
9.9759205e-09
4.86383e-08
4.7895057e-08
6.341208e-09
6.025509e-08
1.3789796e-07
1.4910457e-07
1.3796527e-07
4.4886704e-08
1.1097926e-09
4.2306933e-08
1.1473736e-07
3.956276e-07
9.5561646e-08
1.13733186e-07
4.5184046e-07
1.9390721e-07
4.4447255e-08
2.8982264e-08
5.1063914e-08
5.720441e-08
2.7463333e-08
1.456472e-07
3.8181856e-08
5.497514e-08
1.02583115e-07
2.0656533e-07
1.3949617e-08
8.626417e-09
1.4937125e-06
2.1556566e-06
4.417196e-08
1.0393314e-08
1.095969e-06
6.901347e-07
3.8054065e-07
2.3968848e-06
1.3846524e-07
4.788195e-07
1.0311127e-06
3.6611054e-06
4.837021e-06
1.1892053e-05
6.643183e-06
2.9319614e-05
7.2490707e-06
2.6418607e-07
3.0050262e-07
3.0093372e-07
9.2023623e-07
5.865446e-05
9.744532e-07
0.000121653764
2.4333615e-06
8.9155986e-07
3.0229676e-06
0.00023438425
8.765144e-05
8.651999e-05
1.0783886e-05
7.612239e-06
4.558248e-06
7.2754497e-06
0.0015812617
0.00018843912
3.79408e-05
0.0007585527
0.000106651954
2.758627e-06
0.011363284
1.6120123e-07
4.3985743e-05
0.0042746565
0.8761283
1.3840881e-06
0.05008997
2.1868745e-07
3.530123e-06
1.3659801e-06
4.68142e-06
2.4026094e-05
2.901311e-05
