9.2417185e-09
2.818178e-08
3.6785785e-08
4.9215507e-09
5.2289926e-11
5.111019e-08
1.2004832e-08
1.212508e-07
2.3501887e-07
7.2039796e-08
4.0113637e-08
9.0247354e-10
3.308549e-08
1.2753412e-08
1.6540685e-07
1.9792537e-07
2.241238e-08
1.9094092e-07
2.1611343e-07
2.1683105e-07
2.2779368e-07
3.0335264e-07
4.1973948e-07
3.0228796e-07
2.913707e-07
2.2845498e-07
1.5961635e-07
9.2048424e-08
8.464791e-08
8.658243e-09
3.349481e-07
1.7181935e-06
1.9171648e-06
4.2894348e-07
2.8542246e-08
8.701111e-08
3.3974494e-08
6.07654e-09
2.088792e-08
3.4836924e-07
6.3097787e-07
6.8224773e-07
3.753323e-08
8.339322e-09
2.2057907e-07
1.538201e-07
2.7732864e-07
6.665339e-08
4.012173e-07
1.6556635e-07
5.754853e-07
2.8440215e-09
4.304532e-09
1.16285726e-07
3.7728945e-08
7.473035e-07
1.2852694e-06
6.546761e-07
2.3646811e-07
3.1368135e-08
9.078656e-07
1.1747484e-06
8.074417e-07
4.3804286e-07
6.1233927e-06
1.6919538e-06
1.7449037e-06
1.18917455e-07
1.0358743e-06
5.569273e-07
2.0521415e-07
3.7319287e-06
1.7673876e-06
1.6254737e-06
1.0273543e-05
7.673094e-05
9.937599e-06
1.31278675e-05
1.101672e-05
4.495563e-05
3.2954053e-06
0.0028896797
0.38632295
0.57603025
3.0240856e-06
9.791292e-05
2.622963e-05
5.7934252e-05
0.0033488767
0.0004930883
9.294062e-05
8.410392e-05
1.1983567e-05
4.6693893e-07
9.093399e-07
5.5436674e-05
2.7297665e-07
1.183239e-06
2.6506932e-06
0.00056688895
