1.2534272e-08
5.2544986e-09
2.4848621e-08
1.7082622e-09
5.7412013e-08
1.7713134e-08
1.90851e-09
2.0045168e-09
2.5947505e-08
2.8524832e-08
1.0843719e-08
7.3620967e-09
1.7049866e-08
3.3253678e-09
4.2458113e-09
2.29625e-08
6.727092e-08
3.8042773e-09
1.3509235e-09
6.820749e-08
1.790915e-08
2.7531582e-08
1.1512e-07
2.610702e-09
3.433975e-09
3.2645282e-08
2.0096502e-07
6.5019194e-08
8.899489e-08
8.702123e-08
6.1754726e-08
7.486342e-08
1.200332e-07
1.4924248e-07
3.050261e-07
2.043869e-09
1.8568471e-07
1.781071e-07
6.192596e-07
6.85478e-07
1.5415031e-09
3.3090608e-08
1.0691405e-06
2.9099843e-07
8.8214364e-07
8.04857e-09
2.5541547e-07
2.1119341e-07
1.1252965e-07
1.2131945e-06
3.2331016e-07
9.4453463e-07
3.0133523e-07
5.409745e-07
4.0776575e-07
9.245151e-07
8.681774e-07
3.0686914e-07
8.051656e-07
1.8780954e-08
3.2718297e-08
1.3633154e-06
1.4051598e-06
3.90382e-07
4.6868604e-07
8.468724e-08
2.2808745e-06
8.932232e-06
3.6589677e-07
1.728625e-06
5.522826e-07
1.6990896e-05
1.1991135e-07
2.4828669e-05
4.906338e-05
7.940734e-05
1.2317485e-06
0.00023893024
0.9914636
2.5019267e-07
3.9388137e-06
1.4464135e-06
0.081305996
0.0016149711
0.0028042342
3.6357415e-05
2.4485695e-05
0.003452122
7.449362e-07
1.0107659e-06
3.4929602e-07
6.6432854e-06
5.4262996e-06
8.587371e-05
0.00021233941
1.0614069e-05
0.00010648063
4.0361837e-07
9.970803e-06
0.00014250139
