7.867351e-09
6.9922235e-10
1.9048423e-08
4.6757595e-08
1.11768355e-08
8.763994e-08
1.13960175e-08
1.5353223e-07
2.5424798e-10
1.3905649e-08
1.5079738e-07
6.697437e-09
3.0967303e-08
2.0595733e-08
1.4544203e-07
2.5105475e-08
3.3153863e-10
1.6388917e-08
1.3811642e-07
1.3760688e-08
8.5737625e-08
6.769248e-08
3.1192783e-08
3.5754937e-08
9.151152e-08
3.5114038e-08
2.9302143e-07
2.8189632e-07
2.3532111e-07
1.9964808e-07
2.4556715e-07
4.3475072e-08
2.794448e-07
1.2543568e-07
6.536302e-09
8.491152e-08
5.571254e-07
2.1092093e-09
2.0519162e-09
1.0758971e-06
9.138072e-09
4.3198153e-07
2.856384e-10
4.3777322e-07
4.6847433e-07
1.10492024e-07
8.4091454e-08
3.905392e-07
8.0827306e-08
4.6803004e-07
4.3555715e-07
5.983401e-07
3.9106078e-07
1.5982582e-08
4.656654e-07
3.4346945e-07
2.41829e-07
1.7926733e-07
6.650557e-07
3.7337634e-07
1.8842539e-07
2.8335745e-07
3.154082e-07
7.801874e-07
8.306239e-07
6.266061e-07
3.0152557e-07
3.1783347e-07
4.391124e-06
1.4185816e-06
1.6588352e-06
5.301657e-07
2.8658453e-06
3.7998248e-06
1.0013985e-06
5.5577446e-05
2.2521588e-05
6.176438e-06
1.950198e-06
2.740136e-05
0.991721
6.135989e-06
0.00013820983
0.054436497
0.004308293
0.0014522261
1.48054605e-05
0.00021228491
1.4641888e-06
0.00016898334
4.410093e-05
1.9476422e-06
5.5275348e-05
4.1389423e-05
0.00028785787
0.000732203
6.4091446e-06
1.0991495e-05
0.0002993457
6.059505e-07
