8.581814e-09
1.9891239e-08
2.6704095e-08
2.9071506e-08
2.4219127e-09
3.1113984e-08
2.3267392e-09
3.863629e-08
3.0043513e-08
2.2065134e-08
7.406675e-08
9.443146e-09
2.9822098e-09
1.6417013e-07
6.9146683e-10
2.0788343e-07
3.05251e-08
9.062669e-10
6.109254e-08
2.4279782e-07
1.792785e-08
3.957772e-09
4.571251e-08
2.958198e-07
3.0356475e-08
1.4449253e-08
5.756591e-08
8.3796444e-08
1.0686847e-07
3.9441164e-07
5.316921e-07
4.910756e-08
3.1975938e-07
3.4975838e-07
5.811886e-08
6.315797e-07
7.1037746e-08
1.5630314e-07
2.0077785e-10
1.0178433e-09
1.3368772e-07
2.353228e-08
4.2425387e-07
1.0514344e-06
5.800736e-07
9.960912e-07
4.5963287e-08
2.9154332e-08
3.6241485e-07
5.602026e-07
1.506043e-07
1.4492935e-08
1.3646905e-07
3.2703204e-07
6.551391e-07
1.0548093e-06
1.4082491e-07
6.1945303e-07
8.42209e-08
3.8297654e-07
9.9549794e-08
1.4745936e-07
3.9988558e-07
1.2296762e-08
1.5296186e-07
2.6955837e-07
8.4618165e-07
4.2879296e-07
2.7199405e-06
2.0853604e-06
6.6413656e-07
1.1977237e-06
1.117427e-06
1.7775061e-06
8.261705e-06
3.4738268e-06
4.2532683e-06
1.6390584e-05
1.6552096e-05
1.1874849e-06
1.1642368e-05
7.2107764e-06
7.639272e-05
0.00016500379
0.00030607166
0.00027390383
0.00014573398
0.00014278012
3.3728116e-07
5.2720046e-05
4.1407784e-05
0.0026286119
0.9916921
0.0015544115
0.048410904
3.806129e-05
2.4515686e-05
0.0051656994
2.889057e-06
2.220896e-06
