1.8272688e-08
3.65088e-09
5.345377e-08
4.1594895e-08
9.4444516e-08
1.689866e-08
3.814375e-09
1.8145124e-07
3.6119552e-08
7.72912e-09
1.0892601e-08
2.6576716e-08
1.2373952e-09
3.91233e-10
3.0680507e-09
1.31914835e-08
2.7331214e-07
1.1761181e-09
1.554254e-07
1.3796993e-07
1.08705855e-07
1.1569266e-07
3.8952424e-09
6.458402e-09
2.2204203e-07
3.1273882e-07
1.9801169e-07
6.4649996e-08
1.1739565e-07
1.5749173e-07
8.737374e-08
1.07107375e-07
2.1272143e-07
1.3730504e-07
1.4231367e-07
1.8484866e-07
9.0602484e-08
8.760672e-09
2.527071e-08
9.900692e-10
4.6296475e-07
5.6750434e-07
3.949033e-08
1.7681168e-07
1.7137718e-07
1.0894135e-07
7.0133024e-07
1.0571781e-07
5.6100983e-08
2.5027634e-07
1.2269089e-07
1.1083071e-08
1.7316268e-07
1.2426797e-07
3.1005416e-07
1.04062714e-07
2.0634834e-08
4.079213e-07
3.8774164e-07
1.6587062e-07
4.5018498e-07
6.889906e-07
1.3110044e-09
4.7681584e-07
2.3865852e-07
1.070127e-07
1.6105456e-07
1.7070849e-07
1.083197e-06
1.2001205e-07
7.311972e-07
2.059664e-06
1.761368e-06
6.080324e-06
1.3557717e-05
2.287449e-05
5.042975e-07
1.6337663e-06
9.810813e-06
7.72399e-06
4.8292623e-06
5.1325886e-05
1.598048e-05
5.118688e-05
5.802729e-06
6.112476e-05
0.00025749387
0.010457288
0.9738612
0.2192058
1.056699e-06
1.37485285e-05
0.00018905694
0.0003994676
2.0182392e-06
7.93661e-05
0.00082789594
0.0007369349
1.7439551e-07
1.9573079e-05
