5.766058e-09
2.3350356e-08
2.2565416e-08
5.643702e-08
5.915951e-09
1.4817063e-08
2.6112097e-08
3.6301614e-08
1.7610427e-07
4.363163e-09
6.3552065e-08
1.0853349e-07
6.119508e-08
2.9531415e-09
4.9137412e-08
1.8080832e-09
2.2698934e-08
9.58048e-09
1.6436204e-09
2.1206161e-07
1.1596338e-07
1.5284867e-07
3.6861447e-08
5.115492e-07
3.3653964e-07
3.516527e-07
2.9687777e-07
1.8860814e-07
1.9183976e-07
2.7840132e-09
2.1477747e-07
4.0109292e-08
6.852087e-08
2.3657044e-07
1.4126375e-07
9.396031e-08
2.599301e-07
6.7140725e-08
2.8066214e-08
9.822326e-07
7.259334e-08
2.6057164e-08
2.4034538e-08
4.4887378e-07
6.8093634e-08
6.132039e-07
2.0378396e-07
6.563413e-08
9.313922e-08
7.855103e-08
3.1666875e-07
5.2895734e-07
3.082866e-08
1.20013e-07
5.7796353e-07
3.1548802e-07
8.6458886e-07
4.0675963e-07
8.815061e-08
7.04744e-08
1.0993464e-07
5.002991e-07
1.9774761e-06
1.1692068e-06
4.0650937e-07
2.5981512e-07
7.9925485e-07
9.020902e-07
4.819335e-07
1.8221518e-06
7.0591136e-07
3.780377e-07
1.1136366e-05
3.8642665e-06
3.4397724e-06
9.094607e-07
1.1254834e-05
1.695202e-06
6.986145e-05
6.6823995e-05
1.275294e-05
1.1316336e-05
6.778587e-05
8.609591e-05
0.0011885273
0.00032214078
0.014451094
0.984635
2.6938128e-06
3.5660332e-06
2.2561702e-05
0.00014900006
0.011540982
1.8145043e-05
0.00011051342
2.3505576e-05
0.002881733
5.181918e-07
7.988472e-06
2.9145328e-06
