2.6884102e-08
2.5904313e-08
2.5087946e-08
5.462746e-08
4.240103e-08
9.499143e-08
1.0925956e-07
3.6542975e-08
6.3082517e-10
6.604902e-10
2.566341e-08
1.5774098e-09
1.2326171e-08
2.0734267e-07
2.0725802e-08
4.003605e-08
1.9994005e-08
2.6568314e-08
2.9729378e-08
8.791309e-08
9.302963e-08
5.43098e-08
5.4345453e-08
3.23735e-08
3.7245865e-08
5.973739e-08
1.2369695e-07
3.6812384e-07
3.446275e-07
1.0741905e-07
4.081206e-07
1.1296429e-07
3.149017e-08
5.6332578e-08
3.5681487e-09
4.2272298e-08
2.0236266e-07
2.458362e-08
2.8896503e-07
5.995473e-08
1.0841294e-07
1.04580096e-07
3.005183e-07
5.9485797e-07
3.9537153e-07
3.2889338e-07
4.9613215e-07
2.341323e-07
2.6894872e-07
2.2629916e-08
2.3259192e-08
1.1926446e-07
1.5217847e-07
7.9941304e-07
1.8417917e-07
2.7286492e-07
1.230223e-06
7.635689e-07
8.857679e-08
5.1123044e-07
3.5675887e-07
4.5501724e-07
5.022255e-07
1.5036676e-07
1.013011e-06
3.4425977e-07
9.4822616e-07
8.0753904e-07
1.2405842e-07
1.5925783e-06
3.5946837e-06
2.2599645e-06
1.1012373e-06
2.6927664e-06
5.0365293e-06
4.72584e-06
1.2697132e-05
2.488868e-05
2.238715e-05
7.154584e-05
0.9893564
9.3705177e-07
2.3361132e-05
0.052243713
0.0014877132
0.0041789953
8.286827e-06
4.568438e-06
0.00022042451
0.00024274799
0.0024114975
7.237045e-05
8.251037e-07
5.8824753e-07
4.232098e-06
8.5352534e-05
0.000103027705
5.924538e-06
2.3784919e-08
9.659055e-08
