1.7562469e-08
3.0903752e-08
5.9933836e-09
4.789067e-08
8.851741e-09
1.2057009e-07
1.5047259e-07
4.590575e-08
5.811097e-08
4.8560973e-09
3.5497656e-08
4.9422745e-08
5.453432e-10
2.2654888e-08
1.7238811e-07
2.8214444e-09
6.9685484e-09
5.7284e-08
8.561121e-08
2.899795e-07
2.0263145e-07
6.186476e-08
6.1881224e-08
1.1284226e-07
1.6839907e-07
8.115956e-08
8.641528e-08
9.39246e-09
8.8365134e-08
8.618107e-08
3.868108e-08
1.1715179e-09
5.397213e-07
3.845808e-09
1.6327931e-09
2.1959688e-07
7.047019e-07
1.3338706e-07
2.0557374e-07
4.2627371e-07
9.195183e-08
2.9980728e-07
6.0208646e-07
8.791057e-08
4.6787284e-07
2.8772297e-07
1.7605903e-07
4.7794607e-08
1.7707778e-07
6.724909e-08
1.2316522e-07
9.575593e-07
3.0482303e-07
5.370944e-07
5.2040866e-07
1.5493113e-06
5.647639e-10
8.742206e-07
3.489794e-07
5.089065e-08
6.5187135e-07
1.3995613e-06
1.7968347e-06
4.6791138e-06
2.10296e-06
4.4621805e-07
1.33264715e-08
6.1156493e-07
2.664971e-07
1.8918943e-06
1.6111006e-05
9.386907e-06
2.1025087e-06
7.8084776e-07
5.51334e-07
5.8741665e-07
5.7756733e-05
0.98829484
0.00010267318
0.0058686994
0.0137414485
1.2883331e-06
4.908042e-06
0.0007727827
1.9607992e-06
2.8047161e-06
9.086943e-05
7.980174e-06
0.00014537753
0.0013835911
5.283678e-05
0.00016251024
1.5603337e-05
6.262387e-05
2.9719633e-05
1.7986203e-08
5.0985216e-07
1.1756165e-05
0.0005566044
9.239881e-07
