6.0003558e-09
2.9895968e-09
7.5338236e-10
3.2113565e-09
2.0738105e-08
6.950248e-09
2.9337422e-12
3.7117694e-08
1.2855101e-08
7.3931326e-11
1.17368394e-07
3.9042558e-07
9.63729e-09
1.0658392e-07
2.0244845e-07
1.0851807e-07
9.9212025e-09
1.7016166e-08
4.804467e-08
2.6211134e-07
5.072345e-07
3.15828e-07
1.4829246e-07
3.5878806e-08
1.2974839e-07
2.5819837e-08
5.725865e-08
5.8761145e-08
1.4474462e-08
1.9238307e-10
3.8877306e-07
3.6295398e-07
7.7890564e-07
6.970378e-07
3.448024e-07
8.658315e-08
1.9145399e-07
9.4794444e-08
1.8393709e-07
2.0776842e-08
7.7518095e-08
2.737387e-07
1.9314689e-08
2.2557347e-07
3.6948887e-07
4.1405406e-07
2.3597924e-07
3.4522216e-07
1.044936e-07
1.0077114e-08
4.4843694e-07
5.4578953e-07
8.599477e-08
2.3225726e-07
5.350223e-07
7.373131e-08
1.6281021e-08
9.1004324e-07
7.269629e-07
5.1911036e-07
1.4866785e-06
7.974638e-07
1.2486603e-06
1.626819e-06
3.910548e-06
8.48584e-06
7.924829e-06
8.260001e-06
1.37941615e-05
1.7064718e-05
0.000101135505
4.007159e-06
2.728964e-06
5.8735684e-05
0.00035794824
0.000700938
0.9918929
0.002834218
1.3859799e-06
7.300589e-07
6.2733325e-06
0.030400086
4.7384696e-05
2.156844e-05
3.0066736e-05
0.00014135819
5.485123e-06
0.0011403137
6.8342877e-07
6.0128066e-08
0.00024640886
7.0447015e-05
1.3702025e-08
3.975451e-07
2.0238159e-07
3.4839584e-06
4.2757816e-07
3.902191e-06
5.663228e-05
1.7977308e-06
