1.7550375e-10
3.09728e-08
4.2550052e-08
1.5642142e-08
8.627131e-10
3.4946712e-08
6.761612e-08
4.2106055e-11
1.1090288e-07
7.897373e-07
1.7752397e-08
2.0201507e-07
4.6537046e-10
1.3758814e-08
6.5530635e-08
2.4002347e-08
4.251862e-09
5.9538653e-08
9.152196e-08
1.8209069e-07
2.6426895e-07
2.42558e-07
1.5576721e-07
7.959011e-08
6.267474e-08
6.375854e-08
5.1081706e-08
2.4402762e-08
1.264063e-07
1.5852797e-07
2.2167936e-09
2.1593561e-07
1.0548352e-09
1.6247768e-07
1.1622331e-07
3.7221048e-07
5.594567e-09
8.35253e-09
2.4579154e-07
3.1638908e-07
2.3293778e-09
1.7935093e-07
1.764406e-08
3.2084394e-08
4.4217978e-07
1.6797057e-07
1.1594687e-07
7.6142605e-08
5.1528993e-08
3.6750458e-07
7.31046e-08
8.2633346e-07
5.193427e-07
2.4773234e-07
1.5290529e-09
4.0422485e-08
1.2082805e-06
3.1252546e-07
1.305776e-07
3.1978832e-08
2.7677527e-07
1.1682139e-06
9.931584e-07
2.1778985e-07
2.9760565e-07
2.1777412e-06
1.5634521e-06
3.0608767e-06
3.89271e-06
1.8803625e-05
2.4171984e-05
6.0162097e-07
1.2389853e-06
4.8194233e-06
7.5390344e-05
1.877946e-05
3.144661e-06
1.4365812e-06
9.25803e-06
3.3282737e-05
9.999755e-05
4.6356752e-05
4.6330784e-05
0.0007556805
0.9824197
0.017221637
1.6428047e-06
3.6125837e-06
8.238184e-06
0.0004397805
0.017109882
0.00077918166
1.0752885e-06
7.772606e-07
3.0211018e-07
4.4922348e-07
3.8453986e-06
0.000202417
0.00011189387
7.5466137e-06
