1.4211037e-08
2.0816382e-08
3.4813493e-08
6.684632e-11
8.1370055e-10
1.6684078e-08
6.9676254e-08
1.4756142e-08
2.2476482e-07
2.7753257e-08
1.1426968e-07
3.5699136e-07
1.1072076e-07
1.8989594e-07
3.5988146e-11
2.164214e-07
1.01250876e-07
1.2556659e-08
1.6656294e-08
2.5755845e-08
1.10784725e-07
2.7014073e-07
4.844399e-07
4.237763e-07
4.5080444e-07
7.198355e-07
3.0539212e-07
1.608063e-07
1.7434351e-07
2.323878e-07
1.2233798e-07
1.2051939e-07
1.37908e-07
1.4970806e-07
1.0266026e-07
8.026999e-08
2.9261178e-09
3.121855e-07
2.5548076e-07
1.0346887e-08
2.2015205e-07
2.6305525e-08
1.858312e-07
1.6288071e-07
3.9683147e-07
1.4343536e-07
1.6244645e-07
2.5480819e-07
4.0610783e-07
3.5556056e-07
7.93479e-09
3.6853604e-07
1.1467457e-07
5.334591e-07
1.1927474e-07
1.2430163e-06
9.036113e-07
2.4985388e-07
6.3127703e-07
1.9731817e-07
3.1455397e-08
1.9089106e-07
1.068926e-06
3.1022375e-07
2.1194671e-07
7.0165584e-07
4.4439383e-07
3.718102e-06
7.7028955e-07
1.120643e-07
9.872053e-07
3.5034466e-07
2.2580657e-06
1.8997379e-06
3.1637949e-06
1.2800948e-05
8.1407484e-07
1.750814e-05
6.5044486e-07
1.494864e-06
1.5456395e-05
7.3198544e-07
1.26855875e-05
5.8606843e-06
9.162716e-06
4.9898917e-06
0.0002847116
0.0011586344
1.5750796e-06
5.4972446e-05
8.817816e-05
0.000186874
4.1645955e-05
0.0018634994
0.00018322802
0.007772204
0.29469275
0.9215718
6.075436e-05
1.9395175e-05
