7.609063e-09
2.1179556e-08
1.3179962e-08
5.3499246e-08
7.3465735e-08
1.3854572e-08
2.8805718e-09
1.8892787e-07
8.914736e-08
1.0921727e-09
2.877082e-09
2.2619717e-07
1.907086e-09
1.3980112e-10
7.485498e-09
6.169562e-08
4.703765e-09
1.6851953e-08
6.85971e-08
2.6839123e-07
8.106764e-08
5.6665602e-08
1.0412256e-07
1.8882183e-07
1.9243915e-07
1.0733947e-07
1.3060844e-07
2.691043e-09
3.772328e-07
6.763356e-07
6.476148e-07
2.2528639e-07
1.6589393e-08
1.4152498e-07
1.0588391e-07
1.12551106e-07
1.1844915e-08
4.3489143e-07
3.3743317e-09
7.782908e-09
4.3330664e-07
5.6263573e-08
2.1270748e-07
2.5044667e-07
1.373417e-07
2.0346458e-07
7.4757776e-11
8.606003e-08
6.37173e-07
3.5109926e-07
1.5650971e-07
5.886709e-07
3.689868e-08
9.446821e-07
1.6871621e-07
1.2369686e-07
3.3639276e-07
1.700781e-06
2.5194134e-07
1.1164265e-06
2.27027e-08
3.540865e-08
2.2214795e-06
2.9774383e-06
5.181402e-07
2.8195214e-07
9.623021e-07
7.553106e-06
5.825804e-07
9.964703e-06
1.9365373e-07
2.7591732e-05
3.644298e-05
3.9823153e-05
4.4174038e-05
9.89996e-06
1.5667251e-06
3.6723102e-07
5.394789e-07
9.324581e-06
4.6308437e-06
1.8237919e-06
0.90225524
0.55629
8.306886e-07
0.0008703441
3.5278647e-06
0.006111376
0.00060272345
3.0427285e-05
2.9148581e-05
1.1502049e-06
0.0001922043
0.00014154133
3.2542703e-05
0.0002893935
9.45301e-06
0.00031869148
1.7266835e-06
6.149614e-06
