1.6861613e-08
3.382346e-08
2.0417257e-08
4.2489667e-08
7.2202017e-10
1.7913202e-08
1.8858877e-07
1.0955273e-07
7.2373254e-08
1.1507802e-07
2.7615949e-08
8.8646935e-08
5.734425e-08
8.458785e-08
1.081741e-09
2.8629534e-08
6.315542e-08
8.69725e-08
2.4357158e-07
4.3304865e-08
3.2690032e-08
7.42764e-08
1.9507311e-07
8.481529e-08
1.38007e-07
1.6242151e-07
4.4180254e-08
4.557888e-08
2.948756e-10
3.050964e-07
3.6911513e-07
3.1913646e-07
1.9265934e-07
6.681671e-09
3.3880355e-07
6.9405115e-07
1.5776469e-07
5.5567807e-07
5.216132e-08
3.1277274e-08
1.2396957e-07
4.4739534e-07
8.171384e-08
1.9622068e-07
2.3382317e-08
8.7188084e-08
7.533748e-08
1.4777396e-07
4.2796046e-08
1.03904654e-07
5.066821e-07
1.708195e-06
9.658885e-09
1.9723524e-07
5.7400143e-07
1.2268965e-06
2.7985408e-08
8.3670767e-07
6.464909e-08
1.2609694e-07
1.5323053e-06
3.9730035e-06
3.0272815e-06
2.040574e-06
1.2413835e-06
2.0667635e-07
3.516591e-07
4.0824912e-07
4.591198e-06
3.5929003e-07
1.0928503e-06
2.3294912e-07
1.0515364e-05
6.0846956e-05
0.00010897006
4.2916672e-05
6.4779024e-06
6.196464e-06
9.81012e-07
0.0013496301
0.0019221043
0.9893569
0.055730674
7.962127e-06
3.8393034e-07
2.0782176e-05
0.0030943125
1.8338594e-06
3.375681e-05
3.0833253e-06
0.00017347767
0.00011595008
3.4900015e-05
5.368444e-07
1.4747577e-05
1.0243724e-06
0.00018111411
8.840384e-06
1.1859649e-07
0.00034814797
