2.0989516e-08
4.5413684e-10
3.5963893e-08
9.571883e-08
1.2133884e-07
9.886583e-11
3.3412786e-10
7.810008e-09
1.068629e-07
1.1049599e-07
1.99826e-09
9.3953805e-09
1.7452333e-08
7.208839e-08
9.472265e-09
1.4555522e-08
1.0291744e-07
2.9084835e-09
1.4963045e-07
4.0820453e-10
4.293883e-07
6.840841e-08
5.1458017e-07
9.579716e-09
8.637342e-09
8.9440615e-09
4.9390085e-08
2.3340381e-07
3.9670667e-09
4.0342155e-08
1.0142698e-07
2.695997e-07
3.6269824e-07
1.6472034e-09
3.9829928e-08
5.556533e-07
6.629551e-07
3.03017e-07
1.2564692e-18
5.2464304e-07
2.4122983e-07
2.3656922e-07
4.5502958e-08
7.660901e-08
1.3228083e-07
4.6599777e-07
3.0319543e-07
1.749325e-08
1.7307247e-08
2.3865215e-07
3.6375337e-08
1.1714125e-07
1.6066348e-07
1.2481482e-07
1.0590028e-06
3.6875946e-07
6.3341867e-07
1.1653702e-07
2.5997798e-07
1.396896e-07
4.3748573e-06
1.2369798e-06
1.3018804e-06
2.3890316e-06
1.572845e-05
1.7320515e-05
6.360994e-07
2.3885818e-07
3.864544e-07
3.435071e-06
3.4898087e-05
0.0003994695
9.608077e-05
1.6766398e-06
0.00043902974
1.7909791e-06
0.004373687
0.00012716708
5.3999975e-05
0.00042018396
3.4999473e-06
2.5834509e-06
3.0990143e-06
3.5792593e-05
0.80475026
0.79339296
3.6222923e-06
8.30477e-06
0.001312945
2.947315e-07
6.5912235e-07
1.8494115e-05
1.48234285e-05
0.0018926058
3.335418e-08
8.538561e-06
2.8250843e-06
1.837271e-08
4.7013458e-07
5.4129017e-05
