1.3078235e-08
1.0086543e-10
3.3184104e-08
3.000542e-09
5.5116217e-08
7.7751544e-10
2.9200535e-08
3.4706222e-08
6.322647e-08
1.7362247e-08
9.983782e-10
6.983874e-08
2.1290926e-07
3.0467226e-07
5.674751e-08
6.900069e-08
1.2364481e-07
1.1851353e-07
1.0611597e-07
1.4753239e-07
2.559434e-08
3.2286998e-08
9.487516e-09
2.4733097e-08
2.8867019e-08
2.7011568e-08
3.5809087e-08
4.8615203e-08
7.342953e-08
1.439185e-08
4.728209e-07
6.353004e-08
1.4811937e-07
2.4494656e-07
4.432707e-09
4.7154902e-08
1.1492272e-10
4.3439194e-09
1.8572163e-07
3.0689384e-07
4.635244e-09
2.2517816e-07
3.3372316e-08
4.1758412e-08
9.5063837e-07
2.7960857e-07
2.98391e-07
1.791609e-07
4.639862e-07
6.83899e-07
2.8983317e-07
2.7858535e-08
3.4848533e-08
3.9072677e-07
1.9287838e-06
4.5184868e-07
2.120038e-06
3.352127e-06
3.845982e-06
4.933454e-06
1.6363741e-05
1.9316394e-05
4.0832145e-08
8.523211e-07
5.537706e-06
1.1328989e-06
1.9734027e-05
2.3251098e-06
6.4005403e-06
7.6898854e-05
9.7756605e-08
1.3107269e-06
1.4263845e-06
3.455507e-05
2.3996548e-05
5.5982007e-05
0.0005364257
1.5822186e-05
1.4581915e-06
1.3194746e-07
3.2061772e-07
0.89285105
0.02549683
0.000107585875
0.00018855788
0.009272874
3.4719884e-07
0.0025218895
7.106403e-05
7.41612e-07
4.8961635e-07
0.0010909782
2.0888014e-07
5.242981e-07
1.5782427e-07
3.754423e-07
4.565701e-06
1.6839584e-06
3.420074e-06
0.00010157661
