4.406995e-09
8.560604e-11
1.2097518e-08
8.1028295e-09
1.6679872e-08
2.4926164e-08
7.2138036e-08
2.9922045e-08
4.5595087e-11
5.4182325e-11
1.437937e-07
3.2948122e-09
2.9224947e-07
1.6419936e-08
2.346912e-07
1.03999085e-07
1.3941126e-07
4.151007e-10
1.0603763e-08
5.2894e-09
7.1963764e-09
1.4822453e-07
9.036277e-08
1.270333e-07
2.2153668e-07
2.6168078e-07
3.2616637e-07
3.4473805e-07
4.987483e-07
2.4528126e-07
7.915194e-07
5.9446216e-07
7.810995e-09
1.3472682e-07
1.9930816e-07
3.287263e-07
1.5468341e-08
2.5604697e-07
5.9617156e-07
8.8378826e-08
1.1162194e-08
3.3178762e-07
6.6051754e-08
1.1476443e-07
3.034258e-07
1.7387572e-07
1.2601691e-07
1.3067732e-07
2.0036937e-07
3.6932238e-07
4.8341775e-07
9.680551e-08
1.9435016e-07
4.862997e-09
3.159927e-07
2.4875646e-07
1.03718904e-07
2.2115647e-07
3.6975173e-08
1.3295457e-08
7.6868666e-08
1.0772004e-06
4.88571e-06
5.0993253e-06
9.0713013e-07
1.4409764e-07
3.3098054e-06
2.8266857e-08
2.9422782e-07
1.4194342e-05
2.0981386e-05
1.0573095e-05
7.4440425e-07
2.2617487e-06
1.6864173e-07
0.00010410612
0.9890051
3.551899e-07
0.0010104168
0.020140352
1.2245537e-05
1.968439e-06
5.6674242e-05
5.7219763e-06
1.52081375e-05
5.284678e-05
0.00032139238
1.3141067e-06
7.604011e-05
0.0050358977
1.8856555e-05
2.568401e-05
0.00017698415
1.6287989e-06
4.233144e-06
0.0007401322
6.112848e-06
1.7554737e-06
4.0542897e-08
2.7292074e-07
