1.2135479e-09
1.9262585e-09
1.8912834e-08
2.3381864e-08
1.0131148e-08
4.795071e-08
8.82133e-09
7.1733337e-13
5.786003e-08
2.1691484e-09
8.397448e-12
2.6003588e-07
3.3851556e-08
1.5901863e-08
4.1129518e-09
7.68783e-08
4.6158135e-08
3.5441182e-08
3.998116e-08
8.3435374e-08
3.5937836e-07
3.6908077e-07
2.8368046e-07
1.10180714e-07
7.9249226e-08
1.6758118e-08
1.1229345e-09
7.161228e-10
3.2847243e-08
6.440402e-08
9.390939e-08
3.2904427e-07
2.5167117e-07
2.0913521e-07
6.7871746e-08
9.59608e-07
5.668157e-07
1.1153962e-07
9.1732744e-07
4.7855635e-09
8.697964e-09
3.548847e-07
7.073896e-07
4.5164018e-07
1.373626e-07
5.0694916e-07
1.6436881e-07
4.008052e-07
1.0975274e-07
1.0160429e-06
5.806785e-08
2.0858158e-07
1.2525691e-06
3.3817523e-07
4.1450507e-10
1.4077426e-07
4.6663374e-07
9.211578e-07
3.994579e-07
8.07719e-07
2.3707516e-06
4.7382548e-07
9.0005966e-07
7.497375e-08
1.3761601e-08
1.0541639e-07
2.0699997e-06
3.4318126e-07
1.4442217e-05
1.9031324e-05
6.658895e-07
3.382731e-06
3.314209e-06
6.495395e-07
9.909287e-07
3.3719361e-06
8.16048e-06
1.0313968e-05
1.6591673e-07
5.9373915e-06
0.00023796201
0.00048279844
0.00013000643
0.00020674175
7.403172e-06
3.5504443e-05
5.4548942e-05
3.045517e-05
0.00063170237
0.00013005348
3.8586702e-05
0.8517891
0.19226217
4.0212237e-07
9.705665e-05
0.006544202
3.1306e-05
6.6040127e-07
4.7032036e-06
1.249992e-06
