5.7488265e-08
6.59294e-08
1.135885e-08
1.276155e-07
2.9429023e-10
5.9717067e-09
3.4395728e-09
2.1711208e-09
3.6056026e-08
4.5424478e-09
1.0536718e-07
1.0315154e-06
9.102941e-09
1.9155738e-11
9.586245e-08
9.745243e-08
1.117657e-07
1.3261685e-08
1.4604119e-08
2.2945859e-09
4.8773465e-09
4.9889724e-07
1.2486333e-07
2.5397382e-08
2.2255739e-08
3.33675e-08
5.6691302e-08
2.5808373e-07
6.340964e-07
5.16072e-08
8.49012e-07
4.3862382e-08
8.2418595e-08
6.804196e-07
4.198069e-07
7.258618e-08
4.7647055e-07
7.278021e-07
8.122005e-07
9.9420125e-09
1.29452395e-08
2.0651609e-07
2.628997e-08
2.05675e-07
5.6210945e-07
2.3135506e-07
1.19195604e-08
4.3040234e-08
3.364993e-08
2.1173246e-07
3.756412e-07
2.2431684e-07
3.9835544e-07
8.158869e-07
7.632012e-07
4.900169e-09
6.698241e-08
1.8111183e-07
5.815035e-07
2.4349174e-07
3.4393082e-07
3.4578417e-07
1.3463431e-06
1.3327027e-06
7.684007e-07
1.2071926e-06
6.411038e-07
1.2965819e-06
3.3606573e-06
2.668543e-07
7.3219744e-06
9.726542e-06
2.66506e-06
1.3640403e-06
2.5083298e-06
8.837465e-06
1.6532838e-05
5.655223e-07
5.041397e-06
1.4838954e-06
5.016818e-05
0.0002565345
1.8528746e-05
1.3549949e-05
7.600113e-05
0.00075161754
0.00016312847
0.00014097556
2.0933992e-05
0.00011761841
0.0037196435
9.608021e-07
0.9847901
2.568625e-06
4.546659e-06
3.257926e-05
0.002433004
3.6457182e-05
0.09648698
1.7969182e-07
