8.166244e-09
3.5901465e-08
6.292967e-08
4.2792987e-08
9.800285e-08
3.3669536e-09
1.0799557e-08
8.338846e-08
2.1785388e-08
2.226866e-07
1.8295859e-07
1.2842083e-08
1.5462535e-07
2.9093409e-08
2.3194072e-07
1.9282796e-08
6.0587837e-07
4.170281e-08
1.3611105e-08
1.5302597e-07
1.3985569e-07
7.2361365e-07
7.615652e-09
2.7687125e-07
6.860572e-07
3.1254746e-07
4.2941883e-07
6.43317e-07
1.9378207e-07
4.240779e-09
4.7586414e-07
1.1041401e-08
2.8818436e-08
2.6480694e-07
2.579997e-08
5.9078673e-08
7.4043975e-08
1.0348018e-07
4.7437962e-07
5.1750277e-07
7.783024e-08
2.7738724e-07
2.589713e-07
8.6981885e-07
4.033243e-07
2.9989684e-07
3.9182927e-07
3.9874067e-08
5.0267104e-08
1.782483e-07
1.017785e-06
1.10551646e-07
9.517181e-07
9.601778e-06
7.281201e-06
1.0821369e-06
3.8274297e-06
1.422641e-06
2.607237e-07
4.443237e-07
3.3979804e-06
6.0637836e-07
7.209326e-07
1.7339519e-06
1.8541903e-05
2.6180578e-05
5.640808e-05
7.272292e-05
7.112099e-07
3.202834e-06
1.7069056e-06
2.5505267e-06
0.0001704347
6.8414506e-06
4.1286384e-07
0.00018487527
4.7152753e-07
3.9565428e-05
0.0008274499
0.0026306023
4.9914033e-06
1.8595347e-05
2.2716793e-05
0.9327377
0.3210036
8.926689e-05
0.000220328
6.161095e-05
9.518562e-07
5.8449918e-05
0.00027867995
1.1946558e-05
3.2863636e-06
0.0033364745
2.2147414e-07
1.1540022e-05
8.523716e-05
1.0077663e-05
2.1173187e-06
5.3073967e-07
