1.7906338e-08
1.3076053e-08
1.2309773e-10
5.518574e-08
7.3311233e-09
4.535571e-09
2.5708907e-08
1.511895e-07
6.1786944e-09
9.215671e-08
5.2220472e-09
2.440615e-08
6.908645e-08
1.1518687e-08
2.7746635e-08
2.4849511e-08
1.532408e-09
2.6065938e-09
4.964689e-07
5.137596e-08
1.9462584e-07
9.63864e-08
1.7100406e-07
3.5721155e-07
2.544027e-07
2.3764355e-07
1.1720848e-07
4.8183953e-08
2.9378766e-08
4.8767156e-08
5.1588806e-08
4.153623e-08
6.276114e-09
9.828924e-09
7.065582e-08
2.578766e-07
6.4199805e-09
1.7339578e-07
2.6488852e-08
3.4430846e-07
8.920177e-08
1.2209055e-09
1.4175596e-07
1.3063546e-09
3.476105e-08
2.2635206e-07
1.1784577e-07
2.6997483e-08
5.699101e-07
1.5119149e-07
8.9358245e-08
8.822431e-08
1.29824205e-08
2.2795503e-07
4.4642468e-07
1.3735213e-07
7.533441e-08
2.5599755e-07
2.5651163e-08
8.596679e-07
3.3170582e-07
1.7688957e-06
5.3009904e-07
1.2866907e-06
4.6864548e-07
6.223175e-07
1.849278e-06
6.4175774e-06
6.663272e-06
5.227545e-06
1.071875e-06
1.5834663e-05
8.8837e-06
1.0956012e-05
9.401761e-06
2.8824509e-06
3.568758e-05
0.00032367572
0.000101614634
3.8093964e-07
1.9465847e-06
2.9808729e-05
0.00042755745
0.00020025116
0.00025775697
7.0893925e-08
3.4158213e-05
0.00015762642
0.00049391243
0.07875736
0.96720237
4.32315e-08
0.00897654
4.49056e-07
3.379802e-05
2.6441571e-06
4.463242e-07
1.4050759e-06
2.8574863e-07
5.025199e-05
