4.373764e-08
7.9550915e-08
1.0693971e-07
4.2949688e-10
2.3893563e-07
4.6754534e-10
7.298725e-09
6.416915e-08
9.451524e-08
2.682656e-09
2.6567834e-08
1.8019445e-07
7.5998535e-08
2.670662e-07
2.370607e-07
2.4307485e-07
1.928086e-07
1.0476152e-08
2.7109237e-09
7.297378e-08
6.6941395e-09
5.1673334e-07
6.149891e-07
5.1932474e-08
7.534644e-08
1.9372905e-07
1.2424142e-07
1.2645378e-07
1.815896e-07
3.002074e-07
2.2779042e-07
1.9778031e-07
1.82929e-07
1.6900424e-08
1.5373104e-09
4.3752546e-08
2.5614912e-07
3.4480334e-07
1.422909e-07
4.2052403e-10
2.7316153e-07
1.9114609e-08
3.146902e-07
6.0560255e-09
4.6323197e-07
4.1574086e-07
1.4241245e-08
4.9759844e-08
7.7008417e-07
4.1635278e-07
1.4244092e-07
1.05136984e-07
1.924925e-07
1.7152326e-08
4.0066436e-07
3.9122418e-07
9.7822245e-08
7.152575e-07
2.1680984e-07
2.8701203e-07
8.0608785e-08
3.6658057e-07
4.5295133e-07
9.289779e-07
1.5246784e-06
7.682997e-07
7.158666e-07
4.67566e-07
1.0397163e-06
9.233782e-07
4.7670123e-06
9.3457174e-07
7.3673477e-06
1.7856684e-05
2.94253e-06
2.382568e-06
2.0535263e-06
5.4673137e-07
5.944409e-07
2.5981376e-06
1.7945642e-05
9.2183414e-05
4.8220176e-05
0.00034368018
1.2271197e-05
0.00056786963
0.0062355017
2.8133783e-05
0.00013985956
0.973452
6.5387594e-06
0.0003707286
2.1974194e-05
0.052448522
0.00011489232
9.425827e-05
0.0010201233
2.3158058e-05
1.2085471e-05
2.0474972e-06
