2.3694122e-08
9.226775e-08
2.7024264e-08
3.099664e-09
1.5496681e-07
1.8945853e-10
4.774605e-08
5.49643e-09
2.3505871e-08
1.3852886e-07
6.538946e-08
3.5947195e-07
2.5450933e-07
2.381428e-07
3.1275601e-07
1.8420273e-07
1.3084733e-07
4.9247443e-08
7.5427096e-07
2.2842296e-07
1.0800117e-09
1.4800106e-07
4.0416342e-07
4.2581085e-08
5.2303182e-08
6.288442e-07
1.0153258e-06
2.9712362e-07
4.1391033e-07
2.2492665e-07
2.5289475e-08
2.7120808e-07
6.0032704e-07
5.655278e-07
1.7607593e-07
2.7369137e-07
4.6696772e-07
1.1295369e-08
2.6603763e-08
5.722799e-08
7.862693e-07
9.710725e-07
1.7125889e-06
2.0788652e-07
4.2522183e-07
5.1417965e-06
8.06945e-09
2.994561e-07
3.2835694e-06
6.2879786e-09
4.3412224e-06
4.4193944e-06
1.1506352e-05
2.5669294e-06
1.5918604e-05
2.2051127e-06
3.7473404e-07
8.182966e-08
4.3199202e-07
3.4549892e-05
6.902848e-05
3.8331345e-05
0.00061409414
0.6441118
0.06328426
0.0012386899
7.680967e-07
5.683638e-05
9.57531e-07
2.9235548e-06
8.65421e-06
0.00016151949
4.3533808e-05
1.2971563e-05
1.4698227e-06
2.0270338e-06
1.4660478e-05
1.149707e-06
5.665065e-07
7.044441e-07
1.4808777e-05
2.566457e-06
2.5946397e-06
2.201444e-07
6.172617e-07
0.00043800572
1.7826643e-06
7.7644174e-05
6.200196e-05
2.5563158e-05
9.040097e-08
8.432999e-06
1.8164092e-05
1.5471228e-06
1.1943749e-05
6.8396726e-06
5.674939e-06
1.7533267e-06
1.499513e-07
0.0058966693
