4.6790607e-08
5.8497623e-10
1.2590156e-07
3.4004785e-08
2.1819258e-07
1.5486637e-07
2.6201437e-08
6.9189234e-08
3.9172747e-08
2.0446674e-07
3.283284e-09
8.36403e-08
9.9965284e-08
5.514057e-08
7.882526e-08
1.7175965e-07
2.2122012e-07
1.576856e-07
3.108196e-09
6.688022e-08
7.055905e-08
4.5694892e-09
2.0971238e-07
5.6393667e-08
2.885921e-07
1.8629233e-08
3.6617686e-07
1.12718816e-07
2.6272392e-07
2.7012582e-08
6.962682e-08
1.036678e-06
1.5759106e-07
2.667492e-07
4.4982595e-08
8.7699374e-07
2.3015025e-07
1.0133994e-06
3.0614706e-06
2.6306415e-07
2.536163e-07
3.231795e-06
2.1939227e-06
2.326826e-06
3.3400775e-07
4.62236e-07
2.4301867e-06
4.5615707e-06
1.9153433e-05
5.608022e-06
8.814347e-06
5.5974154e-09
8.276262e-08
1.0757504e-05
3.3726145e-08
1.6208221e-05
2.977466e-05
8.618995e-05
4.0874933e-05
2.0136416e-07
9.318092e-05
1.9854275e-07
0.00020255952
0.0001929506
0.029172687
0.017980322
0.97785085
0.0003502581
0.0006502156
5.076963e-05
7.801219e-05
1.2017665e-05
2.463317e-05
2.3873046e-05
8.8517965e-07
2.2957369e-07
3.559897e-08
4.627548e-07
7.0662793e-07
1.2302352e-06
3.9256365e-06
4.724281e-07
1.4044227e-06
2.6189396e-06
9.833488e-06
6.2132713e-06
6.1904084e-06
1.8493865e-06
1.3532999e-06
1.4695914e-06
4.8488533e-07
2.1157193e-08
2.1601418e-06
3.4816728e-06
1.87772e-06
3.3576491e-06
4.078989e-05
0.00053428643
9.707802e-06
2.8395962e-05
