3.8437523e-08
1.930245e-07
3.55014e-08
9.253714e-09
8.34312e-08
3.283445e-08
3.998661e-08
5.0061675e-07
4.9500922e-08
8.141658e-09
3.1630452e-07
1.4381057e-07
1.3516532e-07
8.466581e-08
3.87306e-08
3.1258175e-08
3.4099873e-08
6.163677e-09
3.775768e-08
4.7892563e-08
1.6747346e-07
1.1891327e-08
3.2733936e-07
1.10992865e-07
1.517322e-07
1.3483115e-07
8.640418e-09
4.760162e-08
2.570426e-07
1.9333424e-07
1.0625699e-07
5.057716e-07
1.4733844e-07
1.2820867e-06
8.5576585e-07
2.8485965e-07
5.6477575e-07
4.3821174e-07
1.6198072e-07
1.2819294e-07
7.214137e-07
4.671976e-07
1.5600575e-08
1.4625427e-07
3.1177723e-07
8.9114036e-07
2.7347598e-06
8.4718295e-07
4.1068693e-06
3.5782243e-06
8.296167e-07
1.5461629e-06
1.5982972e-06
6.558215e-06
1.6933365e-05
4.2513196e-07
1.4474544e-07
7.135978e-07
3.5326768e-06
5.7956026e-06
1.9864498e-05
9.132975e-06
3.3168584e-05
2.0073689e-07
1.1913094e-06
1.527317e-06
2.308521e-06
9.302441e-05
3.951774e-07
1.981478e-05
2.486454e-06
3.0159622e-06
1.058196e-05
1.7824763e-06
3.7832815e-06
1.7343578e-05
7.4477093e-06
2.8066887e-07
0.00011307517
0.945824
8.026609e-07
1.9894167e-05
0.00012443577
0.004831092
0.03444795
0.00014965053
6.7987526e-06
4.549491e-05
0.0001587161
0.0004300238
0.0002948333
6.7613015e-05
1.895251e-06
3.668026e-06
1.790276e-05
2.951901e-06
1.7628379e-06
1.2710792e-07
3.287997e-05
1.0667157e-05
