3.1940523e-08
2.937698e-08
2.1081117e-08
7.795857e-09
7.255953e-08
8.375717e-08
1.3217416e-07
1.1416873e-07
1.0370404e-07
9.959433e-08
3.0781038e-07
3.0060434e-09
2.41468e-10
4.2393182e-07
4.9316543e-07
6.7669575e-08
2.3395849e-08
3.235291e-08
3.8116292e-07
6.377799e-08
5.5833134e-08
9.35405e-08
1.021435e-07
5.42248e-08
1.9892617e-07
3.8543493e-07
3.997409e-07
1.9027272e-08
1.1674402e-07
6.0727463e-09
7.14239e-08
4.9092273e-07
4.4055876e-10
9.1345885e-07
5.361886e-07
3.3543524e-09
2.51629e-07
4.598057e-07
2.0746098e-09
7.0554853e-07
4.7233823e-07
9.397059e-09
1.0750873e-07
5.010974e-07
6.633211e-08
6.838829e-07
1.6904805e-07
2.3443785e-07
9.456986e-08
3.371641e-07
3.0624378e-08
7.549438e-08
7.6716915e-08
1.6233083e-07
3.5548052e-07
3.2905822e-07
3.1401053e-06
2.501366e-06
4.483599e-05
4.339114e-05
2.7697186e-05
0.98220915
6.646782e-05
8.440673e-06
1.6296082e-06
3.7380022e-07
0.011654735
0.0010129227
0.016413208
1.7113562e-07
0.0010211368
3.8496594e-07
3.0257812e-07
1.3261309e-06
1.1748364e-05
3.073738e-05
9.49306e-07
4.9411955e-07
0.000111265945
1.2459328e-05
3.4499842e-06
3.119854e-07
0.00010957771
7.737131e-06
1.1379688e-06
7.0970686e-06
2.7300096e-08
3.7567239e-07
2.7862447e-07
4.2570413e-08
1.7381976e-06
9.661281e-07
7.556379e-07
7.31023e-12
7.539608e-07
9.126372e-08
1.7496399e-06
6.687516e-06
0.00028711627
0.00013128492
