2.7953819e-08
5.27692e-08
2.205735e-09
2.7297395e-08
6.977795e-08
1.2225104e-07
1.3133653e-07
3.147858e-08
1.6083281e-07
1.5399575e-08
1.18611766e-07
1.7674888e-10
2.8500997e-07
1.8991816e-08
3.1681306e-08
5.3722946e-09
3.223424e-07
3.4456036e-07
1.1623177e-07
1.1802044e-07
7.636687e-08
7.8643374e-08
1.3028081e-07
1.2647637e-07
1.3073567e-07
2.8338118e-07
4.0802036e-07
5.799401e-07
1.1680888e-10
5.217958e-10
9.236394e-08
2.0097254e-07
1.2320868e-07
7.956791e-09
2.777587e-07
8.938321e-09
4.44007e-07
7.519353e-08
2.7081171e-08
2.6233602e-07
4.0557222e-07
5.2373053e-08
6.376257e-08
6.035536e-07
4.5824123e-08
5.5577993e-07
6.210382e-07
1.050124e-07
2.0131802e-07
2.024217e-07
3.0374308e-09
4.9340983e-08
1.3463296e-07
2.888448e-09
5.6026124e-07
3.3839805e-07
1.863589e-07
2.464371e-07
3.5181841e-07
1.2993371e-07
5.187575e-07
2.1920678e-07
3.3632733e-07
3.088226e-07
1.9316747e-07
2.5238255e-06
2.2781069e-06
2.7774138e-07
1.3042485e-06
1.7242044e-06
9.939896e-06
1.1423317e-06
1.9732417e-05
5.4513806e-05
2.8203216e-05
9.104983e-07
3.6445465e-05
1.3001977e-06
0.00010644236
1.55865e-05
0.98153305
0.025243048
0.00093678205
0.00082941103
6.018761e-07
0.0002523777
8.436251e-06
4.869652e-06
6.820667e-05
0.013513095
4.5692292e-07
6.8270685e-07
4.837688e-07
0.0001108968
6.6197737e-07
5.313867e-06
1.472185e-07
1.04634566e-07
0.00039557257
2.3666257e-06
