2.2508013e-08
3.3057848e-08
3.5556116e-08
5.3243294e-09
1.6284775e-07
7.252178e-08
2.7116081e-07
2.9629652e-08
1.1869868e-07
7.3574654e-08
1.0564804e-08
5.034027e-10
1.6038499e-08
3.6310855e-08
1.205414e-08
1.0470653e-09
7.295404e-08
5.2806236e-08
1.2238462e-08
2.4130383e-08
6.823078e-08
4.6814696e-07
4.0148635e-07
4.9606584e-08
4.145e-08
2.427385e-07
2.0462764e-07
5.08277e-08
4.326409e-08
7.598721e-08
1.0605329e-07
1.6919222e-07
1.5472072e-07
1.4866927e-07
2.6886292e-08
5.305354e-12
9.855878e-08
2.592121e-09
2.0631609e-07
1.4517634e-07
9.146903e-08
2.989785e-07
9.297744e-09
2.4364674e-08
4.622993e-08
3.713959e-08
1.5145041e-07
1.110306e-07
1.351862e-07
2.4047247e-07
3.716888e-08
1.9456051e-07
6.6546426e-07
2.5080183e-07
4.6725393e-07
2.4331436e-07
3.207199e-08
5.84348e-08
7.765905e-07
1.3968404e-06
1.1738955e-07
3.5452354e-07
9.797986e-08
8.602634e-07
7.3730934e-07
4.0888417e-06
1.1349451e-06
1.00820905e-07
1.05152836e-07
1.4467389e-06
1.6720645e-05
6.8332656e-06
1.2807233e-06
6.765358e-07
1.371025e-06
1.8368412e-07
3.4637725e-07
9.482313e-07
1.6699056e-05
1.5731739e-06
5.9275717e-06
1.3144687e-06
4.023066e-05
0.00092967425
1.0707485e-05
1.4699222e-07
7.48802e-05
0.005163455
0.6829253
9.938297e-06
4.3559503e-05
0.00028801072
5.7638106e-05
0.29804194
0.000366723
0.0025967949
1.0110524e-06
0.00014292928
2.4450526e-05
7.51003e-06
