1.570932e-08
1.8192688e-08
2.2656618e-08
5.4787908e-09
6.794104e-09
1.2480167e-07
2.9698908e-09
3.3075142e-07
5.0993282e-08
2.7881967e-07
8.127623e-08
8.087388e-09
4.4714305e-08
2.8978457e-09
1.62708e-07
1.2644797e-07
1.4173574e-08
4.1409774e-07
6.0086265e-08
5.6072846e-08
2.930304e-08
6.50224e-08
1.3628652e-07
9.953134e-07
9.97987e-07
3.269059e-07
2.9534007e-07
2.224044e-07
1.9130171e-07
2.4324484e-07
3.160281e-07
3.2715116e-07
3.323686e-07
3.3566118e-07
1.0177053e-11
6.2256986e-09
2.7952519e-08
7.3031646e-07
6.541597e-07
1.6717417e-08
5.519344e-07
5.9255797e-07
7.562428e-07
4.980813e-07
7.990935e-08
1.1332282e-07
9.261736e-08
8.790199e-08
5.722421e-08
3.4843033e-08
6.476784e-10
5.5344043e-07
4.7468075e-07
1.3679292e-08
2.2522094e-07
1.6832924e-07
1.7136234e-07
5.851998e-07
1.5512434e-07
1.7933469e-07
3.4776917e-07
1.0296015e-06
1.6647255e-07
5.22461e-07
6.932559e-07
3.9729582e-07
3.4728603e-07
1.8540494e-07
6.8366495e-07
7.408133e-08
9.1618375e-08
1.0880149e-06
1.1709894e-06
0.9843951
0.0033979262
6.0099256e-07
1.6411402e-06
0.00026666195
0.12201902
0.00062102615
0.00026658314
0.00019440254
0.000121367215
5.964027e-06
1.991657e-06
2.8424818e-05
2.2355413e-05
1.0965157e-05
3.7256104e-05
2.9702358e-06
3.1809182e-06
9.110337e-06
1.3588159e-06
0.00018090456
3.4015462e-05
3.999209e-05
3.3402296e-06
1.0033841e-05
3.692762e-06
0.0026968915
