2.785292e-08
1.3029328e-08
1.135876e-09
7.852061e-08
8.533133e-08
6.491706e-08
2.2406646e-10
1.9204461e-07
3.7193922e-07
3.03911e-08
8.633362e-08
3.746197e-14
2.2654651e-08
2.5553007e-07
9.4837084e-08
1.8506172e-10
2.2204851e-08
9.8301356e-08
7.379763e-08
8.363408e-08
6.345013e-07
3.700043e-07
8.935189e-08
1.6777207e-07
1.365128e-07
1.2584708e-07
9.214148e-08
2.0321119e-07
1.3938348e-10
9.013178e-08
3.5717594e-08
9.348509e-08
2.5858768e-07
2.7546013e-08
5.1310977e-08
2.812494e-07
4.5946766e-08
5.2504525e-08
4.5389332e-09
2.2428171e-08
2.5091865e-08
1.8397591e-08
2.6098771e-08
8.596563e-09
3.9519557e-07
5.6891224e-08
2.228685e-08
4.4158888e-08
8.858374e-08
1.5527357e-07
1.3164578e-07
4.0040524e-07
4.58282e-07
6.1184943e-07
8.988785e-08
3.1055226e-08
4.676887e-08
5.8272514e-07
1.754883e-07
6.418427e-07
9.589623e-07
3.8108018e-07
3.4325328e-07
3.5073685e-07
8.2018164e-07
1.1832167e-06
1.2261227e-06
2.1210271e-06
1.0532865e-06
2.5234854e-06
5.894981e-07
9.626294e-07
1.8440052e-06
3.8131586e-06
2.6751413e-06
5.8950704e-06
1.7486427e-06
2.1417616e-05
6.817266e-05
0.00010551111
0.9424634
0.054834586
4.571393e-06
7.366104e-06
0.0023621037
0.00050003297
9.248234e-06
0.00010695756
0.010099863
1.2563134e-05
5.599374e-05
2.4088635e-05
1.225787e-05
0.00012418022
7.942597e-05
6.1003443e-06
0.00038357056
1.4634086e-05
5.8423626e-07
1.6528572e-06
