1.4028292e-08
2.6046528e-08
7.598705e-09
9.7209245e-09
3.3585447e-08
5.076941e-08
9.984781e-08
2.223554e-09
3.627956e-08
2.2491786e-09
4.0212335e-08
2.2589023e-07
3.4307415e-09
1.5030916e-07
1.3843281e-08
9.903509e-08
1.4101765e-07
1.1997999e-07
1.8034937e-07
6.089988e-08
5.7710448e-08
7.536209e-08
1.4058733e-07
1.5940552e-07
6.50686e-08
5.2019036e-08
1.8951576e-07
2.238988e-08
1.9201359e-07
3.725908e-07
5.64248e-08
1.4535552e-06
5.2494863e-07
9.734426e-08
3.4297472e-07
1.1982469e-07
2.3822268e-07
2.673325e-07
1.5023578e-07
6.486584e-07
3.5397275e-07
2.365594e-07
5.528937e-07
4.769847e-07
3.164272e-07
5.116922e-07
4.9322404e-07
5.491848e-07
7.360152e-07
2.4736947e-08
4.1678933e-07
2.1014413e-08
9.0018546e-07
2.5085171e-06
9.252143e-07
7.7771574e-07
4.068397e-06
8.983367e-08
2.1671336e-07
1.9304834e-07
2.9803878e-06
3.926083e-06
3.9201104e-06
1.3062181e-07
3.1501158e-06
2.6588878e-06
3.4623183e-06
6.45706e-06
2.6157936e-06
4.513426e-06
0.0074228044
0.9800887
7.0175207e-07
5.776932e-06
0.00016856799
1.4749405e-05
0.107355915
7.28936e-07
0.000633274
3.5306402e-05
0.0001951668
6.5089305e-05
3.094726e-05
1.1885916e-05
6.6866225e-05
2.5987163e-07
3.9237064e-05
0.0005214403
8.460719e-05
1.4504226e-06
4.023036e-06
8.6855125e-06
1.6749353e-05
1.8429648e-05
5.739228e-07
1.8191238e-05
0.00020924631
0.00021675983
1.5356868e-06
1.1251661e-06
