1.3590925e-08
2.1976115e-08
4.987661e-10
1.6366156e-09
3.4971512e-09
1.5880628e-08
6.232734e-08
2.7145058e-08
2.5781723e-08
1.5853015e-10
2.1526687e-09
5.1260264e-07
7.435363e-08
2.1652461e-07
9.35313e-11
1.1302128e-07
2.2518128e-08
1.0909796e-06
1.0257875e-06
1.5356247e-07
2.034107e-07
1.7269906e-07
5.711088e-08
3.9978815e-08
2.520342e-07
1.9506329e-08
3.993325e-08
1.8467189e-07
7.026567e-08
7.8123685e-09
5.3192872e-09
2.1475843e-08
7.7106634e-08
1.551988e-08
2.3522604e-09
3.6117328e-07
4.151507e-07
1.8922464e-07
2.0847675e-07
1.7701278e-07
1.5113057e-08
2.6182045e-07
5.3631146e-07
5.3768116e-07
2.1186683e-07
5.2335484e-08
1.5070859e-07
6.574917e-07
7.609339e-07
8.478631e-08
2.8705676e-07
9.941357e-08
5.8620356e-07
3.7399604e-07
4.7841295e-06
2.0055145e-06
2.2219485e-06
1.5618251e-06
9.6886936e-08
6.68817e-07
2.0269617e-07
1.3327784e-06
0.9772297
1.064294e-06
1.8202295e-06
0.017705338
0.024644855
0.00093021867
0.002665134
8.369049e-05
8.0735124e-05
0.00010464174
5.312753e-08
8.106887e-06
6.256183e-05
9.422117e-07
3.3467995e-06
4.9281402e-06
1.7130142e-05
1.7624025e-07
4.747352e-07
0.00017168467
1.4990377e-06
3.2330438e-06
2.8014013e-06
2.248534e-05
1.1234342e-05
2.2490081e-05
4.2194483e-07
2.2537508e-07
1.3964456e-06
3.701629e-05
1.4037384e-05
6.0379957e-06
1.1962098e-06
1.0975702e-06
0.000116182986
5.3412405e-06
8.175443e-07
0.00031185933
