7.044175e-09
1.1092329e-08
8.084954e-09
2.2241824e-08
4.7084288e-09
1.6307773e-08
2.2146004e-08
1.02187325e-08
1.2664152e-07
4.845617e-08
6.2237994e-08
3.7483246e-11
2.0148693e-07
3.20072e-08
1.0289551e-08
1.0931717e-07
1.2770967e-08
1.8517414e-09
1.7632691e-09
2.8796698e-09
7.8802245e-09
1.8791377e-08
2.4452785e-08
6.195957e-08
9.657268e-09
9.877831e-08
3.7336424e-08
4.5069198e-10
5.300788e-08
2.0521663e-08
4.309089e-10
8.927647e-09
2.0235159e-07
9.2992686e-08
1.3764795e-06
9.3861786e-07
2.5326965e-09
7.715631e-07
9.1954956e-07
1.2855886e-08
2.6017742e-07
1.0103604e-08
2.7787333e-08
1.2990533e-07
3.9395965e-07
1.5482247e-08
3.0485847e-08
3.347157e-07
1.4907447e-07
3.848269e-07
9.007686e-08
3.574767e-07
1.1320095e-08
1.5829549e-07
5.4441256e-07
5.517042e-07
5.6869464e-08
1.0155925e-06
2.1321599e-08
1.3984553e-06
7.635099e-07
6.3656967e-07
4.496714e-07
1.5452499e-06
1.5161203e-07
1.3762993e-06
1.7610618e-06
1.9357897e-07
0.86982673
2.1965683e-05
1.5157167e-05
0.04209031
8.042266e-06
0.0064857015
0.003921299
1.2742521e-05
2.1893922e-05
1.3371387e-05
0.00080297055
9.058043e-05
7.4188094e-05
5.347493e-06
1.823192e-06
0.00053646
3.0033422e-07
8.275115e-05
9.387852e-07
5.567375e-07
2.8434283e-06
2.8256877e-06
0.000116828734
4.22319e-05
3.5934474e-07
1.0706027e-07
4.5040025e-08
4.8654744e-07
6.5924214e-06
1.7822742e-06
3.995875e-06
4.705255e-05
