2.6749952e-08
7.56611e-09
3.0455503e-08
8.285332e-08
2.4618643e-09
3.6232002e-08
2.5880892e-08
8.022439e-10
4.9671486e-11
2.9851799e-09
4.4678668e-08
3.362071e-08
5.737892e-09
5.7808e-08
4.4510724e-08
1.8025126e-08
6.4699144e-09
3.9505125e-08
8.01353e-10
6.0122414e-07
2.8548914e-08
6.72304e-08
7.531555e-08
1.8173603e-07
1.6999574e-07
9.7694304e-08
4.3538563e-08
1.9385128e-07
3.7993996e-07
4.2275218e-07
1.2978885e-11
2.9633508e-08
2.4831506e-08
2.5850284e-07
1.4479936e-07
2.0943395e-07
3.1628073e-09
1.3860125e-07
2.4350088e-08
2.2119636e-08
1.3574381e-08
1.0386553e-08
3.501528e-07
4.3482618e-07
1.4929286e-07
1.8306825e-07
5.2531806e-08
7.1964143e-07
2.3173203e-07
2.2562163e-07
9.1883743e-07
1.9190227e-07
1.3787116e-08
7.339921e-07
6.0251864e-07
2.112244e-07
3.218106e-07
9.676495e-07
7.392513e-07
1.158369e-06
3.7013886e-06
1.165241e-05
2.039645e-05
1.8508174e-06
4.7582776e-06
1.5354815e-05
0.91757286
0.05519159
0.00011157907
0.0001230863
9.1772876e-05
2.3022512e-05
0.005779955
0.001586853
4.3025684e-05
0.00027187838
1.6134421e-06
3.6481302e-05
5.9892756e-07
6.513861e-06
6.68444e-07
1.8724709e-06
0.00011124577
1.4438753e-05
1.1838794e-06
2.1975911e-06
4.624785e-06
7.690665e-05
1.0921266e-06
1.449254e-06
3.4684387e-08
4.534097e-06
1.6625852e-06
1.2115064e-06
6.408307e-07
5.826203e-05
2.9744933e-05
5.826264e-06
7.178453e-07
0.000557294
