1.12391625e-08
1.5608235e-08
1.6850537e-08
3.4406487e-08
2.6568493e-08
2.25317e-08
4.3605585e-08
3.7415614e-08
4.633967e-08
1.0053299e-08
4.878057e-09
6.4060984e-08
6.296503e-08
3.2895044e-11
5.150204e-08
7.9727435e-08
8.473484e-09
2.9197835e-07
3.065544e-07
2.9976076e-07
3.6997497e-07
4.5795207e-07
2.698721e-07
2.2007133e-07
2.0278033e-07
2.0740512e-07
3.6236404e-08
9.598799e-11
2.3056195e-07
2.1359986e-07
1.9239299e-07
2.5197235e-07
1.209286e-07
2.3963995e-07
9.154894e-08
2.4333184e-08
4.0509877e-07
6.455756e-08
2.8353955e-07
1.4650284e-07
2.9083202e-07
2.1235243e-07
2.8946607e-07
5.264153e-07
7.3751494e-08
1.2309697e-08
1.3485341e-07
3.6012773e-07
3.2848584e-07
6.7134934e-08
4.8227776e-07
5.1241592e-08
1.1977107e-06
5.332521e-07
2.1079315e-07
8.0443704e-07
4.2821594e-07
3.180895e-07
2.103269e-06
1.9562397e-06
6.023185e-08
2.3405812e-06
2.2783229e-07
2.287433e-07
2.9338112e-06
3.2968603e-06
2.8755308e-06
4.0731427e-07
4.4615544e-07
3.0206863e-06
1.8089022e-06
1.7787064e-06
8.701694e-06
3.577593e-06
1.884711e-05
6.5786253e-06
2.2088445e-05
6.8755626e-06
1.3449054e-05
1.3880111e-05
0.00020355129
1.1118439e-06
1.2244628e-05
2.9844796e-05
0.00033129434
4.106676e-05
0.0003233821
0.0013580446
0.00019467408
0.00010339336
0.002358321
0.87213016
3.909921e-05
8.636522e-05
0.5638335
7.269224e-05
0.005849407
3.963056e-06
6.5794717e-07
4.0408327e-06
