9.403142e-10
8.6190735e-09
2.5630191e-08
2.1218925e-08
3.2720237e-08
4.307552e-08
1.0021184e-07
5.7377317e-08
2.4815516e-09
4.6444192e-08
1.5678205e-08
1.9788835e-09
3.0556087e-09
6.988456e-08
4.9638405e-08
1.3743008e-07
8.074725e-09
4.909858e-08
9.2669616e-08
6.760289e-08
3.3627563e-07
2.4785643e-07
1.5004844e-07
2.40014e-07
4.5351632e-07
4.1181087e-07
6.501978e-08
4.6994174e-07
5.298158e-07
3.4848853e-07
2.9393496e-07
2.425955e-08
1.7446965e-07
2.2485018e-07
2.1690546e-07
1.8283332e-07
2.2294384e-09
1.476373e-07
9.333934e-10
1.1586138e-07
3.2674652e-08
3.3340676e-08
3.2229883e-10
6.585654e-10
5.639157e-07
1.3438992e-08
7.0143244e-08
3.6700845e-07
3.5673074e-07
6.790378e-07
1.4364812e-07
6.5661214e-07
3.6998176e-07
1.1146539e-07
4.5682887e-07
2.6240286e-07
1.37859e-07
5.9458523e-07
6.455521e-08
3.473575e-07
1.1406352e-06
2.1909048e-07
9.227445e-08
3.320873e-07
6.0393995e-07
2.8935203e-06
2.2490848e-07
2.5630407e-06
1.3441071e-06
1.083557e-06
3.5580567e-06
2.1983392e-06
1.3525804e-05
9.996923e-05
6.5560176e-05
0.20645887
0.69672036
0.0055878027
1.0363583e-05
0.004014886
3.6345007e-06
8.320336e-06
1.1476018e-05
1.5775762e-05
1.11039e-05
8.7306355e-05
1.623565e-05
2.8034096e-06
5.0285116e-06
7.66657e-05
5.5943012e-05
0.0006579312
5.6278623e-08
6.079591e-07
6.347892e-05
3.1556938e-06
9.619508e-07
0.00073954195
1.458856e-05
4.4225388e-07
