7.846894e-09
2.296653e-08
1.7490764e-08
1.9401101e-08
8.1169944e-08
7.736497e-09
5.5286797e-09
4.013314e-11
1.05226405e-07
3.8227945e-08
9.289594e-08
8.819104e-08
2.6673199e-08
4.859414e-08
9.772861e-09
1.840085e-08
1.315165e-08
4.9557496e-08
3.70129e-08
4.5943928e-08
4.431306e-08
5.4363692e-08
6.697941e-08
7.208574e-08
6.932384e-08
5.9660687e-07
2.1516671e-07
1.6713238e-07
4.7902324e-07
3.6565197e-07
2.6554065e-07
1.9130415e-07
2.4431436e-08
2.6834443e-10
2.808418e-07
3.493227e-07
2.3962306e-07
2.5226417e-08
2.493266e-07
1.058725e-08
1.1434368e-07
1.849097e-07
3.2286092e-08
3.5194478e-07
1.3831705e-08
1.8381287e-07
2.641323e-07
4.0117195e-07
4.4455052e-07
5.7447966e-07
1.2537252e-07
2.4476103e-07
6.490367e-07
4.0311267e-08
2.4730232e-07
6.282152e-08
7.58748e-08
3.6668263e-07
2.1718797e-07
3.653254e-07
1.067063e-06
2.1753844e-07
1.4100312e-06
7.364303e-06
7.961952e-06
1.6742196e-06
2.310832e-08
8.633306e-08
1.0632355e-06
7.6880155e-05
4.281661e-05
7.2716493e-06
6.711764e-05
9.566589e-07
1.8084121e-07
0.00033203058
0.9531914
0.026934005
1.1936316e-07
1.0803652e-06
0.009042548
1.0741e-05
4.1577684e-07
0.0009844858
6.478006e-05
2.5709007e-05
9.552849e-06
1.2003446e-05
2.0891018e-06
6.270911e-05
3.341103e-06
7.427987e-05
1.4567025e-06
3.5365904e-08
3.094491e-06
1.2098392e-06
3.4918028e-06
5.040935e-07
0.0030136884
1.2763858e-05
