1.34122375e-08
1.7352718e-08
1.83965e-09
2.144122e-08
2.4917335e-09
3.8954962e-08
7.256886e-08
4.9070934e-08
3.0020684e-09
1.7158419e-07
4.9829545e-09
8.132861e-08
6.4535556e-08
2.7230904e-08
1.7908938e-09
8.334012e-08
1.0766989e-08
1.00602e-08
1.6309679e-07
1.9993651e-07
2.1991345e-07
2.4644976e-07
2.3319872e-07
2.2600017e-07
3.1602035e-08
2.970837e-08
1.488071e-07
1.6969638e-07
4.004724e-10
1.2095765e-07
1.5939688e-07
4.812452e-10
1.6692651e-07
1.4233244e-07
6.4653966e-07
3.3583948e-08
3.137925e-07
1.5571557e-07
8.734871e-08
1.3794596e-07
2.5207985e-08
1.4933492e-07
3.8071995e-08
7.930878e-08
2.2684199e-07
2.3331988e-07
1.1486139e-08
4.5158845e-07
4.8865807e-08
1.2287623e-07
5.953705e-07
2.1006156e-07
5.0082616e-07
9.602321e-07
1.3188733e-07
6.778222e-07
1.6267856e-07
4.0886724e-07
2.8246785e-07
3.2691563e-07
8.2170686e-07
5.2230644e-07
1.2329891e-06
3.5815553e-06
4.1859166e-06
1.7511311e-06
8.321215e-07
2.009129e-05
8.646555e-06
5.6910758e-05
5.757615e-06
0.9912567
3.357806e-05
4.0998166e-05
3.177098e-05
0.00028794378
0.00021252356
0.014641212
0.031704947
2.554999e-06
4.282731e-06
3.063004e-05
4.8204743e-06
2.8793822e-06
7.0410256e-06
5.9369354e-06
0.00037016926
1.718822e-06
2.3713542e-06
2.42028e-06
0.00034101013
0.00019800758
2.3419128e-08
4.4380548e-07
0.00012582501
1.2041313e-06
1.019751e-05
1.1567854e-10
5.8422825e-07
5.2066266e-06
