2.2885065e-08
4.5741533e-08
7.2273366e-08
1.00934734e-07
6.7260914e-10
3.1895824e-09
5.058525e-08
1.1347466e-08
5.8098824e-08
1.4294449e-07
1.3116997e-07
3.1580086e-07
1.2905491e-07
3.000961e-07
5.26525e-07
4.1155943e-07
2.9355814e-07
1.13888575e-07
7.168943e-08
1.1851041e-07
1.0909381e-07
3.1336807e-08
9.286193e-08
1.488566e-07
3.3707715e-07
2.445947e-07
2.3270131e-07
1.7355231e-07
3.482261e-08
2.879633e-07
2.2632709e-07
4.8154325e-10
2.536024e-07
1.52322e-09
2.6849692e-08
2.7659155e-07
4.4109065e-08
6.99295e-08
7.8282517e-07
3.7547122e-07
3.2393405e-08
2.3592284e-07
2.4342377e-08
5.764412e-07
3.498753e-07
3.0235012e-07
1.5338442e-07
1.9958903e-09
4.370374e-10
5.342829e-10
4.8433674e-07
1.3313397e-06
3.5040856e-07
6.648649e-07
1.3937439e-06
8.1011615e-07
2.5554518e-06
1.6161217e-06
2.797957e-08
5.097245e-07
1.0364e-06
4.3462933e-06
4.4902143e-07
1.0434916e-07
7.3546113e-07
7.3729313e-07
4.3413784e-06
1.9101835e-05
2.8195664e-05
1.1787758e-05
5.441067e-05
6.079013e-05
1.08074e-07
0.00019671998
0.00019300196
0.0027280266
1.5291979e-06
8.036241e-07
1.1803951e-05
9.034554e-06
7.779585e-05
0.00015682129
7.6606724e-05
7.087418e-06
0.6235785
2.9169241e-05
3.1028147e-05
0.495906
0.00021268176
1.9212252e-06
7.001445e-07
0.0035204424
1.6851797e-07
2.3521402e-06
6.299435e-06
8.5808475e-05
7.641065e-07
9.407351e-07
7.576777e-06
3.050272e-05
