1.8810617e-08
2.5809284e-08
1.1542349e-08
2.9262546e-08
5.923289e-08
7.662765e-09
6.7768276e-08
8.145187e-08
6.972346e-08
1.099339e-10
1.0544184e-07
4.021807e-07
9.435169e-10
6.561303e-08
1.5993121e-08
2.077814e-09
1.18929734e-07
6.243766e-09
1.5651094e-07
3.3976795e-07
5.367128e-08
5.6997916e-08
3.1962696e-08
3.5903142e-08
1.7812926e-07
1.9786593e-07
1.7761079e-07
1.3348478e-07
8.5539455e-08
3.2932667e-07
6.2437636e-07
6.404866e-07
5.3781577e-07
5.191415e-07
5.8976076e-07
2.656133e-09
9.127153e-07
9.36722e-08
2.8182293e-07
1.7519497e-08
5.9734106e-07
1.1632245e-09
3.413011e-08
1.4065172e-07
3.9919383e-09
1.7132234e-07
6.973181e-08
6.2866195e-07
4.5279168e-07
1.9018209e-07
2.7885065e-07
8.5425384e-08
2.3719203e-07
7.582698e-08
7.625124e-07
5.5993386e-08
2.4518638e-08
1.3053805e-08
1.1461175e-08
5.5111926e-08
6.3638737e-07
3.8088882e-07
9.620296e-07
4.2550892e-07
8.692776e-07
3.0039146e-07
1.2301686e-06
8.108757e-07
1.4044177e-06
1.3868284e-06
1.5499544e-06
8.6191557e-07
2.090524e-06
2.6132062e-07
1.3900709e-06
3.7914829e-06
3.3682513e-06
8.752479e-06
2.6406985e-06
5.1154234e-06
7.0367137e-06
9.024306e-06
3.521635e-05
3.2403063e-06
0.00010935122
2.3249186e-05
0.00032135288
4.193114e-05
2.6202813e-05
0.0011155341
0.00013194293
1.1438141e-05
0.0005481824
0.005397234
0.0013816075
0.82061356
0.47667703
4.7584675e-05
0.00011454799
3.7629757e-09
