2.328298e-08
3.5263724e-08
6.7299055e-09
1.7649313e-08
8.519214e-08
1.06204666e-07
1.8163925e-08
1.2848031e-07
1.1543728e-09
3.7399566e-08
1.019282e-09
5.4091757e-08
2.1613127e-07
3.736656e-08
2.8346461e-08
1.853248e-08
2.1911013e-07
1.5882287e-07
5.196437e-08
1.745655e-07
4.7613682e-07
3.7343293e-09
1.3449288e-07
1.3901169e-07
1.6715575e-07
2.4268329e-07
1.4542131e-07
1.4025544e-09
2.2016617e-07
2.2432394e-07
1.2968002e-07
2.5027123e-07
2.742521e-07
3.5977623e-09
7.753901e-09
1.18843595e-07
4.7084845e-07
1.0712779e-06
4.836944e-08
9.785216e-08
2.452849e-07
1.5246387e-07
4.954089e-07
3.2504524e-08
3.7670986e-07
1.9896643e-07
2.1601338e-06
4.721975e-07
9.383253e-07
8.135408e-07
2.8537772e-07
3.1267086e-06
6.228062e-07
4.826478e-07
5.4574184e-07
8.683317e-08
2.496242e-06
2.2656022e-06
5.62039e-06
4.6673404e-07
4.1799646e-07
3.8178473e-07
3.3123564e-07
2.5756278e-06
7.730316e-06
2.4769835e-07
1.8967265e-05
3.201577e-05
2.150839e-06
2.0642985e-06
1.3409192e-06
0.00010673446
0.00019583362
0.26094806
0.616708
0.007998605
4.2249857e-07
9.473264e-06
0.0009694873
1.263114e-05
3.7058446e-05
7.4629515e-06
1.6518505e-05
0.01011017
2.8449908e-06
7.374196e-05
6.3121945e-07
6.295411e-08
8.3896826e-05
0.000101779384
6.716849e-06
3.6485976e-06
0.0010689924
0.00015701754
9.682827e-08
4.7278616e-07
2.649251e-06
1.1650033e-06
7.11769e-06
2.1867075e-07
