9.8764135e-09
1.4596236e-08
2.5252971e-08
3.181182e-08
1.5291349e-10
6.339361e-09
2.6451593e-11
2.2004047e-08
7.5871306e-08
1.1496534e-08
1.27487745e-08
9.801615e-09
1.3154154e-08
1.8525395e-07
3.905083e-08
3.6644612e-10
2.3273672e-07
8.467087e-08
2.705406e-07
3.789137e-08
2.509546e-08
4.665043e-08
6.129489e-08
6.044529e-08
6.296604e-08
1.5729465e-07
4.0373465e-07
2.1684683e-07
1.4850707e-07
1.7386899e-09
1.3203116e-07
7.929455e-09
3.784897e-07
1.1463526e-09
8.750059e-08
3.054263e-08
1.8278488e-08
4.8850683e-09
8.177176e-08
1.7169015e-07
7.7375155e-08
3.3601555e-08
8.919212e-08
9.01194e-08
4.1319896e-07
6.1973213e-09
2.5098144e-08
1.2377059e-10
2.7672716e-08
1.9658911e-08
2.8585922e-07
3.429681e-07
5.873124e-07
6.869201e-07
1.0747591e-06
3.1524777e-07
7.7767476e-07
4.5049762e-07
3.8225924e-08
7.3625125e-07
1.2225386e-06
1.6791079e-06
1.3874325e-07
5.9844564e-07
1.1802586e-07
2.3758427e-07
1.2319481e-07
3.310701e-06
1.0088646e-06
3.1757264e-07
3.953393e-06
6.9780043e-07
4.899816e-07
2.3029147e-06
7.1776694e-06
2.2262366e-06
1.751185e-06
5.166971e-06
0.000114706374
2.0389856e-05
5.1556166e-05
0.000312508
1.705482e-06
0.00027242737
0.0017645266
0.00023349217
0.00011730488
0.8065351
0.6454513
5.849573e-07
3.163051e-05
2.0418624e-05
3.1966679e-06
7.593584e-05
8.703781e-06
2.6170128e-06
1.5049192e-08
2.287287e-05
2.1301526e-05
0.001902415
